NO_OF_FRAMES	1801
NO_OF_CAMERAS	12
NO_OF_MARKERS	22
FREQUENCY	30
NO_OF_ANALOG	0
ANALOG_FREQUENCY	0
DESCRIPTION--
TIME_STAMP--
DATA_INCLUDED	3D
MARKER_NAMES	Head	neck	lsho	lelb	lwri	lhan	rsho	relb	rwri	rhan	t10	root	lhip	lknee	lank	lfoot	ltoe	rhip	rknee	rank	rfoot	rtoe	
-44.356653	-122.162434	675.730569	-35.787439	-87.990211	426.118245	121.804000	-129.587290	431.139400	214.712725	-141.380824	158.316030	199.737801	-217.046524	-56.057907	229.719333	-193.088414	-158.137719	-189.609058	-118.918417	402.109236	-277.418819	-96.877940	134.528420	-294.845815	-179.812544	-76.998773	-309.106002	-153.276699	-182.065030	-16.607191	0.376159	198.663838	0.000000	0.000000	0.000000	91.671324	-231.010580	-31.957786	119.786554	-145.093798	-490.248378	159.854293	-44.401222	-874.023096	126.785417	-154.798762	-916.802054	122.475480	-215.728071	-914.886650	-125.289562	-219.146862	-37.613350	-134.856615	-117.593289	-496.499709	-163.426467	-34.649712	-887.193765	-133.322763	-151.080651	-909.423144	-119.256947	-210.515784	-913.882377	
-44.151231	-122.294052	675.742037	-35.595079	-88.011138	426.144444	122.001465	-129.589379	431.161375	215.123471	-141.694554	158.424383	200.307209	-217.915233	-55.763893	229.909547	-193.940331	-157.950374	-189.425071	-118.933703	402.181858	-276.974737	-96.264212	134.568368	-293.966241	-180.717699	-76.392527	-308.117448	-155.756811	-181.858729	-16.480102	0.329389	198.674504	0.000000	0.000000	0.000000	91.640341	-231.022866	-31.957835	119.838532	-145.120282	-490.245991	159.945258	-44.328882	-873.990694	126.938773	-154.739193	-916.784872	122.677873	-215.671779	-914.863985	-125.309061	-219.137571	-37.602525	-134.835063	-117.613686	-496.496306	-163.290161	-34.855271	-887.238000	-133.138639	-151.288665	-909.389575	-119.024063	-210.712481	-913.845568	
-43.894821	-122.429927	675.749361	-35.407853	-88.065290	426.160644	122.195370	-129.619281	431.168668	215.534539	-141.973360	158.517084	201.018340	-218.699891	-55.511070	230.232298	-194.632471	-157.787534	-189.247268	-118.956162	402.217685	-276.249051	-95.001537	134.537474	-292.577586	-182.474772	-75.241967	-306.253677	-160.514623	-181.435841	-16.356680	0.273785	198.684788	0.000000	0.000000	0.000000	91.597787	-231.039794	-31.957457	119.902003	-145.162416	-490.243801	160.030829	-44.202487	-873.941889	127.115668	-154.634865	-916.749467	122.916763	-215.571524	-914.821295	-125.323828	-219.127213	-37.613667	-134.814918	-117.628228	-496.513680	-163.172021	-35.078448	-887.306628	-132.937398	-151.501926	-909.396970	-118.760104	-210.910878	-913.852053	
-43.629119	-122.547883	675.740574	-35.263342	-88.186020	426.147383	122.349089	-129.709928	431.115023	215.885702	-142.074887	158.531605	201.860322	-219.168006	-55.397522	230.661274	-194.902526	-157.744299	-189.114391	-119.021036	402.207178	-275.161584	-92.980100	134.413264	-290.616714	-185.513699	-73.250584	-303.274556	-168.411834	-180.459388	-16.289386	0.218209	198.690385	0.000000	0.000000	0.000000	91.580219	-231.047194	-31.954303	119.990780	-145.204859	-490.240632	160.095380	-44.002267	-873.877322	127.310140	-154.468789	-916.696502	123.192323	-215.410741	-914.760760	-125.302242	-219.133616	-37.648266	-134.786110	-117.648471	-496.551489	-163.087349	-35.324905	-887.396202	-132.722954	-151.722840	-909.443113	-118.463562	-211.112185	-913.897587	
-43.417003	-122.639793	675.703162	-35.183319	-88.407646	426.087756	122.447258	-129.878830	430.918163	216.167271	-141.822632	158.378965	202.880641	-219.149650	-55.512898	231.142388	-194.574376	-157.936044	-189.055306	-119.184511	402.207366	-273.648839	-90.304410	134.241503	-288.080010	-190.241510	-70.037519	-299.104526	-180.012644	-178.297635	-16.338215	0.167190	198.686426	0.000000	0.000000	0.000000	91.651811	-231.020459	-31.942340	120.135824	-145.212568	-490.230560	160.124383	-43.696710	-873.796590	127.532110	-154.216534	-916.625538	123.527710	-215.165883	-914.684741	-125.190331	-219.188655	-37.700130	-134.721796	-117.705749	-496.602863	-163.045964	-35.626135	-887.497219	-132.482120	-151.977653	-909.513522	-118.106617	-211.339182	-913.965577	
-43.343147	-122.708546	675.630512	-35.177563	-88.744615	425.976233	122.495584	-130.092886	430.458395	216.399357	-141.034940	157.940391	204.170352	-218.575437	-55.937271	231.626798	-193.631172	-158.490176	-189.094435	-119.504323	402.364504	-271.741717	-87.306738	134.169478	-285.038450	-196.836033	-65.209890	-294.004193	-195.088396	-174.127214	-16.558995	0.117096	198.668183	0.000000	0.000000	0.000000	91.873508	-230.936321	-31.913856	120.366291	-145.138175	-490.203355	160.099506	-43.255770	-873.698727	127.790155	-153.856257	-916.533812	123.947477	-214.816016	-914.593014	-124.935705	-219.324405	-37.755271	-134.590689	-117.829497	-496.652767	-163.063164	-36.007549	-887.590365	-132.202032	-152.284003	-909.588515	-117.660537	-211.605417	-914.036180	
-43.506836	-122.756227	675.527374	-35.240674	-89.176886	425.824385	122.517707	-130.268520	429.614076	216.599089	-139.588651	157.097033	205.804498	-217.505603	-56.721013	232.080186	-192.239186	-159.504122	-189.241765	-120.027364	402.889941	-269.614168	-84.463024	134.428986	-281.663029	-205.045070	-58.548725	-288.603342	-212.307284	-167.385826	-16.977684	0.055857	198.632868	0.000000	0.000000	0.000000	92.263729	-230.786704	-31.870389	120.685450	-144.948605	-490.156820	159.997496	-42.673808	-873.591146	128.069732	-153.384797	-916.426897	124.444134	-214.358022	-914.491480	-124.522826	-219.551293	-37.800541	-134.384096	-118.025713	-496.686866	-163.157051	-36.466740	-887.657415	-131.892109	-152.636328	-909.649958	-117.129448	-211.903486	-914.092354	
-44.001623	-122.784135	675.409272	-35.337512	-89.662438	425.658655	122.559936	-130.306005	428.320802	216.773179	-137.494611	155.784752	207.769816	-216.146364	-57.847110	232.493000	-190.741576	-160.980675	-189.468446	-120.775630	403.986063	-267.575231	-82.241123	135.266410	-278.228493	-214.134250	-50.249931	-283.668027	-229.607346	-158.312029	-17.585257	-0.040183	198.580004	0.000000	0.000000	0.000000	92.769561	-230.590862	-31.819535	121.050647	-144.643801	-490.094243	159.790519	-41.981074	-873.483132	128.318221	-152.823657	-916.315628	124.951943	-213.812021	-914.388781	-123.995867	-219.843995	-37.831575	-134.126658	-118.273958	-496.702190	-163.344820	-36.963446	-887.691472	-131.597020	-153.000603	-909.691413	-116.572529	-212.202381	-914.127753	
-44.916408	-122.793827	675.302185	-35.426411	-90.168821	425.516210	122.660295	-130.143934	426.599788	216.898787	-134.962758	154.020266	209.921123	-214.844689	-59.230573	232.868096	-189.609032	-162.815172	-189.721240	-121.743272	405.761801	-265.970903	-80.893400	136.850837	-275.091451	-223.085499	-40.980051	-279.897551	-245.176158	-147.916136	-18.378171	-0.231831	198.508060	0.000000	0.000000	0.000000	93.248291	-230.405033	-31.766283	121.361013	-144.273752	-490.016764	159.450624	-41.259892	-873.376620	128.437615	-152.234341	-916.202681	125.333851	-213.236895	-914.284315	-123.486647	-220.125432	-37.860632	-133.891450	-118.520234	-496.717331	-163.648839	-37.413698	-887.708312	-131.412443	-153.312287	-909.728163	-116.124865	-212.447246	-914.156883	
-46.330469	-122.761638	675.219887	-35.503426	-90.684084	425.417385	122.798751	-129.801809	424.514496	216.915641	-132.361511	151.862394	212.028253	-213.993512	-60.782994	233.201021	-189.312172	-164.877742	-189.962274	-122.913112	408.159609	-265.054506	-80.253371	139.203975	-272.608410	-230.951316	-31.555124	-277.750092	-258.072565	-137.311557	-19.363753	-0.568451	198.413666	0.000000	0.000000	0.000000	93.493701	-230.312819	-31.713617	121.477571	-143.948357	-489.928095	158.958897	-40.655849	-873.272928	128.299951	-151.733108	-916.087388	125.401031	-212.745940	-914.175399	-123.206524	-220.271098	-37.925995	-133.805077	-118.679618	-496.781297	-164.101579	-37.701466	-887.757486	-131.483959	-153.488418	-909.803221	-115.990862	-212.570502	-914.223435	
-48.247672	-122.641360	675.137471	-35.579158	-91.221918	425.337928	122.926765	-129.381493	422.127014	216.786927	-130.056397	149.375251	213.930811	-213.865307	-62.458742	233.463462	-190.154766	-167.098395	-190.159670	-124.279236	410.979795	-264.846719	-79.747755	142.214801	-270.995552	-237.206704	-22.389187	-277.194997	-268.335095	-126.978921	-20.539800	-1.018356	198.293572	0.000000	0.000000	0.000000	93.350141	-230.379237	-31.654044	121.298747	-143.787885	-489.827852	158.322547	-40.316246	-873.168838	127.812414	-151.440713	-915.967099	125.005178	-212.457992	-914.060230	-123.316543	-220.190681	-38.035239	-133.965198	-118.678564	-496.906945	-164.714130	-37.714897	-887.850812	-131.924394	-153.447839	-909.924808	-116.336734	-212.505543	-914.338356	
-50.504941	-122.396458	674.992031	-35.617796	-91.823157	425.209865	123.044160	-129.024565	419.462715	216.567508	-128.211799	146.595654	215.700694	-214.487820	-64.263133	233.665881	-192.163512	-169.486935	-190.243238	-125.856314	413.949584	-265.151116	-78.725931	145.689697	-270.146245	-241.919889	-13.270621	-277.620651	-276.853692	-116.567208	-21.888749	-1.458765	198.146450	0.000000	0.000000	0.000000	92.848690	-230.592299	-31.577408	120.852496	-143.834524	-489.716362	157.591146	-40.283244	-873.063276	127.001255	-151.393063	-915.842632	124.159341	-212.408911	-913.941345	-123.760813	-219.927672	-38.113851	-134.327319	-118.507634	-497.007817	-165.419647	-37.407582	-887.896251	-132.689994	-153.150847	-910.005256	-117.132907	-212.216826	-914.415949	
-52.741418	-122.041632	674.737731	-35.515702	-92.548444	424.976022	123.231576	-128.859309	416.525383	216.411450	-126.735745	143.547890	217.643155	-215.634424	-66.216833	233.924530	-195.091990	-172.075685	-190.090549	-127.681765	416.830865	-265.747368	-76.912937	149.446494	-269.578110	-245.685765	-3.611207	-277.981775	-284.985451	-105.254384	-23.334845	-1.797190	197.978575	0.000000	0.000000	0.000000	92.244709	-230.848821	-31.473088	120.324668	-144.011044	-489.592223	156.851091	-40.452242	-872.957387	126.036976	-151.508629	-915.714560	123.080918	-212.519200	-913.818009	-124.267298	-219.639407	-38.128138	-134.731074	-118.307653	-497.043960	-166.122050	-36.907181	-887.846070	-133.596661	-152.698212	-910.006352	-118.153257	-211.793939	-914.418070	
-54.493366	-121.643295	674.392510	-35.161480	-93.451158	424.634695	123.586107	-128.982116	413.349963	216.489989	-125.404924	140.293591	220.126125	-216.956793	-68.298751	234.512202	-198.586128	-174.829173	-189.582812	-129.806599	419.495524	-266.558918	-74.487655	153.393432	-268.614168	-249.319576	7.259326	-277.064601	-293.999264	-92.132515	-24.772127	-2.069332	197.801215	0.000000	0.000000	0.000000	91.896322	-231.007401	-31.328373	119.975465	-144.164218	-489.446534	156.192397	-40.641689	-872.850855	125.156533	-151.647833	-915.578104	122.088996	-212.652973	-913.683846	-124.485740	-219.519547	-38.105834	-134.968324	-118.275060	-497.040487	-166.736265	-36.437146	-887.720757	-134.404767	-152.268450	-909.954179	-119.080453	-211.394907	-914.369429	
-55.341614	-121.269700	674.006713	-34.522405	-94.544381	424.207189	124.127668	-129.450744	409.984295	216.865393	-124.004440	136.902326	223.395416	-218.137939	-70.466849	235.782069	-202.361120	-177.662157	-188.681468	-132.276434	421.893674	-267.670225	-71.788589	157.511702	-266.616369	-253.458742	19.960088	-273.792941	-304.554181	-76.394337	-26.161886	-2.349310	197.619071	0.000000	0.000000	0.000000	92.087975	-230.957448	-31.133295	120.016162	-144.146876	-489.266864	155.672751	-40.697444	-872.743428	124.550388	-151.694674	-915.430897	121.446874	-212.698083	-913.539511	-124.154717	-219.707803	-38.100826	-134.870093	-118.529472	-497.044693	-167.213870	-36.178343	-887.569841	-134.927731	-152.004931	-909.893562	-119.655753	-211.144611	-914.313062	
-55.003769	-120.953792	673.624725	-33.599629	-95.807519	423.710715	124.851242	-130.249532	406.457892	217.509501	-122.336879	133.409275	227.572209	-218.943298	-72.677292	238.138070	-206.237786	-180.473877	-187.381522	-135.114717	424.098544	-269.143959	-69.163473	161.875038	-263.046309	-258.310724	34.943016	-267.645072	-316.359190	-57.553737	-27.527153	-2.684870	197.429249	0.000000	0.000000	0.000000	92.981724	-230.633407	-30.877995	120.575126	-143.853870	-489.037729	155.320936	-40.516134	-872.627998	124.340348	-151.571641	-915.266993	121.327243	-212.579739	-913.380645	-123.138481	-220.271714	-38.142781	-134.324305	-119.091927	-497.075102	-167.531391	-36.228462	-887.419379	-135.047489	-151.980838	-909.840918	-119.707558	-211.102658	-914.264026	
-53.381626	-120.696170	673.261941	-32.266687	-97.214944	423.161409	125.902285	-131.249787	402.794861	218.447658	-120.120276	129.820141	232.774902	-219.216999	-74.826630	242.045022	-210.128928	-183.107021	-185.548516	-138.303720	426.397197	-270.786798	-67.033680	166.684189	-257.516961	-263.586870	52.157526	-258.883662	-328.252153	-35.950111	-28.843628	-3.100108	197.235127	0.000000	0.000000	0.000000	94.694861	-229.981315	-30.533555	121.742490	-143.215757	-488.728480	155.173985	-40.007902	-872.470486	124.636659	-151.206190	-915.057092	121.878828	-212.226546	-913.176776	-121.350922	-221.251805	-38.199187	-133.246438	-119.971240	-497.091430	-167.654312	-36.671680	-887.238839	-134.658842	-152.261124	-909.753751	-119.087241	-211.322157	-914.179423	
-50.569546	-120.480460	672.928243	-30.213604	-98.729600	422.608407	127.627943	-132.249405	399.091193	219.807622	-117.013399	126.191063	239.075936	-218.964026	-76.640229	247.631940	-214.154451	-185.253460	-182.855116	-141.757881	429.182055	-272.134958	-65.847128	172.155797	-250.113294	-268.628032	70.565673	-248.595306	-338.676706	-13.322951	-29.922776	-3.639518	197.065071	0.000000	0.000000	0.000000	97.291252	-228.958287	-30.055530	123.548557	-142.223810	-488.302309	155.286815	-39.111325	-872.213694	125.523927	-150.538161	-914.751177	123.200579	-211.576839	-912.878530	-118.754563	-222.658346	-38.186386	-131.620136	-121.243649	-497.022831	-167.543925	-37.610594	-886.962202	-133.699240	-152.939168	-909.554221	-117.710934	-211.888551	-913.982674	
-46.914264	-120.214738	672.683227	-27.154312	-100.199143	422.170943	130.365687	-133.026857	395.706220	221.580624	-112.881185	122.800197	246.080602	-218.538234	-77.554664	254.176060	-218.889011	-186.309028	-179.016224	-145.175117	432.620739	-272.687270	-65.651213	178.263679	-242.069872	-272.614180	87.961371	-239.050811	-346.305770	7.296278	-30.410491	-4.341325	196.976181	0.000000	0.000000	0.000000	100.490044	-227.651506	-29.451028	125.765910	-141.061294	-487.780267	155.666375	-37.949439	-871.839326	126.870553	-149.644088	-914.340062	125.085933	-210.701228	-912.478374	-115.631174	-224.329685	-37.989599	-129.679548	-122.905273	-496.789205	-167.221708	-38.955813	-886.508070	-132.344928	-153.966188	-909.152401	-115.821458	-212.767434	-913.585840	
-43.040340	-119.696877	672.643020	-23.070471	-101.358984	422.018978	134.227617	-133.401340	393.362573	223.383458	-108.082365	120.207132	252.692839	-218.835780	-76.720197	260.119587	-225.519256	-185.317369	-174.138411	-147.914564	436.341421	-272.176331	-65.630501	184.520594	-236.062843	-274.762727	101.543911	-233.875220	-350.382336	22.655944	-29.863525	-5.181468	197.039547	0.000000	0.000000	0.000000	103.410076	-226.418088	-28.844850	127.744296	-140.217885	-487.298552	156.209844	-36.965753	-871.428950	128.172638	-148.857622	-913.918139	126.809731	-209.926137	-912.073154	-112.862376	-225.811043	-37.537214	-128.075514	-124.684626	-496.365455	-166.830943	-40.225141	-885.855290	-131.170940	-154.992048	-908.515013	-114.196882	-213.664218	-912.956283	
-39.673201	-118.726711	672.911220	-18.228740	-102.015101	422.295295	139.092582	-133.334283	392.974633	224.675225	-103.413396	119.142456	257.414787	-221.045425	-73.202438	263.480106	-235.400951	-181.139003	-168.816777	-149.174527	439.421553	-270.666410	-64.409171	189.947473	-235.502126	-274.483327	108.966462	-237.330383	-350.629224	30.577164	-27.891554	-6.116962	197.301558	0.000000	0.000000	0.000000	104.819370	-225.815064	-28.482914	128.548509	-140.347007	-487.105378	156.719370	-36.788881	-871.175125	128.694221	-148.672773	-913.693268	127.335032	-209.742147	-911.874149	-111.673122	-226.518184	-36.826773	-127.744157	-126.094053	-495.779998	-166.595383	-40.663162	-885.048369	-130.973779	-155.450830	-907.663287	-113.907769	-214.095715	-912.112531	
-37.236991	-117.275221	673.485271	-12.940943	-102.240689	423.023399	144.771212	-133.019329	395.271961	225.272045	-99.712300	120.292021	259.048797	-225.973280	-66.317270	262.676615	-249.008683	-172.850740	-163.769871	-148.420989	440.689502	-268.347601	-60.975478	193.277678	-243.178567	-271.310549	109.305780	-252.781883	-346.829735	30.877143	-24.252033	-7.193245	197.745688	0.000000	0.000000	0.000000	103.765834	-226.285898	-28.603566	127.379118	-141.886706	-487.429911	156.992113	-37.894028	-871.273690	127.843350	-149.459058	-913.874161	125.854464	-210.512110	-912.086902	-112.973161	-226.020822	-35.905965	-129.472221	-126.653213	-495.073915	-166.663602	-39.626174	-884.150790	-132.323184	-154.829766	-906.632111	-115.721242	-213.607448	-911.084825	
-35.589264	-115.547083	674.208582	-7.386505	-102.390637	424.050639	151.062556	-132.846714	400.451629	225.587947	-97.449844	124.052031	257.315100	-233.428166	-55.973009	257.257899	-265.370335	-160.246044	-159.342429	-145.699884	439.143127	-265.352360	-55.421713	193.363600	-259.927457	-264.780673	103.558266	-280.812331	-338.452552	25.566608	-18.902900	-8.558816	198.274275	0.000000	0.000000	0.000000	100.050632	-227.863443	-29.307724	123.969683	-144.732838	-488.349777	156.900325	-40.327202	-871.810974	125.479647	-151.221009	-914.548674	122.217451	-212.219964	-912.784966	-116.799896	-224.238953	-34.817548	-133.454120	-126.046823	-494.232708	-166.988923	-36.912371	-883.164818	-135.218883	-152.899914	-905.393094	-119.644339	-211.958273	-909.844039	
-34.137534	-113.924388	674.814865	-1.666843	-102.918196	425.070991	157.645254	-133.232398	408.003605	226.443422	-96.557917	130.288815	253.115679	-242.187093	-42.877190	248.244636	-282.437134	-144.116404	-155.315371	-141.631147	434.425884	-261.683391	-48.902129	189.715844	-283.710463	-254.773830	94.546243	-318.184148	-325.193419	18.394626	-12.123184	-10.359347	198.718327	0.000000	0.000000	0.000000	94.334082	-230.131587	-30.518086	118.756975	-148.208237	-489.750611	156.429029	-43.644786	-872.732013	121.970887	-153.564651	-915.644321	116.996650	-214.447775	-913.875904	-122.309573	-221.466108	-33.626133	-139.165161	-124.276987	-493.247184	-167.404636	-32.899805	-882.079361	-139.116946	-149.857363	-903.926057	-124.944511	-209.267928	-908.375074	
-32.315173	-112.769748	675.058631	4.008998	-104.050753	425.755566	163.979993	-134.359866	416.742835	228.587992	-96.495616	138.182581	248.283110	-250.583465	-28.475058	238.016706	-297.847111	-126.219213	-151.221619	-137.146371	427.242966	-257.204835	-42.835361	182.970943	-310.070322	-242.128025	85.948904	-358.557535	-308.043221	13.487883	-4.618631	-12.515028	198.910290	0.000000	0.000000	0.000000	87.884473	-232.471982	-31.998701	112.732424	-151.376943	-491.355425	155.664189	-47.104926	-873.862501	117.990078	-155.893988	-916.953195	111.192592	-216.599599	-915.150956	-128.218720	-218.290349	-32.355353	-145.611321	-121.778800	-492.099157	-167.835782	-28.395653	-880.845064	-143.279828	-146.280827	-902.214033	-130.594647	-206.026232	-906.668211	
-30.071898	-112.180885	674.861584	9.235864	-105.562418	425.946779	169.441077	-135.963598	425.141492	232.281251	-96.443493	146.406880	244.802500	-257.204789	-14.542663	229.594855	-309.652017	-108.941746	-146.941082	-133.118264	419.350292	-251.966048	-38.237456	174.885123	-334.169325	-228.741498	80.670299	-395.126069	-289.636271	13.420584	2.555238	-14.600077	198.805356	0.000000	0.000000	0.000000	82.086798	-234.382799	-33.425756	107.054505	-153.498319	-492.813109	154.724583	-49.991639	-874.966722	114.206631	-157.697715	-918.197539	105.792717	-218.199083	-916.349411	-133.349147	-215.389311	-31.032810	-151.747555	-119.336937	-490.833622	-168.396727	-24.263727	-879.448610	-147.138823	-142.876531	-900.320745	-135.749018	-202.880903	-904.794524	
-27.869190	-111.992334	674.354673	13.580055	-106.993976	425.749642	173.659927	-137.448020	431.879599	237.086698	-95.559737	153.624093	244.106154	-261.294521	-2.543894	225.397498	-317.086659	-94.361075	-142.919107	-130.068831	412.725044	-246.613642	-35.717322	167.488289	-352.943505	-217.049745	79.521735	-423.574269	-273.481180	18.095270	8.362187	-16.139653	198.526689	0.000000	0.000000	0.000000	77.958908	-235.631559	-34.510826	102.641341	-154.318408	-493.837915	153.683380	-51.853698	-875.836798	111.061116	-158.718557	-919.131728	101.458167	-219.041475	-917.246509	-136.935075	-213.309036	-29.759467	-156.758427	-117.813457	-489.617027	-169.236921	-21.130385	-877.991061	-150.373551	-140.217944	-898.457332	-139.899202	-200.386258	-902.966112	
-26.207319	-112.004585	673.767494	16.817606	-108.039991	425.411656	176.684213	-138.294213	436.271716	242.044158	-93.314861	158.947636	246.651084	-262.841968	6.812605	226.307155	-320.780528	-83.311859	-139.724165	-128.073387	408.458377	-242.193691	-35.374910	162.078957	-365.822738	-209.056598	81.604541	-443.141708	-262.389882	25.713934	12.232338	-16.985477	198.255200	0.000000	0.000000	0.000000	75.866519	-236.224825	-35.113005	99.899683	-154.131499	-494.335738	152.550625	-52.623046	-876.371555	108.682003	-158.992497	-919.641526	98.398806	-219.202751	-917.742538	-138.735281	-212.297183	-28.635872	-160.203672	-117.809371	-488.627729	-170.406051	-19.265962	-876.600443	-152.885359	-138.593700	-896.860207	-142.886933	-198.839486	-901.414734	
-25.200566	-112.155366	673.268816	19.018021	-108.680353	425.115385	178.806316	-138.367671	438.417814	246.221109	-89.845229	162.185071	251.865990	-262.452406	13.589549	231.586268	-322.183435	-75.371724	-137.549459	-126.884507	406.425550	-239.381895	-36.656840	158.867571	-373.971545	-205.329689	85.650784	-455.572280	-257.097328	34.583633	14.295442	-17.308630	198.089153	0.000000	0.000000	0.000000	75.562632	-236.299238	-35.267250	98.698577	-153.573764	-494.422615	151.322256	-52.584600	-876.599787	106.935182	-158.777436	-919.774731	96.413660	-218.946839	-917.886463	-139.009597	-212.233309	-27.765804	-162.109542	-119.388977	-488.013204	-171.837452	-18.582069	-875.416166	-154.780442	-137.969947	-895.717272	-144.894927	-198.230612	-900.321155	
-24.687449	-112.539920	672.891049	20.405522	-109.125592	424.894173	180.278757	-137.964610	439.016859	249.115774	-85.930006	163.775920	258.421157	-261.151045	18.459958	239.379169	-322.913931	-69.380351	-136.237028	-126.222775	405.792478	-238.124306	-38.732212	157.276454	-379.247350	-204.824524	90.769070	-463.595643	-256.119497	43.858373	15.137116	-17.412943	198.017469	0.000000	0.000000	0.000000	76.412110	-236.048961	-35.112639	98.504025	-153.215968	-494.300039	149.974261	-52.182404	-876.622530	105.500661	-158.392104	-919.666753	95.011213	-218.567923	-917.804681	-138.309660	-212.764088	-27.193122	-162.914528	-122.042243	-487.785669	-173.411098	-18.705085	-874.501292	-156.310830	-138.045238	-895.045162	-146.340507	-198.288656	-899.691694	
-24.600295	-113.223059	672.582098	21.149737	-109.585887	424.708763	181.168234	-137.545385	438.954374	250.749430	-82.449841	164.497368	264.851629	-260.007900	22.441058	247.489469	-324.281443	-63.933929	-135.581395	-125.893538	405.643359	-238.038925	-40.796736	156.531298	-383.478189	-205.597333	96.416528	-469.832878	-256.826795	53.232824	15.325999	-17.505083	197.994815	0.000000	0.000000	0.000000	77.634883	-235.697732	-34.788275	98.600683	-153.296371	-494.106113	148.435223	-51.808238	-876.524903	103.970503	-158.076831	-919.432727	93.581757	-218.271014	-917.599881	-137.301580	-213.458416	-26.858256	-163.335151	-124.949979	-487.802783	-175.081328	-19.117580	-873.806992	-157.837587	-138.378658	-894.687378	-147.762264	-198.602405	-899.362327	
-25.066173	-114.076178	672.280459	21.295569	-110.088255	424.526206	181.415345	-137.372719	438.941681	251.521642	-79.840887	165.118919	270.175918	-259.753703	26.594090	254.209175	-326.967835	-57.788934	-135.489770	-125.682076	405.309881	-238.851664	-42.156816	156.039587	-388.004174	-205.789369	102.155285	-476.172109	-256.784298	62.502357	15.206884	-17.567308	197.998488	0.000000	0.000000	0.000000	78.517658	-235.464901	-34.381359	98.340455	-153.810548	-493.883317	146.624998	-51.694591	-876.333820	101.997105	-157.944485	-919.118371	91.614659	-218.140386	-917.306378	-136.649937	-213.904266	-26.633532	-164.114112	-127.366844	-487.869199	-176.899868	-19.321803	-873.226842	-159.732660	-138.536719	-894.431384	-149.664626	-198.760191	-899.125541	
-26.235488	-114.869628	671.958239	20.824955	-110.538068	424.341526	180.945035	-137.459271	439.421296	251.916365	-78.123150	166.207086	274.047586	-260.695983	31.733664	258.775802	-331.040916	-50.190289	-135.953734	-125.357497	404.469335	-240.368785	-42.382593	155.454291	-393.441994	-204.272327	107.643117	-483.484717	-254.568299	71.462382	14.966491	-17.490288	198.023622	0.000000	0.000000	0.000000	78.503138	-235.537517	-33.913944	97.276296	-154.739279	-493.611278	144.512228	-51.938804	-876.009346	99.380383	-158.016624	-918.692122	88.809910	-218.179986	-916.886562	-136.889141	-213.791114	-26.311741	-165.745345	-128.875105	-487.763730	-178.909692	-18.961098	-872.579699	-162.238967	-138.199835	-894.044843	-152.369650	-198.454905	-898.755480	
-28.162677	-115.424791	671.632997	19.669586	-110.854426	424.168513	179.654246	-137.789436	440.600327	252.262399	-77.188192	168.094813	276.438795	-262.853095	38.288121	261.066471	-336.267539	-40.877416	-137.019959	-124.812103	403.010854	-242.415061	-41.443633	154.540734	-399.870395	-200.736674	112.598550	-491.878790	-249.828683	79.874672	14.673205	-17.228380	198.068526	0.000000	0.000000	0.000000	77.181481	-236.054902	-33.345501	95.153942	-156.116544	-493.225132	142.119301	-52.583302	-875.458799	96.039205	-158.285096	-918.061169	85.030205	-218.369562	-916.248981	-138.368954	-212.915188	-25.665946	-168.420108	-129.382315	-487.294080	-181.083884	-17.844349	-871.659310	-165.447011	-137.185399	-893.332881	-156.013222	-197.509004	-898.058694	
-30.853349	-115.630718	671.324522	17.634403	-110.999521	423.988769	177.300875	-138.467577	442.501313	252.595328	-76.979795	170.924974	277.285613	-266.091976	46.294703	261.130011	-342.321760	-30.002005	-138.846732	-124.107773	400.839152	-244.920870	-39.681521	153.015999	-407.265333	-195.404291	116.680122	-501.277355	-242.864959	87.428675	14.339935	-16.698264	198.138323	0.000000	0.000000	0.000000	74.219229	-237.112153	-32.559988	91.778020	-158.033402	-492.604187	139.425967	-53.672575	-874.528191	91.876722	-158.745732	-917.071197	80.139795	-218.691842	-915.245411	-141.330890	-211.096240	-24.526360	-172.236764	-128.951768	-486.347169	-183.404822	-15.887423	-870.312594	-169.428234	-135.398602	-892.182090	-160.702559	-195.827742	-896.920090	
-34.383128	-115.396094	671.047954	14.295414	-110.938195	423.746496	173.386549	-139.670268	445.078856	252.644205	-77.574540	174.771522	276.257235	-270.263790	55.528035	258.807035	-348.889177	-18.002301	-141.805844	-123.372312	397.826104	-248.011496	-37.732794	150.476023	-415.850378	-188.736600	119.596218	-511.840794	-234.253733	93.896942	13.876826	-15.737853	198.249879	0.000000	0.000000	0.000000	69.247673	-238.770681	-31.371028	86.884057	-160.635057	-491.573384	136.273652	-55.287791	-873.004996	86.667467	-159.420006	-915.512816	73.873955	-219.149151	-913.674249	-146.024745	-208.080688	-22.732940	-177.435619	-127.608359	-484.814002	-185.957212	-13.022663	-868.396093	-174.366363	-132.749255	-890.480865	-166.662756	-193.316418	-895.228514	
-38.889329	-114.635973	670.848522	9.074959	-110.553959	423.401055	167.244051	-141.419667	448.309628	251.956225	-78.983454	179.740686	272.917393	-275.095611	65.695158	253.705806	-355.556676	-5.368920	-146.427469	-122.612485	393.944925	-251.969835	-36.480053	146.482113	-425.998988	-181.425081	121.374454	-523.832432	-224.947032	99.445494	12.986670	-14.206580	198.425756	0.000000	0.000000	0.000000	61.915084	-241.002303	-29.584324	80.199026	-164.075413	-489.965011	132.409757	-57.503073	-870.679903	80.153453	-160.332222	-913.184627	65.961779	-219.744441	-911.338102	-152.635666	-203.553911	-20.143088	-184.342822	-125.302497	-482.585214	-188.902001	-9.198016	-865.777962	-180.474526	-129.145495	-888.096605	-174.123285	-189.868413	-892.856433	
-44.341347	-113.330124	670.804639	1.580549	-109.603851	422.964411	158.421916	-143.348068	452.165509	250.158786	-80.800951	185.940201	267.296417	-279.910924	76.545266	245.890864	-361.523173	7.448130	-153.106844	-121.604744	389.470149	-257.065881	-36.989518	140.816550	-437.730376	-174.664298	122.606744	-537.034347	-216.761441	104.915665	11.296150	-12.087837	198.669429	0.000000	0.000000	0.000000	52.220300	-243.577262	-27.092024	71.690997	-168.416188	-487.715657	127.669932	-60.245015	-867.442940	72.327701	-161.425454	-909.998347	56.467247	-220.413937	-908.146340	-160.955169	-197.358559	-16.751662	-193.029018	-122.077414	-479.661333	-192.327909	-4.492287	-862.428842	-187.706706	-124.607675	-884.956152	-182.965608	-185.475508	-889.741128	
-50.382007	-111.529519	670.967460	-8.159618	-107.798983	422.470302	146.981194	-144.760069	456.467322	247.116725	-82.174918	193.294975	260.110942	-283.687358	87.797969	236.283638	-365.675548	19.949849	-161.897306	-120.022340	384.928464	-263.469131	-40.001502	133.779784	-450.418221	-169.954046	124.400229	-550.443228	-212.177855	111.807760	8.590722	-9.469829	198.946683	0.000000	0.000000	0.000000	40.741000	-246.088463	-23.905213	61.699229	-173.617901	-484.894579	122.121601	-63.278113	-863.314612	63.553523	-162.566423	-906.009088	45.897437	-221.042308	-904.149376	-170.272665	-189.683857	-12.838971	-203.107401	-118.212275	-476.298829	-196.145714	0.852101	-858.546038	-195.648650	-119.328889	-881.191663	-192.623774	-180.302138	-886.026950	
-56.478599	-109.281799	671.281375	-19.747340	-104.944595	421.923224	133.464584	-145.018457	460.792012	242.883349	-82.194460	201.399667	252.356097	-285.520004	99.053579	226.217146	-367.120136	31.589923	-172.524856	-117.696199	380.807486	-271.307526	-45.334572	126.245884	-463.089648	-168.388949	127.931073	-562.571837	-213.250011	121.831758	4.863132	-6.468808	199.192785	0.000000	0.000000	0.000000	28.424502	-248.149563	-20.116212	50.770325	-179.600501	-481.639901	116.029051	-66.381109	-858.402587	54.360066	-163.661092	-901.353114	34.908949	-221.564227	-899.480677	-179.701482	-181.013490	-8.892638	-213.876351	-114.167125	-472.945425	-200.120846	6.544097	-854.491367	-203.725619	-113.586277	-877.124106	-202.391888	-174.613901	-882.035036	
-62.170598	-106.623026	671.580095	-32.502728	-101.037871	421.308027	118.789446	-143.783597	464.598576	237.624104	-80.190994	209.573058	245.005621	-284.872922	109.790529	217.038955	-365.473544	41.859854	-184.452891	-114.701115	377.506878	-280.665103	-52.010435	119.419841	-474.846500	-170.364688	133.961430	-571.863855	-220.655567	136.171117	0.189429	-3.214157	199.331117	0.000000	0.000000	0.000000	16.257404	-249.547415	-15.893538	39.516578	-186.219961	-478.117586	109.742694	-69.421080	-852.889206	45.261081	-164.690696	-896.213892	24.093760	-221.987883	-894.316013	-188.491792	-171.987236	-5.368458	-224.531760	-110.472290	-470.017120	-203.962918	12.287630	-850.601728	-211.404552	-107.691518	-873.099906	-211.665101	-168.726233	-878.096167	
-67.235043	-103.611621	671.677453	-45.560698	-96.259476	420.632331	104.130170	-140.979119	467.359069	231.530710	-75.795620	216.911622	238.928057	-281.582573	119.429620	210.022103	-360.923533	50.417816	-196.991170	-111.269591	375.492707	-291.332490	-58.823739	114.446777	-484.894264	-175.692454	142.751277	-576.965124	-233.350785	154.788554	-5.380622	0.190826	199.284403	0.000000	0.000000	0.000000	5.049126	-250.265419	-11.512878	28.609828	-193.189518	-474.535189	103.619237	-72.323410	-847.083744	36.697309	-165.689961	-890.848447	13.944640	-222.375002	-888.912677	-196.148309	-163.269181	-2.569199	-234.293907	-107.588487	-467.785193	-207.376925	17.808190	-847.112055	-218.247286	-101.949579	-869.393297	-219.972422	-162.954342	-874.463776	
-71.749558	-100.290918	671.484009	-58.108485	-90.869344	419.943477	90.640375	-136.702283	468.561468	224.705374	-69.039227	222.285206	234.522969	-275.941103	127.411818	205.799188	-354.408022	57.332875	-209.475374	-107.660286	375.219816	-302.667915	-64.603943	112.052319	-492.523579	-183.389553	154.128531	-577.246754	-248.777999	176.326663	-11.856075	3.700092	198.969856	0.000000	0.000000	0.000000	-4.809587	-250.428441	-7.299586	18.710257	-200.045785	-471.100008	97.958469	-75.084721	-841.413262	28.938737	-166.716453	-885.584619	4.740400	-222.798822	-883.626705	-202.504426	-155.335441	-0.666038	-242.602127	-105.658355	-466.397407	-210.097565	23.006571	-844.189029	-223.967769	-96.487414	-866.219615	-227.045948	-157.435390	-871.331961	
-75.987205	-96.666004	671.029561	-69.575114	-85.098883	419.290468	79.197342	-131.109349	467.667982	217.214327	-60.451934	224.434449	231.545031	-268.741935	133.244330	203.868863	-347.405673	62.964765	-221.363245	-104.027597	376.909529	-313.736537	-68.395644	112.346930	-497.249006	-191.697656	167.531977	-573.223249	-263.655917	199.096916	-19.319583	7.325728	198.283505	0.000000	0.000000	0.000000	-13.297099	-250.201541	-3.632636	10.376176	-206.243234	-468.078186	93.009670	-77.770792	-836.444838	22.106565	-167.811640	-880.903829	-3.442421	-223.292488	-878.967374	-207.639673	-148.402549	0.186470	-249.263684	-104.488484	-465.989831	-211.904200	27.967312	-842.018354	-228.440013	-91.228442	-863.823880	-232.817739	-152.097799	-868.925246	
-80.166552	-92.869336	670.342275	-79.584349	-79.235541	418.625639	70.358126	-124.442587	464.058754	209.304712	-50.933187	222.203582	229.651861	-261.030458	136.466415	203.439000	-341.226440	67.367490	-232.191842	-100.503624	380.511355	-323.490818	-69.843047	114.954853	-498.862951	-198.898712	182.147502	-565.934345	-275.545452	221.810176	-27.840516	11.083366	197.092175	0.000000	0.000000	0.000000	-20.299322	-249.755813	-0.889652	4.165152	-211.411292	-465.791376	89.051653	-80.463525	-832.771508	16.393997	-169.026531	-877.365966	-10.445828	-223.896317	-875.480379	-211.572785	-142.739187	-0.257925	-254.316384	-103.958543	-466.788089	-212.591839	32.656190	-840.864547	-231.539414	-86.202332	-862.548250	-237.192303	-146.972589	-867.576939	
-84.241923	-89.296155	669.332774	-87.819690	-73.804755	417.748393	64.372089	-117.204253	457.051531	201.502283	-41.523630	214.829601	228.913886	-253.729212	136.579193	204.380351	-336.598954	70.066918	-241.493220	-97.442683	385.814532	-331.114039	-69.348855	119.403805	-497.188282	-204.652746	197.107118	-555.836603	-284.328320	243.567850	-37.265345	14.869561	195.277882	0.000000	0.000000	0.000000	-25.258708	-249.303550	0.746691	0.812194	-215.624940	-464.429066	86.436611	-83.231192	-830.718307	12.219842	-170.508186	-875.280668	-15.798158	-224.786505	-873.414958	-214.047643	-138.983010	-2.216981	-257.683998	-104.386897	-468.993506	-211.944431	36.678049	-840.942820	-232.975486	-81.827010	-862.640461	-239.811580	-142.485788	-867.544279	
-87.824305	-86.536470	667.872123	-93.878549	-69.544183	416.432085	61.168014	-110.263011	446.317379	194.376273	-33.264806	202.328555	229.701391	-247.463228	133.213410	207.035398	-333.689703	70.408801	-248.626904	-95.528580	392.519018	-336.299851	-67.866173	125.415900	-491.768174	-210.301767	211.829464	-542.312142	-292.149126	263.721077	-47.079392	18.378783	192.844528	0.000000	0.000000	0.000000	-27.237973	-249.092416	1.371530	1.230593	-219.396736	-463.934964	85.579541	-86.132976	-830.204644	10.191754	-172.525137	-874.524871	-18.740912	-226.317133	-872.538144	-214.640852	-137.964561	-5.715776	-259.029182	-106.596575	-472.649467	-209.838650	39.332681	-842.274498	-232.365061	-78.875361	-864.091040	-240.131828	-139.434293	-868.840783	
-90.224955	-85.257741	665.996332	-97.228596	-67.211392	414.654408	60.422098	-104.804997	432.642467	188.237037	-27.118779	186.001224	232.426580	-242.548305	126.476985	212.071421	-332.303525	67.971949	-252.713916	-95.660948	400.197059	-339.402881	-66.682414	132.912383	-482.113333	-217.951551	226.062674	-524.374558	-301.998881	281.708496	-56.367776	21.092897	190.055319	0.000000	0.000000	0.000000	-25.264939	-249.300575	1.313844	6.274494	-223.345534	-464.018323	86.941065	-89.125682	-830.768087	11.028677	-175.336623	-874.542389	-18.337194	-228.876170	-872.136654	-212.907769	-140.356790	-10.384553	-257.805930	-111.742666	-477.446362	-206.275372	39.801846	-844.483937	-229.362784	-78.258076	-866.515007	-237.614415	-138.764609	-871.112509	
-90.648907	-85.939462	664.080117	-97.417351	-67.266746	412.777506	61.847701	-101.845170	418.215019	183.283505	-23.660044	168.526931	237.519626	-238.923390	117.283721	220.299393	-331.983961	63.095487	-252.987026	-98.452036	408.346850	-341.201335	-67.134603	141.826149	-468.207789	-228.972146	239.823964	-501.630791	-315.704874	297.328392	-63.898497	22.404692	187.505394	0.000000	0.000000	0.000000	-18.769616	-249.874816	1.047821	16.328858	-227.843488	-464.231819	90.927532	-92.006016	-831.669803	15.446310	-179.063094	-874.505032	-13.631201	-232.712685	-871.211881	-208.532949	-146.338302	-15.384926	-253.533820	-120.860825	-482.618451	-201.376814	37.404660	-846.719264	-223.813774	-80.714802	-869.100450	-231.949330	-141.246012	-873.578426	
-88.537247	-88.587565	662.787999	-94.431535	-69.621836	411.485307	65.363647	-101.603190	405.716122	179.861161	-22.837587	152.951392	245.138809	-236.284317	107.289002	231.974672	-332.183676	57.057642	-249.379157	-103.677966	416.534178	-342.155166	-70.233988	151.826901	-450.937252	-242.785218	253.405108	-475.123607	-332.388326	311.134873	-68.514492	21.850022	185.934402	0.000000	0.000000	0.000000	-7.966111	-250.452035	1.067320	30.961763	-232.860056	-464.096703	97.645015	-94.407978	-832.080153	23.890200	-183.562277	-873.588523	-4.003355	-237.732535	-868.881317	-201.505417	-155.398067	-19.611044	-246.045379	-134.199271	-487.102380	-195.333109	31.946115	-847.881669	-215.830424	-86.426947	-870.777523	-223.193003	-147.062016	-875.187489	
-83.800424	-92.697875	662.650088	-88.723980	-73.682271	411.330272	70.937906	-103.500952	396.855497	178.504189	-24.140294	141.248200	254.802001	-234.455154	98.212925	246.242448	-332.593463	51.428552	-242.593513	-110.385363	424.411813	-341.767760	-76.215396	162.128165	-431.994240	-257.272517	267.023840	-447.310841	-349.147941	324.214141	-69.725966	19.412414	185.754431	0.000000	0.000000	0.000000	6.093988	-250.501242	1.676588	48.983354	-238.017593	-463.304150	106.670576	-95.824531	-831.381276	36.277465	-188.339438	-871.343865	10.518087	-243.384008	-864.927106	-192.212010	-166.433854	-22.178833	-235.650086	-150.817591	-489.993553	-188.421208	23.904410	-847.176104	-205.836530	-94.837206	-870.706450	-211.838975	-155.623854	-875.090637	
-76.910823	-97.441127	663.650857	-80.959863	-78.606379	412.301812	78.360477	-106.621551	391.740442	179.788713	-27.022317	133.709465	265.727769	-233.648193	90.978241	261.590198	-333.346290	46.974365	-233.648424	-117.426624	431.621977	-339.144293	-84.192283	171.695198	-413.180821	-270.268291	280.414625	-420.948594	-363.304501	337.250773	-67.882990	15.653696	186.788979	0.000000	0.000000	0.000000	21.741796	-249.619958	2.826826	68.731877	-242.801440	-461.875084	116.979565	-95.809642	-829.425115	51.818563	-192.657698	-867.969953	29.067849	-248.816473	-860.018720	-181.434916	-178.036694	-22.844961	-223.276173	-168.745252	-490.973496	-181.058308	14.353503	-844.569618	-194.599041	-104.764035	-868.739904	-198.840343	-165.699550	-873.114981	
-68.839845	-101.989139	665.340401	-71.951053	-83.547807	413.948830	87.061110	-110.080746	389.418733	183.795547	-31.014280	129.429017	277.058917	-234.230847	85.717436	276.568534	-334.833220	43.621198	-223.588590	-123.878285	437.898503	-334.255680	-92.564646	179.890594	-395.676067	-280.637686	292.946640	-397.602027	-373.848413	349.994632	-63.882890	11.421551	188.498768	0.000000	0.000000	0.000000	37.111643	-247.782267	4.182594	88.447307	-246.859758	-460.108505	127.215567	-94.315075	-826.516195	69.006780	-195.838539	-864.145039	49.873607	-253.197131	-855.282836	-170.237093	-188.874386	-21.985992	-210.394372	-185.779801	-490.343935	-173.788011	4.560645	-840.726880	-183.116353	-114.855213	-865.412439	-185.416812	-175.895232	-869.781755	
-60.753847	-105.805676	667.175935	-62.581390	-87.898283	415.733159	96.204834	-113.260207	388.635220	189.821141	-35.547661	127.100409	287.899379	-236.188949	82.050834	290.000404	-337.230632	41.071140	-213.340523	-129.285779	443.171014	-328.130542	-100.109778	186.718596	-379.747488	-288.507973	304.053215	-377.164268	-381.363448	361.651913	-58.864558	7.435648	190.323241	0.000000	0.000000	0.000000	50.732248	-245.333501	5.341541	106.740722	-250.083675	-458.385655	136.273662	-91.763424	-823.200617	85.764739	-197.414728	-860.588547	70.345748	-255.867879	-851.638190	-159.658252	-198.076513	-20.310658	-198.521613	-200.488201	-488.781756	-167.189507	-4.584188	-836.600152	-172.310749	-124.191772	-861.586958	-172.637382	-185.274780	-865.948883	
-53.653642	-108.728115	668.765705	-53.614677	-91.414344	417.274718	104.992060	-115.871651	388.355281	196.660412	-40.016354	125.588090	297.600505	-238.926658	79.203610	301.269608	-340.156724	38.803329	-203.572675	-133.668643	447.626819	-321.995561	-106.573250	192.601939	-364.988707	-294.842501	313.564249	-358.407215	-387.184224	371.668573	-53.886839	4.058676	191.893191	0.000000	0.000000	0.000000	61.913391	-242.736906	6.028828	122.773870	-252.557045	-457.006799	143.658720	-88.706880	-819.972913	100.234535	-197.327039	-857.751317	88.107123	-256.633041	-849.363883	-150.449770	-205.330859	-18.484864	-188.662174	-212.614939	-486.959091	-161.738152	-12.824092	-832.930815	-162.751781	-132.522665	-857.986077	-161.103856	-193.585540	-862.330800	
-48.166084	-110.906965	669.938466	-45.517591	-94.208444	418.419819	112.900120	-117.937102	387.901460	203.135552	-43.963361	124.103881	305.893549	-241.582516	76.216566	310.456263	-342.833378	35.959694	-194.610281	-137.400872	451.583969	-316.647798	-112.465214	198.047212	-350.587331	-300.831210	321.707883	-339.489439	-392.642528	379.965422	-49.615000	1.276088	193.080254	0.000000	0.000000	0.000000	70.687728	-240.325037	6.159690	136.282064	-254.477396	-456.116764	149.312831	-85.340781	-817.019047	111.882911	-195.887296	-855.615362	102.583975	-255.808709	-848.027271	-142.926118	-210.769835	-16.905226	-181.079123	-222.771598	-485.287177	-157.680281	-20.413535	-830.021028	-154.587106	-140.104784	-854.940479	-150.904742	-201.080555	-859.260493	
-44.530993	-112.661884	670.679171	-38.366523	-96.583592	419.181712	119.805243	-119.637267	386.920106	208.511277	-47.147170	122.193577	312.878038	-243.383979	72.149344	318.070513	-344.496902	31.622979	-186.397017	-140.969641	455.388452	-312.396361	-118.518241	203.563255	-335.577128	-307.455188	328.827313	-318.493066	-398.764186	386.422660	-46.199363	-1.132725	193.926782	0.000000	0.000000	0.000000	77.488555	-238.228018	5.809931	147.642834	-255.867068	-455.676436	153.400503	-81.492393	-814.267813	121.196305	-193.334575	-853.833235	114.536622	-253.682721	-846.878022	-136.973908	-214.776879	-15.704326	-175.439261	-231.906313	-483.901236	-155.025288	-27.834530	-827.813574	-147.642119	-147.399811	-852.434180	-141.767359	-208.204844	-856.735593	
-42.643470	-114.361470	671.008336	-31.896652	-98.805232	419.632136	125.940602	-121.122975	385.282315	212.634884	-49.484652	119.658969	318.926802	-243.812018	66.323856	324.821279	-344.618992	25.136718	-178.527655	-144.752830	459.409566	-309.195190	-125.304793	209.722564	-319.057163	-315.320057	335.112127	-293.845923	-406.237285	390.292499	-43.461007	-3.366090	194.532957	0.000000	0.000000	0.000000	82.905627	-236.412184	5.172645	157.672867	-256.487190	-455.489140	156.177964	-76.852563	-811.518098	128.974446	-189.700063	-851.973220	125.043347	-250.317654	-845.288977	-132.184952	-217.815790	-14.866246	-171.000736	-240.977566	-482.774586	-153.601150	-35.574986	-826.059822	-141.536609	-154.846267	-850.253837	-133.217745	-215.365252	-854.556853	
-42.074783	-116.363214	670.893129	-25.619479	-101.009139	419.813541	131.765330	-122.458999	382.928364	215.876505	-50.864839	116.463927	324.556836	-242.517306	58.466955	331.441487	-342.818103	16.211506	-170.349489	-148.966590	463.942714	-306.785890	-133.279222	217.092872	-300.233239	-324.741586	340.481800	-264.581059	-415.449620	389.952972	-41.162647	-5.500189	194.983705	0.000000	0.000000	0.000000	87.626914	-234.717610	4.470730	167.273264	-255.990130	-455.318748	157.897937	-71.091568	-808.521350	135.976944	-184.833168	-849.673812	135.045465	-245.563326	-842.920639	-127.969578	-220.356237	-14.300397	-166.706172	-250.778910	-481.799364	-153.090906	-44.058325	-824.463841	-135.728017	-162.779992	-848.133185	-124.638413	-222.852008	-852.450651	
-42.099721	-118.965519	670.273982	-18.970819	-103.183371	419.747611	137.818175	-123.636796	379.879584	218.854115	-50.968798	112.753681	330.332943	-239.096668	48.831020	338.565051	-338.622361	5.012757	-161.121837	-153.641799	469.155221	-304.654397	-142.988034	226.089938	-278.326819	-335.835773	344.589769	-230.578528	-426.199109	383.332388	-39.079830	-7.523450	195.344377	0.000000	0.000000	0.000000	92.385261	-232.895716	3.920346	177.158907	-254.035457	-454.957596	158.731546	-63.926635	-805.024049	142.752314	-178.468130	-846.690781	145.181170	-239.130277	-839.702954	-123.657843	-222.832499	-13.856434	-161.352910	-261.836409	-480.803030	-153.083997	-53.639223	-822.743487	-129.591280	-171.422724	-845.801696	-115.343068	-230.824927	-850.118363	
-41.840285	-122.308197	669.158767	-11.577837	-105.160229	419.483746	144.457993	-124.600588	376.292510	221.953713	-49.254437	108.858256	336.502015	-233.067509	38.167574	346.330856	-331.483876	-7.775693	-150.345401	-158.609762	474.988590	-301.918114	-154.957546	236.643874	-252.712551	-348.265079	346.810168	-193.129030	-437.116905	369.206132	-36.993844	-9.382548	195.669835	0.000000	0.000000	0.000000	97.741844	-230.702071	3.729115	187.625218	-250.379119	-454.240555	158.680126	-55.260518	-800.821522	149.472142	-170.386427	-842.921934	155.620827	-230.764332	-835.757627	-118.691956	-225.547781	-13.341798	-153.881177	-274.294179	-479.567982	-153.174710	-64.510099	-820.636685	-122.610202	-180.797235	-842.989647	-104.795200	-239.231841	-847.266270	
-40.562248	-126.221496	667.686936	-3.550062	-106.674447	419.099938	151.604680	-125.260253	372.493454	224.997158	-45.299672	105.241588	342.529842	-224.322411	27.507048	353.880660	-321.318664	-21.032183	-138.215741	-163.473706	481.011780	-297.523111	-169.038155	247.803657	-223.632851	-360.799355	346.259096	-155.006241	-445.831246	348.786596	-34.765739	-10.953867	195.996472	0.000000	0.000000	0.000000	103.720386	-228.071134	4.056999	198.246630	-245.113614	-453.082770	157.528166	-45.387436	-795.834741	155.765177	-160.691491	-838.414940	165.862493	-220.541577	-831.299010	-112.980690	-228.506831	-12.552971	-143.854247	-287.704441	-477.874165	-153.099580	-76.488913	-817.933342	-114.684856	-190.576424	-839.494666	-92.983394	-247.687429	-843.695464	
-38.030742	-130.163858	666.129567	4.432847	-107.498139	418.681404	158.688168	-125.532477	368.975779	227.316046	-39.330523	102.399059	347.099886	-213.740123	17.907317	359.426468	-309.169866	-33.418999	-125.876946	-167.655744	486.464127	-290.942274	-183.807547	257.797587	-193.056801	-371.524077	342.097884	-119.293320	-450.441514	325.442274	-32.406301	-12.006447	196.338834	0.000000	0.000000	0.000000	109.579094	-225.297376	4.932989	207.699085	-239.095572	-451.558525	154.962925	-35.150540	-790.162681	160.741058	-150.101850	-833.336933	174.719918	-209.203535	-826.539336	-107.199819	-231.338857	-11.318891	-132.042035	-300.983586	-475.553555	-152.888471	-88.850312	-814.526443	-106.439406	-200.061046	-835.291771	-80.778243	-255.511134	-839.422080	
-34.861698	-133.424957	664.838162	11.236655	-107.581269	418.353821	164.753155	-125.454046	366.355372	228.145227	-32.655497	100.698479	348.645369	-203.558030	10.267447	360.934068	-297.584842	-43.594577	-115.270282	-170.625333	490.572363	-283.049595	-196.474332	264.789811	-165.024153	-378.650327	334.125974	-89.652839	-451.042659	302.111326	-30.065000	-12.336498	196.690538	0.000000	0.000000	0.000000	113.889246	-223.119949	6.127636	213.884388	-234.305121	-450.028356	150.805329	-25.963532	-784.157474	163.243109	-140.110986	-828.053568	180.589818	-198.372855	-821.786883	-102.825838	-233.393636	-9.583479	-120.964692	-312.672868	-472.581462	-153.078437	-100.280892	-810.510560	-99.418775	-208.324074	-830.606665	-70.150142	-261.959236	-834.715620	
-32.326676	-135.537465	664.076819	15.736262	-107.119538	418.251963	168.882139	-125.282428	365.270451	227.262277	-27.324866	100.318030	346.237713	-196.744249	5.198895	357.204527	-289.878551	-50.468887	-108.363656	-172.162385	492.835575	-276.062307	-203.932807	267.749741	-144.564947	-381.685684	322.867443	-70.251485	-449.312923	279.850142	-27.965446	-11.931408	197.024964	0.000000	0.000000	0.000000	115.191052	-222.418557	7.199121	214.681710	-233.282069	-449.074940	145.205007	-19.361889	-778.375103	162.378463	-132.564509	-823.112625	182.155188	-190.117627	-817.531878	-101.469549	-234.065025	-7.421595	-114.571072	-321.584876	-469.103274	-154.680580	-109.253537	-806.215050	-95.717540	-214.580342	-825.866159	-63.664697	-266.594855	-830.034199	
-31.599733	-136.425402	663.903489	17.464776	-106.396702	418.468293	170.762395	-125.354027	366.208839	225.244606	-24.895932	101.362525	340.045132	-195.337025	2.993808	348.357026	-288.241800	-53.510938	-106.252695	-172.269259	492.959035	-272.221581	-204.401523	266.645808	-135.523495	-381.713454	309.068846	-64.290749	-447.478286	258.598013	-26.192830	-10.999659	197.322589	0.000000	0.000000	0.000000	112.891512	-223.575925	7.754502	208.897177	-237.599998	-449.179480	138.595445	-16.231973	-773.341965	157.944447	-128.711536	-819.005635	178.996848	-185.884107	-814.239228	-103.814048	-233.100091	-4.957443	-116.831509	-327.266843	-465.331764	-158.654852	-114.693663	-802.082667	-97.050478	-218.521683	-821.606636	-63.361808	-269.480498	-825.912404	
-33.298753	-136.184785	664.224033	16.686724	-105.629806	419.039756	170.727921	-125.891959	369.528693	223.051935	-25.882409	104.078138	330.795189	-199.811054	3.848656	335.126739	-293.018086	-52.603607	-109.100363	-170.861128	490.569891	-272.740100	-197.620948	261.874070	-140.020476	-380.157024	293.365087	-74.030288	-447.443519	238.009464	-24.511331	-9.820381	197.600647	0.000000	0.000000	0.000000	107.298084	-226.319086	7.590280	196.432709	-247.082441	-450.477758	131.428282	-16.671905	-769.402298	150.226549	-128.859543	-816.004505	171.372832	-186.064428	-812.123676	-109.485141	-230.533085	-2.255248	-130.719510	-329.454999	-461.324854	-165.440162	-116.096500	-798.386194	-104.300925	-220.135606	-818.245698	-70.288987	-270.860312	-822.768895	
-37.443009	-134.858581	664.884307	14.003970	-104.975134	419.919672	169.366849	-126.950333	375.534346	221.465274	-30.090221	108.874295	319.103031	-209.571858	8.082718	318.077767	-303.352628	-47.570558	-116.506684	-167.618947	485.010369	-277.583111	-184.111342	253.540682	-159.195391	-377.493543	276.196241	-101.451245	-449.708547	217.912204	-22.509267	-8.623678	197.894482	0.000000	0.000000	0.000000	99.057943	-230.074854	6.626135	177.977273	-260.164845	-452.796065	123.968029	-20.278144	-766.746420	139.587861	-132.585565	-814.225579	159.693160	-190.214886	-811.182011	-117.679691	-226.469929	0.668383	-157.739048	-327.106348	-456.768942	-174.849883	-113.273041	-794.881727	-117.588606	-219.301881	-815.752115	-84.684965	-270.721099	-820.618470	
-43.463965	-132.420392	665.717959	10.058859	-104.561875	420.959517	167.183066	-128.382372	384.419704	220.868314	-36.954313	116.161407	305.468761	-223.317470	16.075096	297.778174	-317.617473	-38.160828	-127.472652	-162.060102	475.485790	-285.446110	-164.767947	241.321566	-193.065030	-372.400942	258.051102	-147.849005	-452.361019	198.820033	-19.865637	-7.590491	198.219580	0.000000	0.000000	0.000000	88.866242	-234.244405	4.813510	154.952154	-274.539662	-455.850543	116.296150	-26.252739	-765.506433	126.396532	-138.871131	-813.738027	144.429759	-197.212538	-811.348891	-127.522738	-221.047675	3.669050	-197.108161	-318.134478	-450.988369	-186.164684	-106.407551	-790.678916	-136.276999	-215.731337	-813.396101	-105.985437	-268.676254	-818.829707	
-50.277177	-128.964558	666.573041	5.495279	-104.481902	421.955958	164.487334	-129.847920	396.097066	221.452070	-45.514245	126.196047	290.736832	-239.018660	27.903653	275.490589	-333.431630	-24.507361	-140.009731	-153.900532	461.707286	-293.899458	-141.194499	225.164819	-239.076577	-361.880272	239.924333	-211.577116	-450.524985	182.198110	-16.489170	-6.910568	198.553802	0.000000	0.000000	0.000000	77.650272	-238.236962	2.098823	129.688302	-287.883278	-459.452596	108.480542	-33.422330	-765.765034	111.312736	-146.216592	-814.556833	126.450993	-205.391120	-812.598921	-137.931044	-214.643581	6.383247	-244.847561	-300.498444	-443.260109	-198.444409	-96.360974	-784.599178	-158.850370	-209.265108	-809.927235	-132.525206	-264.194690	-816.251295	
-56.564419	-124.943021	667.357951	0.994529	-104.788574	422.759810	161.424931	-131.013324	409.916944	223.437302	-54.373693	138.836619	276.560146	-254.131216	43.021031	253.624701	-347.992228	-7.548198	-151.305591	-143.718920	444.741131	-300.223098	-116.215648	206.281542	-290.627129	-343.224744	223.613289	-285.143638	-438.487574	170.309004	-12.472056	-6.836235	198.849125	0.000000	0.000000	0.000000	66.793883	-241.510067	-1.511565	105.252703	-298.696092	-463.521417	100.741144	-40.477036	-767.379967	95.524128	-153.049255	-816.486839	107.274940	-212.995590	-814.760461	-147.539975	-208.084103	8.399240	-294.066818	-274.246880	-433.340184	-210.855103	-84.560897	-776.024816	-182.904166	-200.197156	-804.371641	-161.299394	-256.994578	-811.958056	
-61.271059	-121.141020	668.021670	-2.818764	-105.420799	423.310231	158.091408	-131.830800	424.319716	227.076067	-61.880297	153.115451	265.503835	-266.246248	60.037009	235.761718	-358.894696	10.794317	-159.028359	-133.300355	427.230624	-302.848961	-93.569544	187.370399	-338.240331	-317.417139	211.146591	-355.277148	-414.867999	164.676181	-8.015491	-7.466703	199.055925	0.000000	0.000000	0.000000	57.922836	-243.726466	-5.759778	84.676098	-306.659470	-467.848650	93.417468	-46.318535	-769.798380	80.532959	-158.249451	-818.957977	88.845925	-218.770193	-817.296821	-154.980397	-202.558223	9.424853	-337.411766	-243.239187	-421.904721	-222.942853	-72.733901	-765.652499	-205.713595	-189.698915	-796.939557	-188.456391	-247.730728	-806.146330	
-64.235416	-118.267768	668.473487	-5.716862	-106.174520	423.571841	154.635470	-132.554554	437.055686	232.322812	-66.685401	167.186011	260.078475	-273.965545	76.796318	225.371432	-365.124742	28.025496	-162.943230	-124.806901	412.312167	-302.405921	-76.383968	171.477769	-374.484738	-290.196366	203.329052	-409.843923	-385.945996	164.237380	-3.674137	-8.507158	199.141633	0.000000	0.000000	0.000000	52.035145	-244.912298	-10.056346	69.666812	-312.396579	-471.940988	86.693853	-50.457411	-772.149924	67.477374	-161.544690	-821.155535	72.749047	-222.404088	-819.432681	-159.585027	-198.948046	9.480489	-370.440758	-214.203834	-410.386715	-234.902248	-62.460478	-755.264933	-225.378362	-179.604763	-789.074014	-210.945532	-238.089915	-800.094329	
-66.349433	-116.576368	668.694012	-8.146496	-106.907749	423.609495	151.139046	-133.397724	446.346860	238.096219	-68.335506	179.122109	260.848545	-277.272700	91.182858	223.681409	-367.304681	42.131683	-164.896930	-119.410855	401.998141	-301.072203	-65.692365	160.406649	-397.913509	-268.305055	199.077843	-445.279149	-361.049794	165.891522	-0.547772	-9.645019	199.122913	0.000000	0.000000	0.000000	48.811689	-245.398599	-13.702804	59.855666	-316.742226	-475.211789	80.369097	-53.101491	-773.708380	56.583093	-163.426763	-822.429698	59.505450	-224.439908	-820.563933	-161.864708	-197.120999	8.984064	-392.998822	-193.211933	-400.336211	-247.291869	-54.721230	-746.641753	-241.500174	-171.497738	-782.506017	-227.979861	-229.859853	-795.207656	
-68.644200	-115.806247	668.767172	-10.737267	-107.565804	423.560389	147.654100	-134.269868	451.661251	242.575788	-67.285080	187.641135	265.920631	-277.016947	101.773251	228.854454	-366.818980	52.226662	-166.834624	-116.882966	396.341235	-300.643835	-60.474022	154.041924	-411.342969	-255.040660	196.646230	-465.095814	-345.481715	167.024116	0.491189	-10.660929	199.071254	0.000000	0.000000	0.000000	47.039816	-245.587005	-16.281846	53.668528	-320.119657	-477.371175	74.171946	-54.777012	-774.356602	47.487471	-164.597453	-822.715843	48.807327	-225.661140	-820.688756	-163.038151	-196.175539	8.444189	-407.425879	-182.721864	-392.897291	-260.134773	-49.833871	-740.724592	-254.615619	-166.078078	-778.319338	-240.505848	-224.002650	-792.316672	
-71.155531	-115.627828	668.758659	-13.448057	-108.216850	423.478393	144.544235	-135.080867	453.600663	244.767534	-64.712884	192.435299	272.686701	-274.490407	108.057326	237.644316	-364.931199	58.200876	-169.213501	-116.369103	394.071863	-301.198413	-58.896898	151.022982	-418.124227	-249.513144	194.833970	-474.466114	-338.861617	166.747239	-0.319702	-11.463424	199.027005	0.000000	0.000000	0.000000	45.704254	-245.736704	-17.759885	49.739603	-322.569632	-478.501508	68.278311	-55.931326	-774.453841	39.961441	-165.522833	-822.402386	40.271669	-226.595779	-820.252016	-164.041073	-195.353403	8.072151	-416.035674	-181.229575	-388.514013	-272.311392	-47.550554	-737.528295	-265.071851	-163.169817	-776.724172	-249.642939	-220.535451	-791.603680	
-73.046863	-115.921735	668.695110	-15.547967	-108.991984	423.351800	142.454928	-135.917751	453.363115	245.217235	-62.106462	194.142144	279.267170	-271.230948	110.396799	247.115997	-362.665609	60.405039	-171.267639	-117.063571	393.681781	-301.580340	-59.420127	149.772651	-420.826764	-248.677744	193.217402	-477.922188	-337.722606	165.693823	-1.821814	-12.139717	198.978816	0.000000	0.000000	0.000000	44.627822	-245.885805	-18.421406	47.282862	-324.143183	-478.933251	63.232106	-56.833299	-774.430290	34.034058	-166.388501	-821.931219	33.698423	-227.458895	-819.713255	-164.960318	-194.589109	7.794722	-420.364132	-184.943573	-386.739437	-282.176407	-47.155187	-736.391024	-272.812184	-162.066747	-777.185467	-256.108859	-218.930655	-792.604994	
-73.636204	-116.634873	668.624909	-16.457789	-109.908776	423.201045	141.727991	-136.884316	452.186730	245.077375	-60.496837	193.947368	284.506206	-268.576240	109.958912	254.959498	-360.840698	59.884637	-172.246361	-118.335220	393.995006	-300.770120	-60.968350	149.073558	-421.549505	-249.338786	192.137707	-479.182019	-338.338176	165.604253	-2.974300	-12.801898	198.923417	0.000000	0.000000	0.000000	44.187405	-245.943585	-18.709526	45.728213	-325.042016	-479.082733	59.385493	-57.587724	-774.563924	29.606228	-167.180297	-821.615704	28.801749	-228.245632	-819.379039	-165.364501	-194.257121	7.505873	-421.757584	-189.911511	-386.480230	-288.956483	-47.604172	-736.409092	-278.012372	-161.815369	-778.747855	-260.532595	-218.368974	-794.445437	
-72.994507	-117.628709	668.594164	-16.337000	-110.844621	423.051118	142.016550	-137.913271	451.015956	244.961481	-60.130534	193.031660	287.586448	-267.243196	108.218991	259.598069	-359.916459	58.004571	-172.184638	-119.637450	394.271321	-298.659074	-62.844805	148.152158	-422.157755	-249.121409	192.589806	-481.126185	-338.059235	168.942191	-3.419993	-13.426714	198.875056	0.000000	0.000000	0.000000	44.575075	-245.853091	-18.977365	44.497561	-325.540892	-479.251495	56.568707	-58.209872	-774.913238	26.212961	-167.815885	-821.563610	24.991904	-228.874745	-819.338816	-165.051036	-194.534241	7.222896	-421.739956	-193.498353	-386.593142	-293.306224	-47.880091	-736.789969	-281.431071	-161.505174	-780.434708	-263.708842	-217.954587	-796.235130	
-71.641952	-118.732803	668.600352	-15.802287	-111.662984	422.878083	142.610296	-138.873967	450.366384	244.900815	-60.757771	192.222588	288.084196	-267.264867	106.224063	260.368921	-359.859009	55.713079	-171.649894	-120.602960	394.143489	-295.878244	-64.712055	146.677625	-423.900436	-246.645018	196.036690	-485.254031	-335.385890	178.509107	-3.240966	-13.863267	198.848100	0.000000	0.000000	0.000000	45.452435	-245.673146	-19.225028	43.136436	-325.922343	-479.395788	54.328147	-58.712461	-775.201598	23.272207	-168.258800	-821.530151	21.609193	-229.307977	-819.326190	-164.300456	-195.169994	7.184628	-421.586639	-194.850243	-386.242703	-296.534098	-47.416408	-736.903288	-283.999011	-160.604406	-781.489054	-266.365861	-217.085621	-797.275485	
-70.100968	-119.902767	668.577534	-15.454096	-112.373943	422.600867	142.884452	-139.827507	450.273895	244.770432	-61.971649	191.891577	286.110595	-268.149702	104.214141	257.517444	-360.141965	53.096371	-171.243759	-121.260222	393.537283	-293.506195	-66.441230	144.855549	-426.860107	-241.445046	204.151417	-490.837884	-329.744874	196.640965	-2.662929	-13.968480	198.849318	0.000000	0.000000	0.000000	46.222159	-245.544249	-19.035595	41.419557	-326.437426	-479.074348	52.230321	-59.163094	-774.836097	20.379728	-168.578203	-820.934691	18.250041	-229.613411	-818.745437	-163.560377	-195.764673	7.860115	-421.883872	-194.526113	-384.885076	-299.676692	-46.289622	-736.209808	-286.337881	-159.142295	-781.408173	-268.879156	-215.701777	-797.108013	
-68.664568	-121.275049	668.405420	-15.591800	-113.154657	422.103116	142.584108	-141.003858	450.305864	244.493547	-63.235745	191.906373	282.493566	-268.971422	101.714572	252.376253	-359.842281	49.478515	-171.330276	-122.040933	392.766482	-293.027168	-67.848469	143.670370	-429.663303	-234.258799	218.261056	-494.619474	-322.000992	223.592637	-1.982771	-13.669099	198.878066	0.000000	0.000000	0.000000	46.638735	-245.555263	-17.839880	39.505623	-327.195736	-477.716360	49.998328	-59.637590	-773.232849	17.465381	-168.909521	-819.194345	14.952339	-229.930263	-817.008301	-162.994628	-196.157958	9.612073	-422.502720	-193.937522	-382.347067	-303.268560	-45.207770	-734.483965	-288.664284	-157.742759	-780.081477	-271.231092	-214.341922	-795.666266	
-67.333905	-123.054943	667.946624	-16.077969	-114.272177	421.282527	142.001081	-142.584366	449.567228	244.013821	-63.674622	191.554896	278.887762	-268.427943	97.930022	247.482369	-357.890296	44.047186	-171.924395	-123.635026	392.676485	-296.199580	-68.563173	145.050559	-429.917111	-227.727375	238.388548	-492.251121	-315.725843	256.197626	-1.593613	-12.977430	198.927896	0.000000	0.000000	0.000000	47.191877	-245.622044	-15.282621	38.195147	-328.020158	-474.991262	47.548412	-60.125488	-770.241013	14.836624	-169.370252	-816.140107	12.240816	-230.387491	-813.953008	-162.271327	-196.608022	12.283632	-422.808239	-195.004694	-378.995417	-307.519403	-45.432202	-732.087860	-290.880828	-157.558276	-777.994757	-273.092282	-214.073921	-793.480766	
-65.903157	-125.376099	667.116855	-16.407767	-116.028614	420.114192	141.895292	-144.598320	446.844400	243.132020	-62.160060	189.630933	277.405355	-265.211458	92.156835	246.087399	-353.578936	36.447360	-172.680562	-126.848150	394.505052	-304.539023	-68.255031	151.655257	-425.504545	-226.204629	262.762723	-480.903681	-316.807374	288.618100	-2.057406	-12.077269	198.980320	0.000000	0.000000	0.000000	48.780914	-245.521195	-11.427385	38.831839	-328.371439	-471.035129	44.949599	-60.490131	-766.381758	13.033812	-169.985041	-812.245182	10.910506	-231.020787	-810.064740	-160.797595	-197.618120	15.126049	-421.996034	-199.760076	-375.709126	-312.483655	-48.529024	-729.932116	-292.761390	-159.999625	-776.212557	-274.062656	-216.236492	-791.641075	
-64.126739	-128.236224	665.962341	-16.000862	-118.629425	418.699134	143.038180	-146.867984	441.054389	241.359394	-57.931394	184.876849	279.681522	-258.606539	84.047129	250.839837	-346.934836	26.955621	-172.952937	-132.337102	399.406059	-318.576671	-67.252270	166.267639	-415.255095	-233.737655	288.175394	-459.920008	-330.048090	314.170931	-4.000104	-11.410342	198.990111	0.000000	0.000000	0.000000	51.929851	-245.046720	-6.798211	42.605613	-327.404545	-466.507546	42.312996	-60.528779	-762.826113	12.488236	-170.644008	-808.611773	11.549840	-231.710129	-806.449982	-158.231207	-199.522465	17.066234	-419.399978	-209.574534	-373.665357	-318.111655	-55.743708	-729.213485	-294.152756	-166.127199	-776.096297	-273.951704	-221.848072	-791.503073	
-61.857192	-131.540160	664.647151	-14.535345	-122.035964	417.224845	145.629791	-148.960144	431.812797	237.919022	-51.242480	176.591979	286.002762	-248.777068	73.763131	262.562234	-338.458461	16.309144	-171.936573	-140.255770	407.899121	-337.105753	-67.247092	190.678715	-398.184388	-251.498120	310.037673	-429.607135	-354.953726	326.036760	-7.800428	-11.650474	198.863473	0.000000	0.000000	0.000000	56.322794	-244.158202	-2.309801	49.760489	-324.242443	-462.468335	39.717051	-60.148992	-761.100603	13.257111	-171.199023	-806.696312	14.177172	-232.266261	-804.558329	-154.784943	-202.210190	17.036602	-414.583724	-224.350917	-374.110082	-324.117981	-67.269533	-731.152247	-294.962316	-175.989779	-778.968533	-272.800136	-230.962934	-794.365186	
-58.976021	-135.131362	663.336258	-12.030383	-125.906094	415.831741	149.153517	-150.295509	419.768425	232.247382	-43.406026	165.065150	295.270884	-236.592015	62.046011	279.962210	-328.620251	5.569294	-168.876312	-149.995736	419.453967	-356.760714	-70.860668	223.921559	-373.688469	-275.801857	322.095701	-391.797595	-383.510153	317.923773	-13.250538	-13.377822	198.465912	0.000000	0.000000	0.000000	61.117691	-243.011394	0.954173	59.378465	-318.339624	-460.050228	37.302346	-59.442639	-762.560475	15.096832	-171.565226	-807.800361	18.308414	-232.555667	-805.684490	-151.023450	-205.244748	14.286230	-407.331765	-242.341398	-378.028991	-329.884654	-81.973963	-736.668016	-295.030248	-188.433354	-785.740517	-270.717450	-242.497389	-801.110453	
-55.373097	-138.739184	662.173673	-8.781789	-129.686821	414.595828	152.760264	-150.462827	406.651428	224.663889	-36.301127	151.699109	305.606340	-223.520747	50.196078	299.911201	-317.994943	-3.982910	-163.519924	-160.173455	432.505361	-373.111132	-79.411970	261.201718	-344.533231	-298.038677	318.745339	-352.624775	-402.669641	288.195206	-19.449064	-16.756625	197.697270	0.000000	0.000000	0.000000	65.485700	-241.864417	2.011702	69.632960	-309.747198	-460.132382	35.341510	-58.573916	-767.969241	17.593975	-171.700192	-812.675809	23.142680	-232.523146	-810.576942	-147.508861	-208.093434	8.708833	-397.864532	-260.562160	-385.689973	-334.662511	-97.580570	-745.940199	-294.240503	-201.363231	-796.455171	-267.916328	-254.496051	-811.759034	
-51.069356	-141.865174	661.392737	-5.208293	-132.792636	413.679321	155.907331	-149.490969	394.877405	216.528607	-31.591107	138.697013	315.028068	-211.634878	39.763560	318.319816	-307.962760	-11.258737	-156.534605	-168.997256	445.042511	-382.965242	-90.658537	295.416171	-318.068663	-309.045168	300.033021	-322.023790	-402.815489	244.016003	-24.927341	-21.371141	196.634592	0.000000	0.000000	0.000000	68.893758	-240.924081	0.239961	78.341423	-299.067462	-463.152437	34.162520	-57.557102	-777.395057	20.220480	-171.474251	-821.437187	27.702491	-232.090044	-819.346689	-144.640469	-210.275164	1.036977	-387.128461	-275.370299	-396.384140	-337.827268	-110.998236	-758.169900	-292.739430	-212.149693	-810.054499	-264.863473	-264.518952	-825.241952	
-46.299550	-143.829852	661.291800	-1.594652	-134.707335	413.368957	158.726267	-147.741540	386.575244	209.818179	-29.907355	128.295490	321.953795	-203.230037	31.907820	331.437297	-300.816705	-15.842328	-149.296470	-174.897457	455.357097	-385.816884	-99.338856	320.654382	-301.131447	-305.275383	272.238211	-306.703262	-384.290663	196.925777	-28.299916	-26.213486	195.589440	0.000000	0.000000	0.000000	71.166387	-240.222792	-4.378993	83.785600	-286.998914	-468.981162	34.001171	-56.091837	-790.276798	22.444317	-170.551449	-833.597036	31.067205	-231.015490	-831.506447	-142.598359	-211.538963	-7.386514	-376.702489	-283.325675	-408.663564	-339.140796	-119.010764	-771.881748	-290.975644	-218.210415	-824.759807	-262.261231	-270.170624	-839.789315	
-41.311863	-144.102743	662.058804	2.260367	-135.066170	413.931245	161.981067	-145.542873	382.784380	206.594014	-30.567576	122.027643	325.829027	-199.864452	27.015481	337.240494	-298.453017	-18.186779	-142.929436	-176.991147	462.472921	-382.850188	-100.610249	334.411134	-294.702657	-289.429640	242.200222	-305.610445	-353.760072	154.513062	-28.785252	-30.233507	194.937439	0.000000	0.000000	0.000000	72.517341	-239.597555	-11.183330	85.455856	-273.842753	-476.868080	34.922974	-53.655004	-805.488281	23.988572	-168.438590	-848.107217	32.788433	-228.877179	-846.018081	-141.255253	-212.019076	-15.246321	-368.025470	-282.544998	-420.934267	-338.809620	-119.659770	-785.560865	-289.406494	-218.019570	-838.863987	-260.661134	-270.014332	-853.713766	
-36.039913	-142.596752	663.641716	7.127551	-133.721414	415.437601	166.762322	-142.918929	383.457351	208.564402	-32.116393	120.438161	327.280648	-201.458893	24.859387	335.920168	-300.787947	-19.325102	-137.446622	-175.083957	466.246314	-375.055581	-92.955831	337.433335	-294.996207	-266.544459	213.404763	-313.028873	-317.958511	118.653296	-26.110506	-32.918741	194.879088	0.000000	0.000000	0.000000	73.463004	-238.802891	-19.162108	84.126403	-259.623453	-485.697446	36.864812	-49.920220	-821.581875	25.022420	-164.831452	-863.610116	33.163849	-225.362910	-861.540142	-140.198971	-212.164852	-21.631216	-361.384719	-273.478112	-431.873700	-336.969153	-113.272044	-798.037073	-287.959981	-211.905123	-851.198700	-259.877393	-264.312815	-865.863934	
-30.052873	-139.679673	665.728453	13.935371	-130.809598	417.668298	173.997022	-139.636924	387.786247	216.643782	-33.192213	123.108165	327.591008	-206.320501	25.011068	329.312082	-305.546296	-20.204533	-131.828118	-169.525704	467.147033	-362.737434	-78.512472	332.264457	-297.720253	-241.353670	186.727134	-323.457960	-281.963003	88.569736	-20.294957	-34.360159	195.322183	0.000000	0.000000	0.000000	74.576991	-237.660303	-27.325315	81.165187	-244.604206	-494.348659	39.628514	-45.019538	-837.084881	26.002958	-159.872652	-878.729965	33.011149	-220.547131	-876.700715	-138.925933	-212.513839	-25.981503	-355.763074	-258.623224	-440.513680	-333.490430	-102.252114	-808.467107	-286.010425	-201.903611	-861.114711	-259.010430	-254.922592	-875.614884	
-22.938901	-135.921175	667.836790	23.073408	-126.703751	420.156772	183.875718	-135.522871	394.555389	230.587252	-33.111765	128.973560	327.933702	-212.095285	27.021122	319.874875	-309.538430	-21.280638	-124.996239	-161.150970	465.794977	-346.496264	-61.201299	321.768480	-300.739198	-217.355290	162.244739	-334.086075	-249.109914	63.118295	-11.689570	-34.919178	195.926685	0.000000	0.000000	0.000000	76.167760	-236.162558	-34.878913	77.661500	-229.635679	-501.952349	42.855269	-39.472981	-850.741867	27.286411	-154.120860	-892.271147	33.087882	-214.924081	-890.287113	-137.139115	-213.408920	-28.054970	-349.806044	-241.368981	-446.351945	-328.468985	-89.753220	-816.345337	-283.069060	-190.676015	-868.402787	-257.252258	-244.310535	-882.793688	
-14.710678	-131.766099	669.458700	34.057127	-121.791941	422.335853	195.660047	-130.667798	402.428411	249.007419	-31.775944	136.762891	329.011877	-216.676932	30.383180	309.981424	-310.079635	-22.597460	-116.661203	-151.104595	462.570540	-327.948308	-44.601418	308.263500	-304.040086	-196.480375	140.076756	-344.590433	-221.259786	41.648749	-1.070551	-34.638261	196.321944	0.000000	0.000000	0.000000	78.186785	-234.471272	-41.241595	74.151296	-216.017970	-507.980940	46.106671	-33.927782	-861.653269	28.934654	-148.287289	-903.345374	33.760103	-209.177057	-901.402123	-134.854900	-214.875596	-27.932409	-342.704425	-224.834397	-449.454346	-322.628224	-78.401515	-821.599582	-279.245017	-180.408131	-873.262813	-254.408045	-234.508252	-887.635314	
-5.919744	-127.378045	670.267047	45.712359	-116.294521	423.774114	207.963285	-125.345169	410.234791	269.751012	-29.246370	145.374436	331.082228	-218.603935	34.523518	301.632350	-305.797831	-23.983750	-107.447739	-140.493782	457.692502	-309.326238	-30.912299	293.275957	-308.550086	-179.629090	120.625108	-355.699415	-199.457603	24.032183	10.454690	-33.005436	196.327791	0.000000	0.000000	0.000000	80.412473	-232.830017	-45.987361	70.867290	-205.119391	-512.188429	48.965887	-28.951565	-869.277604	30.793909	-143.014074	-911.357647	35.054377	-203.946989	-909.446293	-132.257771	-216.736417	-25.899670	-334.392999	-211.453097	-450.275427	-317.203028	-69.909332	-824.451304	-275.133527	-172.464423	-876.115142	-250.794786	-226.764360	-890.586129	
2.395771	-122.822179	670.252182	56.493907	-110.376196	424.353883	219.121204	-119.934295	417.170880	290.374938	-25.698423	154.024123	333.913787	-217.361258	38.804949	295.956715	-296.964768	-25.348874	-98.624138	-130.226838	451.527786	-292.676551	-20.979736	277.733189	-315.306238	-167.431525	104.628099	-368.370054	-184.485239	10.607757	21.606909	-29.532581	195.969970	0.000000	0.000000	0.000000	82.602520	-231.495144	-48.761069	67.936039	-198.032786	-514.451514	51.038257	-24.959690	-873.321437	32.563697	-138.778338	-915.926749	36.733766	-199.717859	-914.026657	-129.593887	-218.743310	-22.234530	-325.346822	-202.937793	-449.332084	-313.469890	-65.134258	-825.107075	-271.453322	-167.458280	-877.269747	-246.980451	-221.643401	-891.943474	
9.069803	-118.390029	669.654633	64.950940	-104.412786	424.237805	227.669769	-114.954777	422.809625	308.679881	-21.572078	162.193541	336.994028	-213.465345	42.690342	293.079257	-285.139679	-26.789539	-91.555425	-121.113880	444.753847	-279.281936	-14.906817	262.340451	-324.933486	-160.562012	93.147951	-383.282754	-177.226011	2.240876	31.160631	-24.434415	195.384839	0.000000	0.000000	0.000000	84.665205	-230.633651	-49.302556	65.575216	-195.386805	-514.700942	52.037217	-22.221194	-873.668694	33.940272	-135.880634	-916.857108	38.470813	-196.793873	-914.939687	-127.034426	-220.694785	-17.136271	-316.189555	-200.417538	-447.008947	-312.202873	-64.391626	-823.597285	-268.629811	-165.555239	-876.737227	-243.419589	-219.339918	-891.634206	
13.320372	-114.654769	668.807535	70.250025	-99.037725	423.730798	232.845688	-110.969714	427.027597	323.213475	-17.565849	169.514314	339.976009	-208.201364	45.890492	292.743837	-272.527220	-28.436337	-87.116632	-113.849765	438.236500	-269.557922	-12.534842	247.851911	-337.249226	-159.509466	87.408933	-400.337613	-178.216363	0.137347	38.293785	-18.665998	194.752221	0.000000	0.000000	0.000000	86.724731	-230.241441	-47.523888	64.195434	-197.280271	-512.935983	51.888445	-20.889026	-870.374257	34.752073	-134.472321	-914.150807	40.020054	-195.324879	-912.191311	-124.578183	-222.488251	-10.809244	-307.457882	-204.347631	-443.483811	-313.322658	-67.675626	-819.813569	-266.632464	-166.736927	-874.250930	-240.221682	-219.900954	-889.294993	
14.983584	-112.102212	667.986924	72.350028	-94.811740	423.124483	234.715930	-108.283781	429.936876	333.507310	-14.418733	175.706024	342.795567	-203.070027	48.308423	294.586559	-261.321836	-30.277769	-85.471811	-108.749023	432.721151	-263.418181	-13.435855	235.119736	-351.225959	-163.971291	88.305300	-418.541065	-187.043932	5.342947	42.829991	-13.212161	194.253164	0.000000	0.000000	0.000000	88.939657	-230.186257	-43.529813	64.230668	-203.115606	-509.211111	50.674846	-20.967300	-863.704676	34.926961	-134.541195	-908.023756	41.198117	-195.296701	-906.007297	-122.182723	-224.045196	-3.566197	-299.764014	-214.130040	-438.707463	-316.076306	-74.602846	-813.679183	-265.235148	-170.796260	-869.523124	-237.371985	-223.209645	-884.581283	
14.287914	-110.884902	667.363206	71.652333	-92.017328	422.616761	233.771619	-106.940843	431.848033	339.766042	-12.812391	180.633529	345.464545	-199.395102	50.019017	297.953040	-253.132823	-32.127713	-86.366501	-105.749744	428.578787	-260.878098	-16.891609	224.996458	-365.601232	-172.742248	95.887026	-436.593561	-202.251116	18.197012	44.997248	-8.685323	194.018231	0.000000	0.000000	0.000000	91.189109	-230.328121	-37.740205	65.771937	-211.640477	-503.795100	48.479743	-22.304000	-854.337725	34.348636	-135.919652	-899.092636	41.737241	-196.547376	-897.015943	-120.015595	-225.205072	4.064172	-294.017457	-228.062123	-432.623974	-319.734341	-84.294039	-805.460532	-264.438952	-177.161591	-862.684474	-235.086582	-228.791886	-877.618264	
11.563027	-110.852802	667.020932	68.610542	-90.670233	422.305323	230.503424	-106.899526	433.163301	342.492116	-13.234742	184.388000	347.906617	-198.001967	51.205843	302.086429	-248.704443	-33.782041	-89.462090	-104.627920	425.812834	-262.284601	-22.103909	218.164099	-379.660242	-184.366479	109.446947	-453.531795	-221.914357	38.175825	45.034086	-5.269315	194.132497	0.000000	0.000000	0.000000	93.012061	-230.621655	-30.874402	68.344514	-221.367198	-497.252245	45.318649	-24.623607	-843.358042	32.837349	-138.322570	-888.391026	41.305445	-198.807100	-886.260768	-118.469771	-225.769065	11.438015	-291.151641	-244.011174	-425.402395	-323.981159	-95.551732	-795.834219	-264.529746	-184.946898	-854.405335	-233.779307	-235.809527	-869.158994	
7.222942	-111.749769	666.944022	63.649772	-90.647023	422.162137	225.334025	-108.115620	434.147164	342.414570	-15.861238	187.195783	350.134870	-198.998842	51.893357	306.449768	-247.787097	-35.310365	-94.397860	-105.166410	424.214071	-267.910932	-28.413346	214.934328	-393.174133	-197.808209	128.100507	-468.666350	-244.593595	64.394344	43.162246	-2.832663	194.607959	0.000000	0.000000	0.000000	93.898626	-231.114197	-23.666351	71.148223	-231.111894	-490.233437	41.239102	-27.618156	-831.881203	30.321310	-141.436677	-877.018247	39.740285	-201.778979	-874.846944	-117.943971	-225.616703	17.997458	-291.566358	-260.265289	-417.474802	-328.616688	-107.279414	-785.659965	-265.766007	-193.361792	-845.627941	-233.788207	-243.492306	-860.277814	
1.843493	-113.351909	667.046871	57.225356	-91.788734	422.066539	218.714711	-110.493757	434.790574	340.473559	-20.562790	189.248491	352.589626	-201.783485	51.705799	311.282755	-249.088347	-37.452283	-100.746155	-107.180743	423.537746	-277.512953	-35.358186	215.233043	-405.695988	-212.589403	151.328372	-480.985225	-269.554284	96.256096	39.638072	-1.163840	195.373309	0.000000	0.000000	0.000000	93.655639	-231.826327	-16.613113	73.523179	-240.188087	-483.225576	36.437145	-31.042554	-820.731465	26.986023	-145.016395	-865.807471	37.231043	-205.223159	-863.614253	-118.584557	-224.785271	23.385252	-294.763630	-275.941773	-409.425670	-333.296940	-118.882361	-775.738711	-268.070252	-202.081637	-837.219616	-235.103708	-251.562820	-851.885444	
-3.824608	-115.452973	667.221385	49.918494	-93.913322	421.874269	211.248053	-113.805825	434.822338	337.755029	-26.819556	190.623477	356.323357	-205.067130	49.950982	317.884116	-250.649150	-41.360986	-107.930982	-110.479048	423.662156	-290.322748	-42.674371	218.890089	-416.008764	-228.497326	178.909386	-488.635156	-296.235189	133.264983	34.777640	-0.109836	196.300190	0.000000	0.000000	0.000000	92.601271	-232.629284	-9.971991	75.296598	-248.147375	-476.514768	31.284322	-34.692680	-810.472050	23.306060	-148.860413	-855.341670	34.328547	-208.929968	-853.155739	-120.089861	-223.530151	27.391276	-299.368049	-290.913956	-401.910600	-337.564500	-130.395111	-766.756391	-270.931307	-211.229278	-829.862625	-237.205989	-260.165912	-844.630018	
-8.942583	-117.807783	667.395268	42.443140	-96.818192	421.496042	203.693424	-117.705946	433.850730	335.258010	-33.660215	191.300148	362.796426	-207.075832	46.129934	328.121908	-250.606903	-47.656498	-115.219410	-114.881781	424.706034	-305.356843	-50.361862	226.008359	-422.355448	-245.268813	210.253713	-489.373761	-323.667068	174.078009	28.983322	0.338855	197.238721	0.000000	0.000000	0.000000	91.453404	-233.262637	-3.954392	76.855366	-254.577232	-470.360879	26.243590	-38.357123	-801.593072	19.916886	-152.753224	-846.143172	31.774824	-212.664720	-843.992147	-121.771469	-222.307732	29.808845	-303.540799	-305.542167	-395.647717	-340.974418	-142.305790	-759.365092	-273.573925	-221.155230	-824.145345	-239.208236	-269.600938	-839.054396	
-12.772729	-120.119697	667.566385	35.555300	-100.336250	420.948257	196.842978	-121.862129	431.602455	333.656722	-39.933028	191.241618	373.233759	-206.189226	40.582181	343.542957	-248.139867	-55.603947	-121.798076	-120.282165	426.960935	-321.684518	-58.564619	237.139480	-423.363064	-262.380343	243.938432	-482.094010	-350.198478	215.919270	22.766410	-0.006248	198.052901	0.000000	0.000000	0.000000	90.947049	-233.491488	1.085950	78.852229	-259.032612	-465.179846	21.763200	-41.810561	-794.699005	17.389102	-156.463169	-838.822165	30.208693	-216.177962	-836.718218	-122.918271	-221.602479	30.348396	-305.586798	-320.218905	-391.419735	-343.231592	-155.100700	-754.264836	-275.256528	-232.082784	-820.670342	-240.234364	-280.015304	-835.709908	
-14.903090	-122.103098	667.788978	29.899540	-104.375601	420.350208	191.334623	-126.030541	428.119892	333.081048	-44.657638	190.443407	387.928457	-201.724183	34.791252	364.634066	-244.151758	-62.935119	-126.918520	-126.617113	430.717855	-338.487685	-67.401064	253.157223	-418.902285	-279.183947	277.796706	-467.836964	-374.208647	254.946629	16.671046	-1.479988	198.653333	0.000000	0.000000	0.000000	91.507805	-233.228676	4.639633	81.795526	-261.155842	-461.545063	18.201989	-44.879832	-790.494912	16.062480	-159.807674	-834.063483	29.959231	-219.282406	-831.999138	-123.099236	-221.716226	28.741584	-304.435420	-334.822270	-389.953482	-344.275055	-168.802266	-752.152158	-275.512759	-243.787149	-820.016403	-239.726513	-291.129993	-835.124901	
-15.394563	-123.560606	668.056999	25.853187	-108.881672	419.801815	187.491207	-130.049770	423.758179	333.021505	-47.231575	188.884194	405.986570	-194.491907	31.098816	390.713182	-241.170809	-66.271482	-130.069369	-133.762814	436.024086	-354.866055	-76.877945	274.697115	-410.193955	-295.182000	309.450026	-449.633434	-394.728708	287.509134	11.074580	-4.279578	199.003266	0.000000	0.000000	0.000000	93.109333	-232.556734	6.231978	85.721781	-260.884221	-459.971200	15.758103	-47.505739	-789.519620	15.975628	-162.718338	-832.382382	30.980464	-221.923633	-830.329834	-122.258074	-222.628795	25.039338	-299.894928	-348.367772	-391.633441	-344.272817	-182.708984	-753.469713	-274.283208	-255.468075	-822.492254	-237.595223	-302.127870	-837.562831	
-14.678466	-124.302883	668.257006	23.561608	-113.622742	419.317021	185.387048	-133.699315	419.096029	332.754077	-47.562785	186.572552	425.802999	-186.623612	31.944883	420.645576	-242.041406	-61.839126	-130.996758	-141.307149	442.541186	-369.518992	-86.630761	301.426103	-399.171705	-309.790299	336.726795	-431.452172	-411.050057	311.214929	6.285504	-8.203647	199.089059	0.000000	0.000000	0.000000	95.350020	-231.663148	5.601764	90.134211	-258.396569	-460.724886	14.475335	-49.647633	-791.975652	16.901096	-165.154035	-833.970810	32.892393	-224.098116	-831.849755	-120.714907	-224.000843	19.726094	-292.717183	-359.117881	-396.374795	-343.496591	-195.341009	-758.226017	-271.923773	-265.805393	-828.001688	-234.267390	-311.741060	-842.907334	
-13.254782	-124.107510	668.282748	23.073565	-118.082003	418.900654	185.027923	-136.647107	414.812416	332.062851	-46.203772	183.718403	445.858331	-180.527764	39.103793	452.913686	-247.752288	-46.478077	-129.645014	-148.488636	449.666692	-380.834944	-95.874322	331.636258	-387.862072	-322.146359	357.659064	-416.883653	-422.360502	325.081530	2.721111	-12.662250	198.935979	0.000000	0.000000	0.000000	97.719265	-230.724794	2.799097	94.188748	-253.821713	-463.737604	14.251722	-51.060773	-797.691982	18.451701	-166.876912	-838.682085	35.137887	-225.618612	-836.313748	-118.926500	-225.408882	13.598111	-284.298498	-365.238684	-403.632132	-342.209002	-204.864900	-765.936345	-269.040880	-273.337622	-836.039513	-230.511480	-318.630309	-850.679351	
-11.410770	-122.762424	668.176517	24.424865	-121.564391	418.653258	186.449354	-138.547051	411.564902	331.745037	-44.115919	180.966473	464.971251	-177.707630	53.256794	484.493798	-256.814164	-19.229050	-126.101538	-154.399336	456.833687	-387.458668	-103.753652	362.370492	-378.169555	-331.284341	370.683124	-408.443009	-427.831686	329.348508	0.847355	-16.931300	198.635027	0.000000	0.000000	0.000000	99.851385	-229.819893	-1.826957	96.982881	-247.232309	-468.614923	14.904024	-51.343715	-806.132586	20.259303	-167.499127	-846.013005	37.239704	-226.132788	-843.117352	-117.209073	-226.589155	7.548074	-276.092303	-365.546435	-412.485663	-340.657403	-209.833799	-775.697229	-266.242496	-276.999614	-845.752328	-227.095907	-321.862328	-860.075329	
-9.229062	-120.119395	668.095821	27.606753	-123.466316	418.737835	189.671851	-139.178645	409.871193	333.342460	-42.190471	179.315863	482.219251	-178.586885	73.781741	511.324054	-267.423851	17.620589	-120.617493	-158.267033	463.599399	-389.003078	-109.584768	390.148432	-371.992286	-336.329136	375.207674	-407.739197	-426.796476	325.365512	1.022436	-20.441738	198.303684	0.000000	0.000000	0.000000	101.515888	-228.967259	-7.703153	97.798265	-238.966141	-474.702754	16.211317	-50.172772	-816.357678	22.010590	-166.702671	-855.066302	38.868980	-225.323550	-851.323006	-115.738920	-227.456477	2.374587	-269.227345	-359.763746	-421.792169	-339.130432	-209.578833	-786.340890	-264.032818	-276.354174	-856.039843	-224.608169	-321.066081	-870.068721	
-6.727522	-116.158964	668.137080	32.474898	-123.522933	419.226601	194.588646	-138.512214	410.004634	338.236706	-41.050826	179.634882	497.107308	-183.114019	99.112137	530.381826	-279.170152	59.625470	-113.693194	-159.626900	469.480648	-386.297705	-112.888099	412.051603	-371.168992	-336.706731	372.027308	-415.625916	-419.025001	315.514419	3.391656	-22.875180	198.011322	0.000000	0.000000	0.000000	102.442379	-228.247800	-14.118109	96.279948	-229.935801	-481.195834	17.921631	-47.530373	-827.050843	23.373155	-164.445444	-864.632136	39.724815	-223.128678	-859.781732	-114.721815	-227.979610	-1.337128	-264.503445	-348.445318	-430.329928	-337.975731	-204.179660	-796.563409	-262.852179	-271.572165	-865.637602	-223.511221	-316.415771	-879.479819	
-3.869574	-111.038034	668.232150	38.754326	-121.822182	420.009690	200.938257	-136.707896	411.923976	347.071753	-40.998703	182.384302	509.305617	-191.217406	127.427536	540.673646	-292.575994	102.215344	-106.007794	-158.398167	473.863220	-380.875573	-113.669307	426.504346	-376.885127	-332.522026	363.154793	-431.898510	-405.210483	302.852735	7.873260	-24.070284	197.741989	0.000000	0.000000	0.000000	102.390050	-227.804337	-20.304719	92.657730	-221.681261	-487.284607	19.793425	-43.773823	-836.665760	24.060225	-161.015673	-873.372019	39.585285	-219.816266	-867.364705	-114.354223	-228.145569	-3.208773	-262.324126	-332.946887	-436.917129	-337.426020	-194.448672	-805.041659	-262.942657	-263.447138	-873.217771	-224.044854	-308.691652	-887.007691	
-0.593608	-105.138268	668.187984	46.052683	-118.735192	420.828465	208.302365	-134.061394	415.284203	359.664481	-41.987334	187.653828	518.483326	-202.428121	156.977127	542.818545	-307.633116	141.716812	-98.246607	-154.900240	476.180799	-374.253912	-112.709835	433.334940	-389.134935	-324.750690	351.220185	-455.204944	-387.121896	290.466512	14.163547	-24.000494	197.399674	0.000000	0.000000	0.000000	101.373721	-227.727443	-25.581246	87.730042	-216.141811	-492.359618	21.605463	-39.572293	-843.754266	23.964357	-156.964814	-880.149847	38.469316	-215.934400	-873.307402	-114.626015	-228.011400	-3.043590	-262.749976	-315.274608	-440.565899	-337.515188	-181.861624	-810.631918	-264.250346	-253.323622	-877.579566	-226.124709	-299.207794	-891.412336	
3.081683	-99.049741	667.800689	53.773214	-114.851676	421.369863	216.027328	-131.003771	419.552472	375.166224	-43.706468	195.370175	524.454787	-215.554086	186.039973	538.521499	-323.161292	175.270197	-91.040152	-149.834308	476.136472	-367.619564	-111.407655	433.439268	-406.736057	-315.038026	338.939671	-483.326087	-367.242034	281.016177	21.675358	-22.775435	196.862184	0.000000	0.000000	0.000000	99.738143	-227.985507	-29.423313	82.481195	-215.127004	-496.048733	23.084418	-35.704711	-847.199864	23.165569	-152.945368	-884.156979	36.662533	-212.144524	-877.234768	-115.241891	-227.719582	-0.826960	-265.759893	-297.800609	-440.615917	-338.105265	-168.265126	-812.535835	-266.507059	-242.869155	-877.838802	-229.431283	-289.588435	-891.729905	
6.865892	-93.401998	667.001078	61.023994	-110.861423	421.421044	223.158574	-128.049321	424.167786	392.212906	-45.798565	205.400430	527.329339	-229.077961	213.012534	530.263625	-337.408428	200.803071	-85.060441	-144.125952	473.831785	-361.911156	-111.117514	428.445061	-427.732847	-305.222944	328.865000	-513.515792	-348.151679	276.473852	29.519313	-20.645724	196.075560	0.000000	0.000000	0.000000	97.911640	-228.500214	-31.492589	77.632231	-219.647092	-498.089624	23.872945	-32.840526	-846.285976	21.756421	-149.574785	-884.754662	34.483205	-209.040999	-878.719489	-115.869915	-227.377993	3.316054	-271.493417	-282.819967	-436.784912	-339.041688	-155.442015	-810.348572	-269.459451	-233.665816	-873.561632	-233.644965	-281.355283	-887.465026	
10.109663	-88.648331	665.950001	66.721399	-107.338335	421.014745	228.575774	-125.643358	428.674922	409.015975	-47.931275	217.473890	527.432418	-241.628461	236.570414	520.723436	-348.799866	217.532276	-81.013121	-138.675516	469.867274	-357.896411	-112.546015	420.382704	-449.840917	-296.932210	323.050588	-542.868024	-332.177985	277.772392	36.605104	-17.971281	195.141898	0.000000	0.000000	0.000000	96.069075	-229.260965	-31.637995	73.462477	-229.229735	-498.212069	23.552830	-31.261326	-840.768618	19.655972	-147.220101	-881.383685	31.987955	-206.905506	-876.889278	-116.478758	-226.906744	9.144044	-280.164159	-272.107721	-429.199781	-340.357538	-144.822532	-804.050360	-273.017642	-226.824631	-864.857728	-238.549969	-275.506268	-878.726571	
11.982372	-84.939174	665.001087	69.875909	-104.518500	420.435201	231.306379	-123.960060	432.797230	423.552285	-49.719078	230.971815	525.162085	-252.125193	255.729539	512.037115	-356.272554	226.162100	-79.478578	-134.088059	465.301171	-356.140646	-115.584091	411.342546	-470.835414	-291.336578	322.563184	-568.910015	-321.060206	284.559225	41.845297	-15.050318	194.334042	0.000000	0.000000	0.000000	93.953638	-230.368790	-29.895725	69.930661	-241.971433	-496.254708	21.751757	-30.793525	-831.083228	16.677222	-145.911531	-873.900285	28.957092	-205.702233	-870.916702	-117.483444	-225.989098	16.252792	-291.755413	-266.622092	-418.442029	-342.360311	-137.376217	-794.038045	-277.246378	-222.832616	-852.466817	-243.993161	-272.361814	-866.299718	
11.896078	-82.175005	664.555758	69.991504	-102.295174	420.081660	230.938150	-122.817518	436.378934	434.080705	-50.689191	244.716949	521.142702	-259.725175	269.814711	505.546295	-359.368860	228.329061	-80.646332	-130.550235	461.360842	-356.860411	-119.768184	403.176997	-488.863801	-289.257923	327.190583	-590.010676	-315.932137	295.501179	44.520647	-12.163155	193.941307	0.000000	0.000000	0.000000	91.066566	-231.946554	-26.429086	66.851281	-255.458265	-492.329553	18.313986	-31.010296	-818.358223	12.739197	-145.426240	-862.957774	25.215144	-205.218718	-860.999352	-119.494146	-224.234571	24.033137	-305.683026	-266.454489	-405.539355	-345.415085	-133.603577	-781.185090	-282.171206	-221.682705	-837.743210	-249.756363	-271.756376	-851.605836	
9.869468	-80.153913	664.845442	67.292154	-100.378772	420.221088	227.826032	-121.779285	439.233790	439.740007	-50.372488	257.032675	516.333250	-263.880368	278.330370	501.738731	-358.299163	225.744609	-84.155682	-127.891422	458.959747	-359.801541	-124.876077	397.266163	-502.769392	-291.291013	335.688044	-605.461086	-317.448802	308.918503	44.456912	-9.481605	194.105495	0.000000	0.000000	0.000000	87.126996	-233.965464	-21.444538	64.059177	-267.801642	-486.767453	13.429444	-31.451065	-803.946405	8.021220	-145.400529	-849.744630	20.896014	-205.123149	-848.304717	-122.819720	-221.463060	31.733498	-320.685779	-270.937688	-391.802369	-349.542957	-133.489569	-766.786365	-287.549185	-223.040605	-822.409435	-255.486624	-273.304099	-836.403733	
6.515752	-78.736409	665.827774	62.596762	-98.537551	420.857736	222.904270	-120.480733	441.120764	440.736908	-48.763122	266.165810	511.745775	-264.730873	281.045430	500.210907	-354.075509	219.582806	-89.195598	-125.848637	458.371209	-364.290848	-130.951793	394.399408	-512.310708	-297.479457	346.605473	-615.441383	-325.366570	323.523120	42.034509	-7.089225	194.746255	0.000000	0.000000	0.000000	82.313011	-236.184324	-15.243136	61.393888	-278.075831	-480.011807	7.608208	-31.808671	-789.021580	2.910141	-145.508143	-835.514213	16.344719	-205.111172	-834.242956	-127.230577	-217.849556	38.620416	-335.218253	-278.857645	-378.513239	-354.237923	-136.408917	-752.256909	-292.911566	-226.300796	-808.069722	-260.816656	-276.478394	-822.296189	
2.719003	-77.926689	667.248613	56.964045	-96.710493	421.785523	217.273214	-118.827558	441.845342	438.007363	-46.421197	270.855680	508.080578	-263.083198	278.139468	500.082080	-348.176173	210.401879	-94.784609	-124.257999	459.302955	-369.460836	-137.929334	394.790204	-517.843459	-307.121396	358.981755	-620.587298	-338.491158	338.830725	37.999180	-5.006208	195.638087	0.000000	0.000000	0.000000	77.224592	-238.236430	-8.401544	58.753436	-286.140797	-472.692846	1.487762	-32.048503	-774.661722	-2.153608	-145.643915	-821.502187	11.956592	-205.090318	-820.216694	-132.068899	-213.898450	44.077710	-347.938145	-288.979804	-366.707642	-358.642245	-141.422780	-738.796430	-297.707690	-230.781403	-795.880215	-265.455951	-280.771825	-810.407774	
-0.762604	-77.865510	668.803195	51.306049	-94.980329	422.747463	211.807025	-116.954013	441.380351	432.651532	-44.062160	270.739817	505.499406	-259.929244	270.173401	500.467413	-341.898911	198.418095	-100.097899	-123.079705	461.235726	-374.549420	-145.391422	398.193043	-519.712078	-319.151111	372.483610	-621.365851	-355.248957	354.880246	33.140982	-3.220842	196.556767	0.000000	0.000000	0.000000	72.617492	-239.822791	-1.596471	56.237805	-292.236810	-465.478894	-4.404419	-32.305943	-761.765779	-6.796027	-145.877533	-808.744292	8.090164	-205.132649	-807.381340	-136.560272	-210.261585	47.738278	-357.891671	-300.621733	-357.019430	-361.843322	-147.836266	-727.125773	-301.385578	-236.080796	-786.407355	-269.136339	-285.973693	-801.271822	
-3.524604	-78.788235	670.237673	46.201126	-93.579503	423.547473	207.006608	-115.163005	439.867404	425.528493	-42.227139	266.280957	503.626611	-256.085942	257.865033	500.546357	-335.988711	183.708235	-104.640334	-122.418086	463.663140	-379.075135	-152.789400	404.006175	-517.949475	-332.653113	387.019000	-617.792180	-374.392320	371.666634	28.068503	-1.798051	197.363084	0.000000	0.000000	0.000000	69.123537	-240.814364	4.604192	54.295677	-296.690167	-458.926233	-9.754669	-32.807827	-750.972663	-10.735302	-146.396769	-797.959867	5.051365	-205.416450	-796.516448	-140.108230	-207.480650	49.588799	-364.477646	-313.788482	-349.583290	-363.057811	-155.548254	-717.408973	-303.411771	-242.314920	-779.621813	-271.521140	-292.311544	-794.905537	
-5.447566	-80.960676	671.351023	42.001744	-92.916054	424.059461	203.149593	-113.917233	437.509812	417.220147	-41.186440	258.379303	501.719786	-252.112603	241.775197	499.412477	-330.714556	166.213431	-108.155588	-122.565432	466.104282	-382.747192	-159.893221	411.314526	-512.277405	-347.150822	402.252719	-609.481067	-395.288234	388.811737	23.259445	-0.966081	197.993247	0.000000	0.000000	0.000000	67.177591	-241.211155	9.755523	53.748898	-299.742022	-453.489805	-14.417322	-33.816778	-742.738113	-13.731136	-147.444338	-789.637082	3.131101	-206.164004	-788.123513	-142.321703	-205.896388	49.887831	-367.373925	-328.808123	-344.098906	-361.835259	-165.132823	-709.499288	-303.389510	-250.201606	-775.103695	-272.225838	-300.437524	-791.086347	
-6.517212	-84.548053	671.967321	38.995697	-93.445080	424.183337	200.465093	-113.762953	434.450229	408.153897	-41.037768	247.955945	498.804428	-248.458774	222.173411	496.042957	-326.185924	145.727119	-110.468833	-123.954344	468.042382	-385.323013	-166.835444	418.928014	-502.331800	-362.364674	417.235082	-595.937306	-417.513071	405.273235	19.182158	-0.953013	198.429830	0.000000	0.000000	0.000000	67.068786	-241.059975	13.516150	55.497190	-301.457128	-449.539687	-18.292986	-35.534678	-737.407215	-15.561788	-149.205486	-784.126533	2.582533	-207.539966	-782.546319	-142.939340	-205.679854	49.007430	-366.755349	-345.623814	-339.969984	-358.377077	-177.555553	-703.316352	-301.436833	-260.874748	-772.397913	-271.154177	-311.216434	-789.687865	
-6.721657	-89.495918	671.981423	37.388975	-95.402674	423.854748	199.112145	-115.078199	430.860501	398.608138	-41.782795	235.840394	493.768330	-245.528705	199.263435	489.336197	-322.481206	122.115267	-111.470156	-126.886558	469.063165	-386.595808	-173.883911	425.555068	-487.998739	-377.891810	430.436119	-577.008130	-440.364066	419.437576	16.230665	-1.786753	198.687277	0.000000	0.000000	0.000000	68.951506	-240.395754	15.696861	59.989626	-301.743016	-447.291934	-21.296609	-38.023695	-735.167117	-16.082718	-151.722399	-781.606613	3.530129	-209.577765	-779.958017	-141.813104	-206.846661	47.340127	-363.576896	-363.258209	-336.505669	-353.818264	-193.770277	-699.157470	-298.556889	-275.508647	-771.417841	-269.033499	-325.506035	-790.883135	
-6.132057	-95.485836	671.430072	37.131511	-98.672157	423.104488	199.017545	-117.860398	427.017819	388.717656	-43.485696	222.846369	485.469683	-243.773093	173.554025	478.074054	-319.706687	95.627359	-111.280346	-131.269323	468.989368	-386.591828	-181.110184	430.062430	-469.956643	-392.944793	440.162315	-553.508178	-462.608520	429.554360	14.549419	-3.339022	198.797450	0.000000	0.000000	0.000000	72.618798	-239.273661	16.292493	66.696523	-300.493713	-446.761993	-23.450827	-41.190060	-736.006741	-15.396514	-154.876207	-782.069684	5.793511	-212.170724	-780.353234	-139.062917	-209.177447	45.209358	-359.426370	-379.932723	-333.292863	-350.212272	-214.346618	-697.756937	-296.770269	-294.944776	-772.619685	-267.794070	-343.986746	-795.103725	
-5.019240	-102.003756	670.473389	37.848951	-102.863748	422.060300	199.811134	-121.769682	423.246690	378.490280	-46.266221	209.759688	472.942002	-243.563126	146.053059	461.068835	-317.845158	67.094976	-110.320151	-136.643013	467.874655	-385.668830	-188.295332	431.667291	-449.736719	-406.561283	445.116526	-527.272696	-482.826864	434.246587	13.947124	-5.431339	198.794465	0.000000	0.000000	0.000000	77.395360	-237.825466	15.486318	74.154267	-297.770551	-447.761465	-24.946774	-44.824417	-739.694145	-13.897420	-158.434749	-785.321009	8.881459	-215.114435	-783.543092	-135.181198	-212.192723	42.870472	-355.671548	-393.868112	-330.438254	-349.834405	-239.455842	-699.843855	-298.679381	-319.763348	-776.592860	-270.269575	-367.388725	-802.573108	
-3.851962	-108.505496	669.322669	38.928749	-107.463802	420.895194	200.899858	-126.301920	419.858044	367.875790	-50.264237	197.279925	455.750867	-245.019496	118.197110	437.718032	-316.674003	37.987263	-109.205667	-142.380682	465.962735	-384.400740	-195.096518	430.122220	-429.308120	-418.013922	444.844991	-500.758679	-499.887675	433.100692	13.983230	-7.844211	198.711345	0.000000	0.000000	0.000000	82.275868	-236.295835	13.630106	80.532238	-293.867612	-449.926661	-26.109882	-48.653370	-745.772714	-12.150746	-162.119407	-790.959078	12.151413	-218.161576	-789.140991	-130.997625	-215.251511	40.546201	-352.765846	-403.936801	-328.504019	-354.382793	-269.128071	-705.547400	-306.787084	-350.593625	-783.358414	-279.439295	-396.781708	-812.837668	
-3.099208	-114.558295	668.172560	39.763158	-111.957147	419.770595	201.700360	-130.919281	417.055707	356.983243	-55.485701	185.969768	434.401417	-247.847768	91.582308	408.924512	-315.630440	10.037180	-108.498520	-147.875095	463.616377	-383.295241	-201.318393	425.848583	-410.556399	-427.121798	439.821895	-476.314863	-513.425423	426.633600	14.187201	-10.297162	198.584875	0.000000	0.000000	0.000000	86.324829	-234.977810	11.147762	84.447719	-289.153964	-452.817588	-27.252898	-52.396808	-753.643907	-10.648024	-165.662626	-798.436085	15.067876	-221.070135	-796.612513	-127.386949	-217.801134	38.377292	-350.278747	-409.771152	-328.294367	-364.908604	-303.347764	-714.037480	-322.695345	-387.652624	-791.930183	-297.136196	-432.639981	-824.688917	
-2.942838	-119.907301	667.158372	40.060533	-115.913038	418.799276	201.941327	-135.147903	414.898121	346.263057	-61.685961	176.196862	410.471947	-251.413784	67.632121	377.599688	-313.868334	-15.506407	-108.417205	-152.659901	461.203359	-382.509412	-207.025193	419.806409	-394.677298	-434.283028	431.270296	-455.408146	-523.862212	415.981210	14.261450	-12.501641	198.452969	0.000000	0.000000	0.000000	89.107409	-234.050507	8.429117	85.515597	-283.853612	-456.015902	-28.514857	-55.795896	-762.633231	-9.590825	-168.821919	-807.110257	17.419126	-223.611238	-805.316324	-124.840958	-219.609197	36.388472	-347.394310	-411.510370	-330.524723	-381.635499	-341.710718	-723.326542	-346.145489	-430.053011	-800.090077	-322.894381	-474.007489	-835.834403	
-3.155320	-124.479342	666.350445	39.958817	-119.050070	418.037781	201.773702	-138.647692	413.297862	336.470294	-68.511049	168.060447	386.345557	-255.151581	47.298278	347.437812	-311.029444	-37.889885	-108.743900	-156.480784	459.031934	-381.804802	-212.377504	413.106665	-381.906227	-440.120241	420.777226	-438.424649	-531.942038	402.865001	14.178357	-14.263120	198.340108	0.000000	0.000000	0.000000	90.791729	-233.483221	5.767788	84.322302	-278.053184	-459.177468	-29.774295	-58.639338	-772.014461	-8.835170	-171.403866	-816.251560	19.356253	-225.596537	-814.512879	-123.275683	-220.797053	34.486992	-343.401466	-409.591365	-335.489621	-402.932609	-382.683694	-730.546249	-374.871813	-475.956463	-804.501129	-354.484558	-519.346984	-842.604797	
-3.231536	-128.331988	665.750249	39.902895	-121.235563	417.483163	201.648009	-141.222551	412.039912	328.428253	-75.640480	161.381835	364.600341	-258.784909	30.785396	321.299412	-307.664368	-56.558747	-108.973652	-159.269756	457.273247	-380.718311	-217.447127	406.616916	-371.738805	-445.118744	409.873414	-424.904035	-538.355696	389.215447	14.085560	-15.477489	198.255656	0.000000	0.000000	0.000000	91.978512	-233.065380	3.361885	82.058342	-271.801155	-462.044986	-30.701933	-60.798918	-781.091424	-7.989592	-173.294020	-825.139218	21.282336	-226.912974	-823.469772	-122.186059	-221.704028	32.488095	-337.992341	-404.828412	-342.844365	-425.075972	-423.327299	-733.244098	-405.008782	-522.373718	-802.118307	-388.316426	-566.269364	-841.422307	
-2.728870	-131.614127	665.301122	40.308747	-122.499720	417.083122	201.981535	-142.843091	410.866405	322.663699	-82.909275	155.822364	347.267992	-262.297209	17.546085	301.207807	-304.579004	-71.806477	-108.671207	-161.105799	455.924090	-378.917369	-222.078827	400.741380	-363.452828	-449.423555	399.833333	-414.070230	-543.497814	376.717655	14.106917	-16.118388	198.203061	0.000000	0.000000	0.000000	93.244802	-232.581787	1.392597	79.877301	-265.255541	-464.392934	-30.990331	-62.301632	-789.270653	-6.683031	-174.524932	-833.160204	23.577821	-227.594283	-831.563391	-121.076609	-222.626985	30.253354	-331.590298	-398.362501	-351.561211	-443.706610	-459.803989	-731.024773	-431.994316	-564.858956	-792.529391	-419.718584	-610.412345	-831.573752	
-1.536352	-134.550058	664.905983	41.283455	-123.073466	416.748298	202.882273	-143.688545	409.576731	319.195203	-90.281783	151.075803	335.452964	-265.720149	6.636208	288.070336	-302.260448	-84.538702	-107.750842	-162.211300	454.841407	-376.468288	-225.907637	395.431469	-356.515758	-452.873624	391.698001	-405.298173	-547.472279	366.842562	14.225435	-16.260159	198.183009	0.000000	0.000000	0.000000	94.782385	-231.963609	0.060404	78.367243	-258.792893	-466.000921	-30.570305	-63.359830	-796.100878	-4.786262	-175.304019	-839.860315	26.385460	-227.845485	-838.329595	-119.783159	-223.635799	27.867717	-325.355527	-391.574700	-360.098613	-455.373604	-488.489322	-726.214135	-451.915254	-598.656575	-779.202417	-444.290120	-646.426989	-816.753872	
0.168381	-137.399334	664.473293	42.616841	-123.335005	416.384988	204.141730	-144.117468	408.115163	317.634353	-97.657806	147.031586	329.473533	-268.893772	-2.780994	282.084017	-300.615710	-95.738638	-106.460203	-162.921191	453.842240	-373.788507	-228.528399	390.382785	-350.633710	-455.186139	386.417161	-398.167560	-550.272558	361.009911	14.331048	-16.084058	198.189770	0.000000	0.000000	0.000000	96.465589	-231.268083	-0.532904	77.576425	-252.840236	-466.773472	-29.595178	-64.277716	-801.416381	-2.388506	-175.923102	-845.077707	29.639447	-227.948553	-843.598632	-118.415399	-224.632590	25.604253	-320.430080	-386.192713	-366.912934	-458.450248	-507.238428	-722.772580	-462.061805	-620.656680	-768.377387	-458.462876	-670.290834	-804.067238	
2.127611	-140.367611	663.977846	43.957286	-123.658519	415.948475	205.414444	-144.511998	406.604540	317.460474	-104.711892	143.801669	329.155765	-271.264412	-11.211909	283.170539	-298.954534	-106.142343	-105.188644	-163.547232	452.805754	-371.428045	-229.533464	385.291100	-345.654223	-455.942720	384.890147	-392.301415	-551.728411	360.485984	14.330138	-15.844762	198.209111	0.000000	0.000000	0.000000	98.089643	-230.583993	-0.513853	77.352022	-247.603426	-466.864274	-28.292257	-65.279768	-805.427154	0.345763	-176.592893	-849.021404	33.200715	-228.100936	-847.572718	-117.134651	-225.511634	23.697299	-316.934551	-384.224735	-371.108347	-452.919879	-515.493984	-724.115562	-461.201822	-630.119264	-765.936567	-460.250712	-680.597082	-800.597097	
4.163675	-143.521470	663.490515	44.982466	-124.271859	415.476880	206.391077	-145.106716	405.290633	318.226897	-110.865427	141.616604	334.027105	-271.837427	-18.833077	290.981301	-296.031265	-116.069326	-104.298316	-164.231575	451.705957	-369.890337	-228.482273	380.092019	-341.476549	-454.444529	387.793768	-387.233945	-551.307159	366.107042	14.198585	-15.807703	198.221537	0.000000	0.000000	0.000000	99.557132	-229.954676	-0.210803	77.588855	-242.870696	-466.636571	-26.861879	-66.344061	-808.624648	3.270490	-177.282442	-852.166840	36.941409	-228.261087	-850.727389	-115.975870	-226.266161	22.154165	-314.133905	-387.015322	-372.655217	-439.279560	-513.337247	-731.429597	-449.016358	-627.417514	-774.411329	-448.966495	-677.539251	-809.597631	
6.301653	-146.755682	663.127794	45.602687	-125.187610	415.059796	206.998250	-145.905977	404.438494	319.733351	-115.377874	140.691376	343.435634	-269.301292	-25.596070	305.001265	-290.023802	-125.528787	-103.910503	-164.893655	450.602909	-369.391330	-225.048860	375.123696	-337.860593	-449.834418	395.195248	-382.261508	-548.169842	377.727405	14.053088	-16.143838	198.204814	0.000000	0.000000	0.000000	101.118983	-229.272247	-0.089692	78.407899	-238.034174	-466.576413	-25.338896	-67.238715	-811.674903	6.395987	-177.759228	-855.141210	40.875740	-228.194339	-853.702012	-114.658586	-227.070875	20.731904	-311.019032	-394.410184	-372.233078	-418.028107	-500.849165	-743.120555	-425.965933	-612.659294	-792.028916	-425.286149	-661.283337	-829.251319	
8.739839	-149.830831	662.980861	46.013391	-126.237953	414.784280	207.442429	-146.725275	404.223691	322.087932	-117.584996	141.143926	356.505124	-262.348212	-31.380854	324.258075	-278.959624	-134.227147	-103.841000	-165.307915	449.587674	-369.774732	-219.193743	371.029429	-334.379472	-441.514954	406.328952	-376.621005	-541.566454	394.009352	14.157174	-16.871333	198.136805	0.000000	0.000000	0.000000	103.355254	-228.272192	-0.563652	80.095017	-232.295411	-467.088251	-23.576818	-67.635660	-815.178426	9.903375	-177.699647	-858.493575	45.172381	-227.586238	-857.061688	-112.609631	-228.234241	19.125578	-306.330097	-405.057041	-370.986490	-390.214225	-478.637787	-755.547338	-394.016661	-586.210873	-813.600025	-391.953788	-632.462069	-853.685415	
11.654647	-152.486865	663.085032	46.497998	-127.226725	414.699544	208.006885	-147.364326	404.702194	325.494343	-117.217272	142.993267	371.916597	-250.198426	-36.078557	347.017274	-261.298966	-141.671990	-103.797943	-165.281947	448.714353	-370.699670	-211.102798	368.341796	-330.671306	-429.440327	419.839906	-369.912894	-531.221671	412.978544	14.781938	-17.925367	197.998577	0.000000	0.000000	0.000000	106.806828	-226.670608	-1.886028	82.804519	-224.888025	-468.386979	-21.420269	-67.205060	-819.529015	13.956380	-176.777970	-862.581037	49.959180	-226.138027	-861.163908	-109.291919	-229.999190	17.124089	-298.982043	-416.617724	-370.396912	-358.175392	-448.879556	-765.103184	-356.956868	-550.516295	-833.110758	-353.605842	-594.209475	-875.888599	
15.021911	-154.548066	663.416382	47.209701	-128.054163	414.801210	208.833988	-147.762750	405.870803	329.916433	-114.463725	146.190371	387.913158	-232.947400	-39.561426	370.982622	-236.382916	-147.240233	-103.616825	-164.765101	447.933413	-371.854237	-201.034401	367.130823	-326.618132	-414.036404	434.283212	-362.104660	-517.402470	432.675434	16.038713	-19.237404	197.777509	0.000000	0.000000	0.000000	111.613440	-224.310860	-4.230597	86.301323	-215.294159	-470.578559	-18.870190	-65.728321	-824.974476	18.519633	-174.784324	-867.635886	55.160843	-223.672663	-866.229795	-104.537758	-232.373501	14.560163	-288.681311	-426.130334	-372.131948	-325.468402	-415.426229	-770.716758	-319.639810	-510.660877	-847.221211	-315.547484	-552.552110	-891.703167	
18.553686	-155.969989	663.915446	48.062070	-128.734064	415.048124	209.819947	-148.001481	407.716925	334.895355	-109.792372	150.617886	402.605872	-211.448548	-41.702262	393.650038	-204.665603	-150.177863	-103.380928	-163.823652	447.107694	-373.029743	-189.345523	366.895596	-322.242094	-395.950182	448.508900	-353.205122	-500.731594	451.436198	17.801408	-20.767334	197.471742	0.000000	0.000000	0.000000	117.405544	-221.239673	-7.730810	89.890572	-203.405719	-473.700017	-16.129029	-63.148428	-831.631840	23.318074	-171.676560	-873.783676	60.491508	-220.161614	-872.383538	-98.655154	-235.113380	11.244756	-276.102260	-430.920838	-377.539645	-295.591583	-382.457795	-774.539921	-286.313542	-472.457358	-856.823203	-282.046082	-514.001007	-901.613615	
21.774741	-156.841019	664.517757	48.738578	-129.354048	415.389472	210.626077	-148.229345	410.217278	339.627242	-103.751165	156.083257	414.284994	-186.969457	-42.427870	412.608037	-167.694713	-149.753744	-103.412775	-162.571319	446.059577	-374.160602	-176.584317	366.718037	-317.587762	-375.839094	461.705664	-343.174319	-481.906702	468.140959	19.764229	-22.486765	197.096376	0.000000	0.000000	0.000000	123.447135	-217.712939	-12.357222	92.649685	-189.656670	-477.617137	-13.490815	-59.563374	-839.331640	27.944831	-167.576076	-880.895449	65.556365	-215.722308	-879.503372	-92.315182	-237.833977	7.105773	-262.419653	-429.491132	-386.992376	-270.687008	-352.805998	-779.915728	-259.379396	-439.875114	-865.048852	-255.445835	-482.696648	-908.650576	
24.112156	-157.384008	665.154979	48.768835	-130.071108	415.768656	210.753059	-148.665633	413.330314	343.110974	-96.869861	162.327745	421.611861	-161.013360	-41.704002	425.844892	-128.114391	-145.592936	-104.196211	-161.170354	444.554212	-375.389234	-163.620230	365.534136	-312.826169	-354.387455	473.327134	-332.088599	-461.584875	482.497425	21.557439	-24.365011	196.684733	0.000000	0.000000	0.000000	128.895638	-214.150702	-17.782333	93.798877	-175.028934	-481.937620	-11.216646	-55.211045	-847.509592	31.979107	-162.767326	-888.460536	69.936423	-210.642107	-887.092149	-86.348205	-240.158309	2.357824	-248.746218	-421.867948	-399.624563	-251.142282	-327.458644	-788.750329	-239.258004	-414.309887	-874.027333	-236.258012	-459.814906	-914.899822	
24.940124	-157.948431	665.731197	47.613217	-131.134947	416.102568	209.620655	-149.665768	416.990964	344.329757	-89.742504	169.066842	423.682710	-135.265346	-39.587204	432.194083	-89.165528	-138.053109	-106.275791	-159.897530	442.274385	-377.064638	-151.720019	362.259648	-308.443375	-332.407390	482.960923	-320.409870	-440.377288	495.032643	22.864762	-26.363213	196.278997	0.000000	0.000000	0.000000	133.032552	-211.055490	-23.425205	92.917773	-160.760000	-486.095275	-9.490647	-50.442960	-855.378526	35.027884	-157.679467	-895.747310	73.213506	-205.373836	-894.431852	-81.564939	-241.822652	-2.559525	-236.078675	-409.292541	-413.729428	-236.060153	-306.051992	-800.613271	-225.088507	-395.192536	-883.620067	-223.715993	-444.277299	-920.213362	
23.632723	-158.946606	666.112278	44.749952	-132.840448	416.272298	206.649680	-151.714163	421.052629	342.542703	-83.178532	176.022705	420.125115	-111.492396	-36.309643	431.547680	-53.847322	-128.177709	-110.143145	-159.154389	438.850651	-379.613171	-142.365274	355.785252	-305.325187	-310.784626	490.105091	-309.267815	-418.748755	506.676897	23.468963	-28.416547	195.920822	0.000000	0.000000	0.000000	135.346164	-208.925749	-28.675205	89.969254	-147.943559	-489.570566	-8.392157	-45.662363	-862.251452	36.772939	-152.823937	-902.097628	75.005504	-200.482986	-900.868388	-78.672785	-242.685378	-7.210111	-225.530533	-393.490986	-427.533578	-224.247606	-287.521405	-813.676714	-215.824333	-380.656307	-892.489659	-216.685075	-433.387330	-923.617867	
19.646342	-160.739362	666.141067	39.770933	-135.414402	416.138803	201.361053	-155.303701	425.284269	337.492443	-78.162011	182.959870	411.212360	-91.291455	-32.211510	424.707479	-24.313366	-117.211443	-116.117335	-159.368005	434.003559	-383.257972	-137.098713	344.920513	-304.781051	-290.535681	493.997914	-300.483802	-397.087662	517.969385	23.244994	-30.432590	195.644547	0.000000	0.000000	0.000000	135.512301	-208.152240	-33.164458	85.229492	-137.267190	-492.130006	-7.875974	-41.229880	-867.810270	37.023543	-148.669474	-907.205365	75.024044	-196.516402	-906.083546	-78.213442	-242.675302	-11.355196	-218.354652	-375.889341	-439.836010	-215.228775	-270.857966	-826.224880	-211.084978	-368.600624	-899.612506	-214.500627	-424.281342	-924.876272	
12.591848	-163.542177	665.671180	32.413248	-138.946691	415.571882	193.415729	-160.782476	429.427943	329.433623	-75.718570	189.705240	397.824418	-76.002069	-27.615606	413.107148	-1.831797	-106.090954	-124.326633	-160.851053	427.691515	-387.753750	-137.381600	328.438462	-308.540527	-272.907604	493.615850	-296.369774	-375.791280	528.447506	22.101563	-32.366493	195.466601	0.000000	0.000000	0.000000	133.297736	-208.954350	-36.886494	79.197819	-129.064535	-493.934897	-7.835156	-37.399011	-872.154603	35.679079	-145.542384	-911.176761	73.048542	-193.886181	-910.164070	-80.550524	-241.711593	-14.990139	-215.750173	-357.164510	-450.160251	-209.678226	-255.529994	-837.421501	-211.137132	-357.441984	-905.011143	-217.081541	-415.086605	-924.810858	
2.216574	-167.351275	664.603227	22.488005	-143.380346	414.479361	182.548145	-168.257734	433.253216	318.933299	-76.733017	196.132938	381.155079	-66.781987	-22.808055	398.497633	12.715261	-95.420689	-134.835768	-163.682510	420.058744	-392.267510	-144.249538	305.397995	-318.354636	-259.299776	487.677812	-299.580104	-355.206220	536.625673	19.849089	-34.290364	195.380259	0.000000	0.000000	0.000000	128.419147	-211.416250	-40.031388	72.439022	-123.553731	-495.387105	-8.187588	-34.321285	-875.603324	32.619816	-143.611825	-914.353038	68.812071	-192.844869	-913.429403	-85.960464	-239.616335	-18.231727	-218.595479	-337.479904	-458.472594	-208.730693	-241.055643	-846.986130	-216.425960	-346.035936	-909.247376	-224.696322	-404.744454	-924.582892	
-11.622257	-171.847545	662.927558	9.802082	-148.438107	412.846610	168.492647	-177.484646	436.599378	306.591375	-81.678858	202.177318	362.404481	-64.528203	-18.041854	382.529245	18.542609	-85.772241	-147.756569	-167.598038	411.348221	-395.366990	-157.780432	275.743929	-335.184282	-250.984524	474.783223	-312.887230	-335.623977	540.246395	16.119905	-36.321473	195.356495	0.000000	0.000000	0.000000	120.486350	-215.535152	-42.643375	65.369458	-120.942910	-496.754443	-8.878589	-32.077234	-878.353149	27.686563	-142.909064	-916.960164	61.984539	-193.481134	-916.100167	-94.679617	-236.067705	-21.104361	-227.045828	-316.907001	-464.867295	-213.045694	-226.646557	-854.732358	-227.186136	-333.406885	-912.687705	-237.714883	-392.484945	-924.902260	
-28.873094	-176.289598	660.741171	-5.813310	-153.499476	410.748489	151.018280	-187.764271	439.390537	292.828138	-90.309820	207.881781	342.484237	-69.558946	-13.498897	366.247103	15.237949	-77.826060	-163.212837	-171.937665	401.832281	-395.315752	-176.595579	240.890146	-358.507819	-248.578281	453.937720	-338.347236	-317.539138	536.305028	10.532340	-38.426273	195.334975	0.000000	0.000000	0.000000	109.093062	-221.150933	-44.517287	58.129118	-121.402730	-498.009733	-9.803039	-30.725947	-880.358260	20.777300	-143.360326	-918.952899	52.289034	-195.714649	-918.140165	-106.795528	-230.616621	-23.415261	-240.458332	-295.288391	-469.434503	-222.353625	-211.231641	-860.515571	-243.189494	-318.481182	-915.469590	-256.262193	-377.399612	-925.861420	
-49.110640	-179.518296	658.230837	-24.314592	-157.517566	408.333641	130.132051	-197.841129	441.662837	277.825662	-101.590161	213.351518	321.793283	-81.248878	-9.266568	349.737081	3.304695	-72.218999	-181.138131	-175.627648	391.826693	-390.914950	-197.727306	203.940767	-386.312319	-251.759576	425.266164	-375.599572	-302.378629	521.543736	2.982362	-40.239455	195.231024	0.000000	0.000000	0.000000	94.003072	-227.798579	-45.409801	50.499683	-124.828166	-498.959109	-10.807040	-30.246737	-881.481386	11.913223	-144.698728	-920.156159	39.600975	-199.172694	-919.381190	-122.044102	-222.760708	-24.909630	-257.737454	-271.980667	-472.286493	-235.327372	-193.567871	-864.315753	-263.530382	-300.017941	-917.508935	-279.847586	-358.271499	-927.024122	
-71.218927	-180.302283	655.636897	-44.982340	-159.229861	405.806797	106.601601	-206.020032	443.537147	261.874180	-113.754688	218.634407	300.462578	-97.776663	-5.332934	332.472665	-15.358552	-69.174773	-200.824355	-177.393824	381.777364	-382.296076	-217.646556	169.072023	-415.464186	-259.913667	390.519465	-420.470501	-293.203518	494.505738	-6.103664	-41.117553	194.975263	0.000000	0.000000	0.000000	75.607117	-234.569973	-45.291409	42.140484	-130.516887	-499.444869	-11.653402	-30.508551	-881.717029	1.454463	-146.415366	-920.511368	24.262744	-203.106162	-919.762362	-139.411049	-212.248035	-25.552223	-277.184388	-246.366669	-473.699267	-249.747790	-172.740955	-866.336767	-286.306855	-277.081730	-918.614673	-306.750618	-334.074760	-927.786044	
-93.299406	-177.947127	653.217984	-66.154812	-157.784961	403.409773	82.301626	-210.774264	445.163940	245.775022	-124.676089	223.652623	278.875691	-116.384285	-1.605724	314.142509	-37.679722	-68.351619	-220.695184	-176.353508	372.320237	-370.881532	-233.759776	140.060875	-442.164769	-273.345712	352.845404	-465.664611	-294.585488	457.454446	-15.770835	-40.498515	194.562103	0.000000	0.000000	0.000000	55.354511	-240.328294	-44.373518	33.062429	-137.203935	-499.423906	-11.956937	-31.387693	-881.266325	-9.692242	-147.975661	-920.167784	7.388263	-206.647078	-919.428742	-157.037266	-199.552463	-25.606585	-296.462915	-218.726663	-474.131038	-263.069478	-148.864527	-866.994729	-308.732656	-249.842318	-918.714181	-333.960703	-304.909228	-927.739042	
-113.312969	-172.705983	651.197761	-85.802815	-153.303490	401.369381	59.639328	-211.503714	446.645287	230.611851	-132.591986	228.138891	257.872148	-134.271441	1.953597	295.129590	-60.427782	-69.125010	-238.898593	-172.547710	364.148159	-358.841576	-244.925298	118.850390	-462.348344	-293.460948	315.970256	-503.032196	-311.316239	415.832336	-24.947617	-38.299939	194.046366	0.000000	0.000000	0.000000	35.431831	-244.309077	-42.993957	23.836345	-143.567710	-498.975478	-11.337340	-32.892907	-880.474302	-20.354219	-149.136114	-919.428369	-9.457530	-209.263622	-918.673424	-172.914111	-185.978073	-25.503963	-313.452776	-190.430994	-474.068787	-273.253610	-123.144243	-866.744531	-328.098535	-219.738721	-917.911735	-358.286549	-272.276126	-926.787088	
-129.916985	-165.588273	649.707815	-102.399335	-146.798934	399.833398	40.561692	-208.755360	447.938872	217.221311	-136.570060	231.641921	238.579722	-149.491209	5.185317	276.436685	-81.181656	-70.931872	-254.143616	-166.908104	357.840881	-348.289579	-251.229389	105.210146	-471.767549	-321.422805	283.400149	-525.155407	-346.407820	375.443117	-32.970876	-34.950233	193.480396	0.000000	0.000000	0.000000	17.894215	-246.474914	-41.481728	15.410937	-148.835235	-498.277911	-9.652268	-35.133130	-879.684675	-29.606841	-150.016994	-918.604072	-24.915410	-210.942806	-917.791086	-185.713331	-173.178365	-25.639772	-327.099185	-163.345668	-473.852563	-279.327085	-97.331629	-865.895535	-342.778933	-188.884440	-916.378082	-377.626107	-238.489887	-925.052244	
-142.762190	-157.772741	648.768661	-115.363597	-139.595347	398.835903	25.968422	-203.758743	448.824999	205.896793	-136.513647	233.633019	221.952672	-161.296595	7.726521	259.217166	-98.832954	-73.531230	-266.083301	-160.775429	353.790906	-340.379627	-253.723801	97.594719	-466.688259	-355.994859	257.320616	-525.490785	-397.928663	339.358664	-39.799382	-31.089220	192.854169	0.000000	0.000000	0.000000	3.930813	-247.331649	-40.030288	8.621707	-153.011058	-497.506023	-7.023484	-38.190020	-879.080144	-37.053010	-150.905970	-917.868655	-38.262472	-211.998528	-916.940419	-195.100492	-162.440056	-26.203273	-337.494266	-139.019874	-473.592204	-281.382441	-73.014858	-864.530204	-352.513341	-159.178182	-914.257648	-391.425282	-205.697962	-922.745163	
-152.264940	-150.070295	648.314740	-124.935175	-132.680199	398.318434	15.736384	-197.706837	449.049483	196.382461	-133.115557	233.645974	208.438189	-169.952759	9.138933	244.156438	-113.445405	-77.025426	-275.098732	-155.278477	352.119938	-335.220954	-253.735197	94.268387	-445.954568	-391.902395	237.703019	-500.402649	-455.390741	308.066780	-45.775742	-27.202119	192.114256	0.000000	0.000000	0.000000	-6.459735	-247.500660	-38.633084	3.691618	-156.618434	-496.715824	-3.712535	-42.061371	-878.618051	-42.830781	-152.024013	-917.208035	-49.517673	-212.758590	-916.102747	-201.580973	-154.164522	-27.129257	-345.353182	-118.013903	-473.227936	-280.158329	-50.977538	-862.578006	-357.936002	-131.535007	-911.747812	-400.327632	-174.933619	-920.101077	
-159.032244	-142.884559	648.247178	-131.592435	-126.499673	398.195030	9.312923	-191.368746	448.476978	188.283976	-127.411449	231.491872	198.055139	-175.990079	9.117474	231.344346	-125.384501	-81.569214	-281.664473	-150.942892	352.642982	-332.272283	-252.444320	93.930517	-412.876431	-421.750810	223.405942	-454.208891	-504.055786	282.261197	-51.151971	-23.474791	191.247669	0.000000	0.000000	0.000000	-14.010799	-247.414540	-37.155930	0.264716	-160.270199	-495.854632	0.005288	-46.738095	-878.134434	-47.312077	-153.508975	-916.504380	-59.069426	-213.464216	-915.178169	-205.989676	-148.037503	-28.120039	-351.227823	-100.113568	-472.631596	-276.384875	-31.299019	-859.930976	-359.808449	-106.033049	-909.041809	-405.257087	-146.238055	-917.302913	
-163.408692	-136.592741	648.479617	-135.616657	-121.272941	398.398848	6.249320	-185.233595	447.119171	181.485584	-120.173032	227.430563	190.626498	-179.555173	7.667198	220.646066	-134.618775	-87.057228	-285.956557	-147.826274	354.960247	-330.803757	-251.002685	95.847942	-373.929088	-441.195110	213.715025	-397.559054	-535.848235	262.998215	-55.863097	-20.004324	190.321839	0.000000	0.000000	0.000000	-19.338369	-247.301623	-35.478934	-2.123518	-164.362394	-494.855859	3.923301	-52.205556	-877.493720	-50.729102	-155.491901	-915.654595	-67.142664	-214.337528	-914.101451	-208.944630	-143.703492	-28.792936	-355.259320	-85.302192	-471.695461	-270.584848	-14.091602	-856.529197	-358.672847	-82.861314	-906.205882	-406.826413	-119.792148	-914.428689	
-165.476979	-131.672140	648.942440	-137.105126	-117.241148	398.873912	6.241777	-179.722358	445.116258	176.171665	-111.913551	222.115118	185.935111	-180.460685	5.062826	212.021170	-140.725677	-93.089187	-287.935459	-145.857784	358.557963	-330.431985	-250.364405	99.582595	-334.891681	-450.812927	207.869726	-339.707016	-551.531534	250.047887	-59.651339	-16.929950	189.468613	0.000000	0.000000	0.000000	-22.586209	-247.287979	-33.605638	-3.667789	-168.990903	-493.729629	8.006220	-58.323348	-876.670699	-53.048914	-158.031351	-914.641627	-73.636954	-215.543922	-912.891804	-210.701171	-141.093096	-28.902252	-357.484104	-74.121827	-470.434772	-263.275171	0.247227	-852.444772	-354.998782	-62.719185	-903.224216	-405.467462	-96.405382	-911.495820	
-165.301306	-128.456566	649.588366	-136.188798	-114.568135	399.574251	8.902347	-175.191747	442.747482	172.567564	-103.311686	216.361388	183.718002	-178.672066	1.647131	205.631315	-143.416148	-99.199278	-287.602300	-144.995033	362.937764	-331.078477	-250.939432	104.710275	-298.871673	-453.142113	204.722273	-285.475050	-555.088902	241.787148	-62.258806	-14.382854	188.839179	0.000000	0.000000	0.000000	-23.735206	-247.437762	-31.654604	-4.263337	-174.048458	-492.563795	12.423749	-64.834091	-875.736362	-54.087902	-161.067953	-913.504743	-78.329297	-217.134016	-911.613595	-211.334878	-140.228926	-28.478116	-358.073928	-67.044337	-469.038002	-255.045717	11.534950	-847.915559	-349.341329	-46.230422	-900.146213	-401.683850	-76.879795	-908.580869	
-163.093546	-126.938875	650.388010	-133.176554	-113.207175	400.460223	13.656972	-171.855648	440.345848	170.779056	-95.274220	210.886384	183.589515	-174.595928	-2.302946	201.715710	-142.857052	-105.051454	-285.153320	-145.193575	367.688136	-332.901739	-252.575237	110.812491	-267.066569	-450.348551	202.883379	-236.662573	-549.949817	236.073847	-63.573846	-12.424171	188.539829	0.000000	0.000000	0.000000	-22.967243	-247.749647	-29.722684	-3.682348	-179.395442	-491.413296	17.370488	-71.498398	-874.744040	-53.735864	-164.496361	-912.247002	-81.119766	-219.093227	-910.264780	-210.949838	-140.962866	-27.698768	-357.269201	-63.894503	-467.735651	-246.470386	20.259971	-843.207842	-342.264405	-33.396541	-897.069021	-396.018260	-61.416037	-905.769474	
-159.211393	-126.804493	651.309383	-128.555379	-112.915181	401.479880	19.840835	-169.694005	438.158475	170.793157	-88.599513	206.122293	185.129463	-168.988917	-6.569375	200.331428	-139.607438	-110.486650	-280.999406	-146.285988	372.474974	-336.191523	-254.830140	117.587102	-240.047359	-443.825060	201.030626	-194.080254	-538.401605	230.842110	-63.707474	-11.027674	188.581571	0.000000	0.000000	0.000000	-20.685800	-248.172124	-27.812128	-1.813308	-184.958817	-490.251673	22.883733	-78.175539	-873.676817	-52.093482	-168.232728	-910.816103	-82.134455	-221.411747	-908.777258	-209.734213	-142.950378	-26.727041	-355.262233	-63.933916	-466.680835	-238.029959	27.506082	-838.477877	-334.235737	-23.627970	-894.032345	-388.927119	-49.666304	-903.039280	
-154.081772	-127.649262	652.331368	-122.885087	-113.364096	402.591132	26.849541	-168.459783	436.274913	172.463732	-83.664184	202.159720	188.014147	-162.760981	-10.930901	201.249761	-134.463172	-115.416420	-275.680996	-147.984574	377.117428	-341.165645	-257.325139	125.021748	-218.263157	-434.661097	198.319349	-158.260171	-522.197395	224.462428	-62.943552	-10.169263	188.886094	0.000000	0.000000	0.000000	-17.320596	-248.640226	-25.862232	1.230537	-190.717628	-489.007192	28.879605	-84.780218	-872.465465	-49.373958	-172.212692	-909.114463	-81.598633	-224.096465	-907.048199	-207.878911	-145.826265	-25.664068	-352.163477	-66.319070	-465.938887	-230.109217	34.517303	-833.732991	-325.585059	-16.147591	-890.951641	-380.698018	-41.183808	-900.226153	
-148.138992	-129.127054	653.430642	-116.688038	-114.219942	403.758657	34.213726	-167.749458	434.642942	175.497615	-80.373874	198.829287	191.989915	-156.740113	-15.184575	204.106044	-128.412047	-119.797630	-269.745520	-149.954297	381.610517	-348.054459	-259.919391	133.475034	-202.090156	-423.929922	194.471508	-129.635669	-502.911771	215.887322	-61.670823	-9.801260	189.324869	0.000000	0.000000	0.000000	-13.231532	-249.095617	-23.814281	5.205080	-196.654932	-487.616493	35.270533	-91.237694	-871.036273	-45.752004	-176.382942	-907.047964	-79.690659	-227.161855	-904.975578	-205.531134	-149.295038	-24.607515	-347.947805	-70.379610	-465.596397	-223.005987	42.254594	-828.970581	-316.506023	-10.317115	-887.711543	-371.424886	-35.703093	-897.184534	
-141.692337	-130.981272	654.567488	-110.269114	-115.163029	404.948080	41.724631	-167.081724	433.107292	179.648220	-78.313276	195.829066	196.969739	-151.463869	-19.239963	208.701776	-122.419342	-123.700223	-263.537458	-151.886710	386.126207	-357.168231	-262.706011	143.745947	-191.852697	-412.668423	189.655104	-108.628074	-481.957189	204.458870	-60.239008	-9.733055	189.788805	0.000000	0.000000	0.000000	-8.644290	-249.496897	-21.619314	9.960416	-202.766799	-486.024944	42.075451	-97.507418	-869.321879	-41.245361	-180.734362	-904.565666	-76.435817	-230.653981	-902.494772	-202.772136	-153.167037	-23.683428	-342.415765	-75.715839	-465.817249	-216.861752	51.023168	-824.301744	-307.075822	-5.788149	-884.222005	-361.035589	-33.107380	-893.827740	
-134.843296	-133.034904	655.688922	-103.621222	-115.911377	406.130409	49.482346	-166.002918	431.442965	184.849927	-76.926366	192.812088	203.118972	-147.131698	-23.158245	215.027453	-116.994868	-127.288600	-257.065735	-153.600396	391.017632	-368.760465	-265.771451	157.056585	-188.022060	-401.801913	184.532830	-96.071950	-460.634780	190.036769	-58.851442	-9.637995	190.228489	0.000000	0.000000	0.000000	-3.578194	-249.818190	-19.206476	15.583059	-209.076446	-484.153121	49.468433	-103.581909	-867.232926	-35.663424	-185.315830	-901.632628	-71.663486	-234.654340	-899.551267	-199.590782	-157.393136	-22.989253	-335.235905	-82.132218	-466.743173	-211.611368	60.386963	-819.932890	-297.282878	-2.513716	-880.434449	-349.378357	-33.239435	-890.039569	
-127.547892	-135.254291	656.739527	-96.542317	-116.354591	407.282235	57.745319	-164.269428	429.420086	191.173273	-75.697232	189.512484	210.755528	-143.658021	-27.059901	223.215783	-112.119392	-130.709445	-250.093654	-155.149305	396.744973	-382.850358	-269.054358	174.940721	-191.210618	-392.222070	180.374534	-93.341811	-440.365118	173.277638	-57.606777	-9.323994	190.624719	0.000000	0.000000	0.000000	2.196411	-250.027908	-16.493668	22.373744	-215.673634	-481.912925	57.718362	-109.442598	-864.657198	-28.669032	-190.200133	-898.222739	-65.060405	-239.249185	-896.105324	-195.824368	-162.115915	-22.557305	-326.053759	-89.545468	-468.376980	-206.940108	69.285505	-816.115933	-287.066873	-0.753609	-876.371769	-336.352828	-35.882605	-885.705328	
-119.696445	-137.786175	657.679000	-88.797861	-116.637717	408.388999	66.745499	-161.952101	426.921684	198.681674	-74.233159	185.878238	220.160807	-140.728699	-30.968993	233.417607	-107.593364	-134.019844	-242.290125	-156.796996	403.759333	-399.029533	-272.271331	199.078445	-201.827505	-384.679085	179.042007	-101.985679	-422.660034	155.901574	-56.535799	-8.947701	190.963093	0.000000	0.000000	0.000000	9.135465	-250.051897	-13.468930	30.805351	-222.700279	-479.285129	67.093247	-114.996725	-861.529274	-19.874884	-195.419148	-894.392396	-56.261853	-244.469778	-892.236186	-191.147479	-167.632243	-22.353022	-314.595328	-97.903737	-470.549308	-202.204755	76.394185	-813.078596	-276.265554	-0.923077	-872.185117	-321.962039	-40.742468	-880.932369	
-111.205765	-140.844328	658.476042	-80.307765	-117.057318	409.423886	76.503342	-159.341382	424.015849	207.194978	-72.214776	182.081228	231.350223	-137.841050	-34.749230	245.474658	-103.121104	-137.161129	-233.422434	-158.794216	412.253453	-416.294064	-274.725605	230.832092	-219.713173	-379.440149	182.702897	-123.204064	-408.908279	140.702379	-55.593268	-8.901095	191.241784	0.000000	0.000000	0.000000	17.699125	-249.742924	-10.297237	41.363082	-230.327557	-476.414697	77.716869	-120.032115	-857.912758	-8.989671	-200.903998	-890.361502	-44.988176	-250.240687	-888.211198	-185.175275	-174.207990	-22.344555	-300.863447	-107.135016	-473.009408	-196.594103	80.450996	-811.058386	-264.778856	-3.459901	-868.210312	-306.524352	-47.551077	-876.182058	
-102.140261	-144.509439	659.132569	-71.324402	-117.884225	410.357640	86.687198	-156.745016	420.976681	216.092965	-69.273851	178.475850	243.804858	-134.317268	-38.104703	258.655414	-98.180141	-139.921894	-223.605707	-161.133825	421.931441	-433.042206	-275.117340	270.472069	-243.868258	-376.152406	193.460807	-157.358569	-400.000182	131.060649	-54.664849	-9.602128	191.475362	0.000000	0.000000	0.000000	28.021870	-248.899822	-7.380625	54.367429	-238.800162	-473.649147	89.435432	-124.281053	-854.021414	4.015130	-206.485938	-886.531957	-31.211792	-256.380996	-884.489339	-177.672426	-181.827498	-22.557821	-285.344976	-117.066990	-475.541315	-189.529911	80.627984	-810.315701	-252.764955	-8.690270	-864.906182	-290.754556	-56.180583	-872.098360	
-92.855934	-148.632764	659.726953	-62.472082	-119.299706	411.203559	96.602936	-154.452552	418.275102	224.335455	-65.173095	175.546257	256.321984	-129.576200	-40.636151	271.533576	-92.255981	-141.972127	-213.473375	-163.573880	431.999803	-447.471063	-271.585916	316.352441	-272.223933	-374.003587	212.792478	-203.232623	-396.151908	130.962939	-53.566771	-11.385087	191.687876	0.000000	0.000000	0.000000	39.641449	-247.369088	-5.282970	69.907913	-248.426891	-471.421627	101.747768	-127.642490	-850.136303	18.767900	-212.010780	-883.416022	-15.321202	-262.700836	-881.662072	-168.830450	-190.007392	-23.044637	-268.972976	-127.219978	-478.028771	-180.764447	76.866461	-811.053845	-240.493123	-16.524371	-862.698588	-275.370697	-66.439345	-869.203761	
-84.022308	-152.908529	660.351136	-54.541950	-121.489558	411.973921	105.418602	-152.849693	416.418494	230.770597	-60.152079	173.729929	267.221097	-123.499752	-42.057385	282.215657	-85.213098	-143.064645	-204.094234	-165.874250	441.268805	-458.229688	-262.164563	364.202751	-301.484645	-372.022112	240.558454	-256.092907	-397.038903	144.328663	-52.071130	-14.378361	191.898726	0.000000	0.000000	0.000000	51.524520	-245.184530	-4.537612	87.867490	-259.470140	-470.023956	113.949354	-130.443277	-846.453575	34.561394	-217.529791	-881.449249	1.935730	-269.189550	-880.240747	-159.381753	-197.905202	-23.844768	-252.959219	-136.859965	-480.460672	-170.603315	69.945642	-813.306981	-228.254990	-26.389795	-861.807597	-260.795783	-77.930215	-867.719361	
-76.381042	-157.055580	661.026806	-48.134249	-124.651569	412.632798	112.521048	-152.415127	415.739440	234.611039	-54.960662	173.251562	274.896111	-116.442173	-42.393674	288.980955	-77.215722	-143.171022	-196.573231	-167.988290	448.436065	-464.965536	-245.916740	407.344002	-327.584627	-369.798249	274.282140	-306.768704	-401.741075	171.847890	-49.943433	-18.436785	192.117150	0.000000	0.000000	0.000000	62.535484	-242.591851	-5.415440	108.052882	-271.916926	-469.388104	125.589073	-133.467792	-842.954393	50.710209	-223.325243	-880.769743	19.809714	-276.047784	-880.426092	-150.310408	-204.748220	-24.950616	-238.468324	-145.420352	-482.869531	-159.959258	61.073231	-816.837263	-216.369868	-37.525952	-862.142739	-247.162878	-90.185494	-867.530702	
-70.397461	-160.947220	661.676737	-43.353788	-128.859515	413.107826	117.796542	-153.574850	416.319319	235.838338	-50.640048	174.091594	278.425799	-109.055874	-41.963100	290.930243	-68.525314	-142.432418	-191.515089	-170.029059	452.444506	-468.410040	-224.112865	438.303858	-347.133495	-368.026935	309.826849	-345.569505	-409.831671	208.849919	-46.926747	-23.160084	192.366192	0.000000	0.000000	0.000000	71.935952	-239.907253	-7.781314	130.106364	-285.219716	-469.046324	136.957846	-137.663655	-839.461928	66.877746	-229.627356	-881.207155	37.812096	-283.377138	-882.086891	-142.371079	-210.183358	-26.287204	-226.319967	-152.812402	-485.245268	-149.854729	51.334673	-821.124351	-205.074592	-49.301575	-863.310298	-234.396983	-102.838327	-868.237833	
-66.217237	-164.574746	662.158765	-39.940436	-133.878726	413.331981	121.476770	-156.526898	418.036956	235.187319	-48.312074	176.038666	277.758617	-102.268643	-41.175755	288.180988	-59.634261	-141.009892	-188.874442	-172.099469	452.726313	-469.956761	-200.122674	450.920805	-359.259855	-367.907014	343.588553	-367.974729	-422.334201	249.205532	-42.788266	-27.935384	192.696755	0.000000	0.000000	0.000000	79.389587	-237.412570	-11.107886	152.882779	-298.600392	-468.335648	148.836933	-143.671059	-835.769978	82.916635	-236.377668	-882.366174	55.504936	-290.943075	-884.782825	-135.954315	-214.217195	-27.658684	-217.022131	-159.376670	-487.443278	-140.935116	41.422536	-825.419852	-194.527907	-61.282525	-864.612007	-222.443836	-115.602358	-869.120177	
-64.050217	-167.907187	662.291488	-37.818874	-139.151472	413.228223	123.580357	-161.203539	420.616422	233.669348	-49.049068	178.737323	273.404918	-97.485510	-40.307711	281.636395	-51.724463	-138.955268	-188.420401	-174.157645	449.114497	-470.774496	-178.042895	441.571316	-366.770589	-369.198118	373.980859	-375.946894	-439.288909	290.617205	-37.622285	-32.052570	193.133263	0.000000	0.000000	0.000000	84.506079	-235.449727	-14.593451	173.897688	-312.038250	-466.639648	161.465725	-151.779626	-831.591800	98.245830	-243.498660	-883.573242	71.959583	-298.517773	-887.642084	-131.457255	-216.872066	-28.689416	-211.022752	-165.488815	-489.135331	-133.362727	31.774925	-828.831749	-184.963739	-72.996128	-865.120919	-211.550396	-128.011556	-869.209837	
-64.459473	-170.813068	661.868996	-37.497071	-144.033773	412.663493	123.520940	-167.349551	423.625482	231.975991	-53.621908	181.742793	266.060687	-96.493853	-39.404129	272.701286	-46.789260	-136.246925	-190.255358	-175.979958	441.619045	-470.512541	-161.587763	409.298676	-375.844853	-368.629493	399.431932	-376.527446	-456.640502	334.624380	-32.095315	-34.900896	193.636461	0.000000	0.000000	0.000000	86.572350	-234.503461	-17.440619	189.746833	-326.732121	-463.592304	173.923128	-162.298885	-826.550669	111.544463	-251.308603	-883.973477	85.615253	-306.371200	-889.488140	-129.591328	-217.965610	-28.890584	-208.757468	-171.344424	-489.911771	-127.067799	22.772284	-830.474865	-176.810416	-83.829489	-863.915500	-202.353828	-139.367936	-867.559938	
-68.214464	-173.054308	660.750499	-39.947389	-147.989066	411.511275	120.224922	-174.587232	426.609590	230.174950	-62.280713	184.737833	256.420547	-100.926391	-38.249637	262.996117	-47.226660	-132.940037	-194.812637	-177.190438	430.435109	-466.292910	-153.578127	356.025767	-393.195932	-361.544435	413.753128	-380.224702	-465.051167	381.126055	-27.253121	-36.175365	194.143945	0.000000	0.000000	0.000000	84.703054	-235.051321	-19.159575	197.199129	-344.503698	-459.122342	184.321990	-175.732121	-820.200986	121.038893	-260.583675	-882.704347	94.630004	-315.313883	-889.169631	-131.233714	-217.126356	-27.774866	-210.496292	-176.951874	-489.385960	-121.956873	14.797706	-829.577949	-170.607164	-93.113021	-860.318248	-195.687317	-148.890168	-863.506164	
-75.882363	-174.250200	658.964769	-46.126527	-150.562002	409.764159	112.599031	-182.373965	429.380145	227.730993	-74.706115	187.810331	245.078796	-111.626774	-36.336162	253.854403	-55.121850	-129.198175	-202.453129	-177.300901	416.175204	-453.067749	-155.516162	287.670078	-419.901669	-347.462091	405.917163	-398.186750	-453.749707	419.252353	-24.003889	-35.968966	194.610657	0.000000	0.000000	0.000000	78.218312	-237.248851	-19.639207	193.977889	-366.674402	-453.287881	190.557734	-192.617667	-812.063590	125.058046	-272.231077	-879.016577	97.354684	-326.273174	-885.843040	-136.972917	-213.900576	-24.950929	-216.374633	-182.082453	-487.189310	-117.931147	8.053656	-825.560201	-166.895054	-100.335886	-854.034489	-192.377922	-155.951713	-856.821991	
-87.468496	-173.837002	656.677573	-56.344998	-151.282799	407.538816	100.187326	-189.849189	432.051178	223.813431	-89.851762	191.383751	232.522112	-128.100036	-33.042094	245.845352	-71.338427	-125.203812	-212.988173	-175.776940	399.987026	-426.619770	-167.080554	215.374611	-447.897110	-333.104988	369.999202	-433.546494	-425.632518	426.383049	-22.653601	-34.613317	195.017932	0.000000	0.000000	0.000000	67.120685	-240.669327	-19.076389	179.114988	-392.911266	-446.255618	191.152846	-213.055115	-801.972230	122.581361	-286.678485	-872.603365	92.801935	-339.620692	-879.306620	-146.577363	-207.944265	-20.293957	-226.406921	-186.119732	-483.038247	-114.900077	2.403459	-818.244079	-166.062580	-105.352829	-845.216705	-192.981517	-160.299358	-847.769510	
-102.260268	-171.114522	654.083456	-69.800615	-149.658786	405.018190	83.732872	-195.801387	434.832944	217.922394	-105.805658	195.881797	219.300456	-148.373420	-27.930218	238.685215	-94.896103	-120.976329	-225.431478	-172.209182	383.463815	-389.014709	-185.127837	153.530205	-467.330621	-327.604094	313.194653	-475.610456	-402.086470	392.757473	-22.834059	-32.357440	195.383886	0.000000	0.000000	0.000000	52.442534	-244.379406	-17.869147	153.349185	-420.788556	-438.464066	185.671731	-236.203799	-790.474256	113.567953	-303.312520	-864.017926	81.023817	-354.656673	-870.285480	-158.782800	-199.310262	-14.178400	-240.026368	-187.840590	-477.049091	-112.790582	-2.289300	-808.288420	-167.999481	-108.202820	-834.572362	-197.327240	-161.904217	-837.084232	
-118.905039	-165.597500	651.414880	-84.620170	-145.562309	402.475885	65.300150	-199.087851	437.824217	210.443776	-120.163418	201.375551	206.303776	-169.490497	-21.010220	231.733332	-122.895009	-116.274953	-238.198984	-166.735615	368.427154	-350.623911	-204.364897	112.028046	-475.153276	-338.061579	248.201599	-511.769384	-402.670786	328.397193	-23.956342	-29.465689	195.706739	0.000000	0.000000	0.000000	36.190680	-247.405745	-16.475797	119.583748	-446.529261	-430.719502	174.819804	-260.160968	-778.919575	99.169361	-320.484125	-854.743936	63.438309	-369.735501	-860.420105	-171.594594	-188.774613	-7.551544	-255.494060	-185.916085	-470.081603	-111.343373	-5.919632	-797.433976	-171.844100	-108.939334	-823.571020	-204.225626	-160.852972	-826.155174	
-135.836372	-157.434712	648.971814	-98.709243	-139.680555	400.267470	47.508866	-199.363673	440.872653	202.489879	-131.001476	207.396304	194.724477	-188.519413	-12.915105	224.742242	-151.212190	-110.896103	-249.868287	-160.344109	356.472063	-323.034406	-220.725702	90.395735	-469.908756	-369.750105	180.646797	-528.939607	-439.044373	241.145438	-25.773612	-26.404151	195.912743	0.000000	0.000000	0.000000	20.601659	-249.263307	-15.303441	82.514935	-466.648625	-424.097760	160.246199	-282.677004	-769.264019	81.511286	-336.321177	-846.944922	42.565292	-383.136725	-852.057570	-183.151698	-177.735910	-1.728391	-270.119618	-179.975267	-463.694746	-110.063682	-8.426375	-788.180176	-176.306132	-107.839619	-814.361971	-211.925764	-157.581416	-817.056870	
-151.975836	-147.159991	646.974966	-111.108309	-133.078274	398.622323	31.911703	-197.230470	443.570766	194.826507	-137.914402	213.040767	185.222411	-203.686203	-4.875646	217.896913	-176.001043	-105.170611	-260.120125	-154.379421	348.265432	-311.191069	-233.692318	82.000426	-439.231612	-420.182977	109.431342	-499.233364	-509.463952	128.799347	-28.578344	-23.532488	195.889666	0.000000	0.000000	0.000000	6.784665	-250.066668	-14.541322	46.208664	-479.515431	-419.512234	143.380698	-302.554765	-763.416249	62.279152	-349.818265	-842.788205	20.358761	-394.021461	-847.623837	-192.781017	-167.238855	2.056698	-281.394645	-170.375857	-459.591578	-108.372649	-9.777039	-783.024922	-180.357113	-105.119419	-809.189964	-219.112960	-152.452051	-811.995895	
-166.848489	-135.127393	645.486080	-122.318327	-126.313509	397.520629	18.240965	-193.625923	445.507242	187.139028	-142.143330	217.413628	177.255861	-214.942160	1.755601	211.216339	-195.260085	-99.991503	-269.663936	-149.795797	343.373327	-312.831616	-245.554881	81.147128	-370.411681	-462.925691	44.268015	-391.848489	-563.714151	7.818437	-32.947004	-20.893154	195.502512	0.000000	0.000000	0.000000	-5.821113	-250.120270	-14.028013	11.837562	-485.319580	-417.230049	124.315180	-320.291153	-762.399365	41.465654	-361.094698	-843.530329	-3.236286	-402.445163	-848.678218	-201.078904	-157.147597	3.080994	-287.817898	-157.297371	-458.933802	-105.665174	-9.833259	-783.606622	-183.505596	-100.516072	-809.568861	-225.313615	-145.169318	-812.474741	
-179.918561	-121.614224	644.483228	-132.974483	-119.404722	396.816403	5.776976	-189.155944	446.549595	178.878062	-145.282086	220.021874	169.940936	-223.278991	6.147280	204.737722	-208.975790	-96.213715	-279.054254	-146.841192	341.120646	-321.376370	-258.150585	84.966615	-290.080105	-471.024475	9.927607	-261.856036	-551.885385	-57.979223	-39.166312	-18.276815	194.615567	0.000000	0.000000	0.000000	-18.178507	-249.559159	-13.438300	-21.038765	-485.062529	-416.839351	102.475267	-337.316038	-766.042318	18.287912	-370.921421	-849.074686	-29.151293	-408.917580	-855.433840	-208.724438	-146.867773	1.245531	-288.601045	-141.269778	-461.971197	-101.392718	-8.728594	-790.183928	-185.408518	-93.856824	-815.700037	-230.261879	-135.445585	-818.669528	
-190.135878	-107.732829	643.929984	-142.575190	-112.663652	396.420080	-4.908965	-184.100749	446.772262	170.641948	-147.517561	220.835861	163.574668	-229.207037	8.273835	199.350162	-217.726899	-94.105321	-287.892098	-145.186353	341.471494	-330.013414	-270.968608	92.071316	-230.191417	-458.794880	10.324986	-172.552543	-516.483739	-62.449859	-46.940433	-15.507440	193.130464	0.000000	0.000000	0.000000	-29.701161	-248.498365	-12.538886	-51.030727	-480.010309	-417.692802	78.626702	-354.544350	-773.325615	-6.514779	-380.329971	-858.162144	-56.490968	-414.423898	-866.799833	-215.305876	-137.010312	-3.023149	-283.075827	-124.570073	-468.032634	-95.235312	-7.310488	-801.654950	-185.369277	-86.168252	-826.431214	-233.070387	-124.461060	-829.352170	
-196.545108	-95.562066	643.750509	-149.888383	-106.989376	396.283236	-12.266896	-178.783871	446.247896	164.140351	-147.597142	220.169190	159.688684	-232.206585	8.681232	196.492261	-221.742506	-93.442080	-295.319470	-144.172917	344.695832	-335.672072	-283.174966	102.114036	-189.765048	-443.760303	32.478616	-116.259297	-485.829649	-36.611883	-55.557208	-12.716249	191.036527	0.000000	0.000000	0.000000	-38.296031	-247.382370	-11.233756	-74.401033	-471.665048	-419.395653	55.321160	-371.839153	-783.036130	-30.437969	-390.693778	-869.065668	-82.262770	-420.863383	-880.838942	-219.710158	-129.555888	-8.961234	-271.163968	-110.573957	-475.837597	-87.291698	-6.677996	-816.035094	-182.627842	-79.520304	-839.732343	-232.597975	-114.824199	-842.356802	
-199.024863	-86.771989	643.853794	-154.037221	-103.069398	396.350277	-15.212369	-173.415174	445.030075	160.910543	-144.153223	218.472868	159.737588	-231.314686	7.980030	197.089457	-220.827755	-93.941672	-300.621400	-143.113786	350.485233	-338.657867	-295.025844	115.385714	-161.725185	-429.865796	66.003376	-78.935502	-461.368049	1.972924	-64.071382	-10.238572	188.502760	0.000000	0.000000	0.000000	-42.205484	-246.816881	-9.536483	-87.825082	-461.476633	-421.898543	35.264242	-388.744234	-794.170580	-51.198392	-403.862225	-880.233730	-103.757554	-431.178890	-895.265675	-221.274068	-126.215872	-15.650107	-254.025418	-101.370388	-483.935701	-78.074824	-7.261202	-831.099306	-176.973353	-75.666916	-853.376676	-228.356620	-108.925539	-855.349204	
-198.349447	-81.558253	644.208739	-155.121181	-100.619825	396.589156	-14.116396	-167.923207	443.263517	161.029924	-136.704567	216.210940	163.762244	-225.910181	6.590750	200.907614	-214.744883	-95.334364	-303.429089	-141.805170	357.825658	-341.267389	-307.022724	131.845011	-143.844736	-417.387994	104.106857	-55.065438	-440.839697	44.822154	-71.603957	-8.234338	185.871810	0.000000	0.000000	0.000000	-41.409289	-247.017757	-7.636648	-90.801120	-450.221750	-425.333919	19.532361	-405.222558	-805.898038	-68.301936	-421.868141	-890.273789	-120.417553	-448.704497	-907.547977	-220.237306	-127.046560	-22.187522	-233.832471	-96.663477	-491.094108	-68.351239	-8.590641	-844.925787	-168.860701	-75.147457	-865.531124	-220.700223	-107.736870	-866.459104	
-195.688188	-78.979456	644.866860	-153.958730	-98.707122	397.042414	-10.423775	-162.198739	441.281786	163.230450	-125.867413	213.843981	170.546355	-216.059250	4.756340	206.991703	-203.572453	-97.268106	-303.875687	-140.492651	365.850230	-346.527669	-319.352750	151.407456	-136.164937	-406.548267	143.036983	-43.271306	-423.396503	87.961284	-77.607561	-6.578238	183.513090	0.000000	0.000000	0.000000	-37.435942	-247.696566	-5.981759	-85.485573	-438.076277	-429.832233	7.492280	-421.843237	-817.284244	-82.505448	-446.456414	-897.320529	-133.179119	-475.947792	-914.556038	-217.457127	-130.674394	-27.824195	-213.091419	-94.897457	-496.526977	-58.957800	-9.880644	-856.183325	-159.120292	-77.487147	-874.981671	-210.438622	-110.901043	-874.526094	
-192.046128	-77.799513	645.882752	-151.482191	-96.557495	397.789645	-5.568870	-156.262904	439.444866	165.975691	-112.988719	211.621430	178.657605	-202.336336	2.427969	214.318651	-187.657464	-99.581794	-302.514375	-139.195114	374.011719	-356.245735	-331.379271	174.076677	-138.259293	-397.325011	181.736480	-42.664561	-408.816772	130.006326	-81.880975	-5.065292	181.695101	0.000000	0.000000	0.000000	-32.122336	-248.463180	-5.002393	-75.087446	-425.240240	-435.242205	-2.006540	-439.463425	-827.012974	-94.193614	-477.494432	-898.890596	-142.594155	-512.063196	-912.926736	-213.938848	-135.433824	-32.022397	-194.241421	-94.788383	-499.934041	-50.628651	-10.645599	-864.122294	-148.755073	-81.633885	-881.104951	-198.653824	-117.085274	-879.212712	
-187.934451	-77.277321	647.251902	-148.249006	-94.144554	398.881118	-0.302657	-150.461304	438.007731	168.311387	-99.585872	209.568014	187.166984	-185.430212	-0.624630	222.220552	-167.323536	-102.293538	-299.916681	-137.741325	381.842486	-369.807248	-341.561456	199.172038	-148.038781	-389.270900	220.808991	-50.883684	-396.751877	171.297937	-84.416706	-3.729672	180.563480	0.000000	0.000000	0.000000	-26.431152	-249.137419	-4.770818	-62.249604	-412.469238	-440.938424	-9.384126	-457.958626	-833.574911	-102.456923	-511.318064	-893.586838	-147.817206	-551.459054	-901.696754	-210.341437	-140.382092	-34.451900	-179.240716	-95.949357	-501.399246	-43.736431	-10.853971	-868.462025	-138.760576	-86.268698	-883.940153	-186.697752	-124.272636	-881.112640	
-183.405065	-77.299503	648.920288	-144.357397	-92.084469	400.315845	5.256138	-145.486202	437.121224	170.005661	-87.114767	207.656454	195.582982	-166.049847	-4.524566	230.299709	-142.968996	-105.297550	-296.405229	-136.190112	388.904195	-384.758830	-348.146253	224.392597	-162.311818	-381.859026	260.536443	-64.063015	-386.928537	212.914019	-85.241690	-2.850935	180.191530	0.000000	0.000000	0.000000	-20.459892	-249.694231	-5.000402	-48.777852	-401.123495	-445.987587	-14.092901	-475.157045	-836.299566	-105.962778	-542.072042	-883.134546	-147.665854	-586.723179	-884.459135	-206.849370	-145.349405	-34.992482	-169.197476	-98.414596	-501.212179	-38.140953	-10.756135	-869.285407	-129.926542	-90.213097	-884.068462	-175.973657	-130.498371	-881.417652	
-178.360476	-77.956623	650.741814	-139.780340	-91.138773	401.974275	11.165596	-142.107865	436.731529	171.189043	-76.833573	205.786788	203.363156	-145.090577	-9.181906	237.979251	-115.395737	-108.243067	-292.171623	-134.935349	394.705592	-398.355738	-350.074543	245.588555	-178.296085	-375.132370	299.174526	-78.383548	-379.347019	255.059405	-84.447628	-2.653896	180.568037	0.000000	0.000000	0.000000	-14.239151	-250.120704	-5.263076	-36.212573	-392.750250	-449.533722	-15.226319	-487.680286	-836.283407	-104.211957	-564.690154	-871.811466	-142.087476	-612.452023	-867.467052	-203.468615	-150.318244	-33.801388	-164.203935	-102.037686	-499.750548	-33.369576	-10.650771	-866.995046	-122.750664	-92.728244	-882.188839	-167.580572	-134.432643	-881.053342	
-172.860225	-79.225547	652.460387	-134.709005	-91.740820	403.592275	17.244333	-140.879848	436.548758	171.951595	-69.497509	203.795810	209.578056	-123.713521	-14.265202	244.242369	-86.015184	-110.548076	-287.486120	-134.509008	398.681894	-408.780416	-347.301917	257.959823	-194.829248	-370.014399	333.024080	-91.951890	-374.417832	296.373277	-82.332455	-3.087341	181.535386	0.000000	0.000000	0.000000	-8.225448	-250.390849	-5.252129	-25.943677	-388.358613	-451.181928	-12.312027	-492.583786	-835.861983	-97.752632	-576.283832	-864.241761	-132.196730	-626.162225	-856.471613	-200.314384	-155.003792	-31.393586	-163.255178	-106.284249	-497.477665	-28.959327	-10.669254	-862.388772	-117.266468	-93.652096	-878.888429	-161.774115	-135.696672	-880.149379	
-167.265890	-80.885187	653.795093	-129.679579	-93.746719	404.858686	22.957364	-141.823525	436.182400	172.146168	-65.070369	201.543606	213.008327	-103.218996	-19.319922	247.775155	-56.819186	-111.686022	-282.849695	-135.135340	400.389419	-415.282487	-339.991638	257.941944	-212.220926	-367.716355	357.555922	-105.590449	-372.760847	334.084308	-79.482892	-3.880371	182.785868	0.000000	0.000000	0.000000	-3.218488	-250.510695	-4.985284	-18.869616	-387.844585	-451.188007	-5.853253	-488.138808	-836.932867	-87.874910	-575.862004	-863.168247	-119.635473	-627.352706	-854.531158	-197.708064	-158.839184	-28.622024	-164.474892	-110.124246	-494.995005	-24.657335	-10.578032	-856.767477	-113.084095	-93.100977	-874.856519	-157.954112	-134.617996	-878.501485	
-162.109039	-82.560813	654.583978	-125.408205	-96.492712	405.573063	27.635057	-144.293329	435.295978	171.469401	-62.717721	198.947059	212.640181	-84.775424	-24.042080	247.462880	-30.004752	-111.681821	-278.914625	-136.433462	399.691528	-417.557185	-327.396394	244.426499	-231.027724	-368.533021	368.684860	-122.002581	-374.725996	364.038632	-76.665870	-4.696352	183.966164	0.000000	0.000000	0.000000	-0.044449	-250.535182	-4.789655	-15.173418	-389.937707	-450.368465	2.753885	-474.048618	-839.767258	-76.348962	-563.753013	-868.176194	-106.199896	-616.574784	-860.868166	-196.108383	-161.178323	-26.469523	-165.878453	-112.098827	-493.008590	-20.359877	-9.776228	-851.745470	-109.740519	-90.959916	-871.158135	-155.352530	-131.469474	-876.523497	
-157.788362	-83.915831	654.835211	-122.439302	-99.192597	405.707635	30.835463	-147.283348	433.720431	169.681367	-61.182948	195.997386	208.123902	-69.101639	-28.424532	242.831773	-7.295584	-111.301226	-276.183651	-137.632902	396.814104	-414.902821	-307.810406	219.071484	-250.874047	-371.388663	363.909216	-143.337335	-380.713341	381.094329	-74.568940	-5.250132	184.811174	0.000000	0.000000	0.000000	0.751358	-250.528031	-5.095190	-14.346804	-392.626506	-449.822628	11.899350	-451.947265	-843.293898	-65.189911	-541.764078	-876.481132	-93.905216	-595.502986	-871.770911	-195.874867	-161.577642	-25.754364	-166.065614	-110.788102	-492.137445	-16.027338	-7.557318	-848.745970	-106.841978	-86.927740	-868.984036	-153.326725	-126.291193	-875.304943	
-154.390781	-84.951889	654.609589	-120.905082	-101.495981	405.305587	32.570572	-150.009798	431.425002	166.738710	-59.363196	192.707985	199.917746	-56.322753	-32.670893	234.070085	10.619742	-111.699314	-274.786719	-138.153020	392.237294	-406.108291	-279.828058	186.133781	-270.533606	-374.726778	342.784155	-169.382935	-391.769438	380.526861	-73.599841	-5.449751	185.193479	0.000000	0.000000	0.000000	-0.811246	-250.501478	-6.258701	-15.210410	-393.837956	-450.611876	20.302115	-425.451826	-846.549847	-56.323177	-513.455566	-885.216537	-84.898504	-567.440271	-883.285899	-196.962399	-160.057533	-26.925547	-164.424108	-105.542241	-492.705204	-11.690378	-3.385815	-848.477873	-104.063731	-80.846678	-869.057476	-151.335679	-119.199415	-875.743096	
-151.682070	-86.340814	653.933476	-120.450733	-103.848846	404.402803	33.340941	-152.428191	428.460206	162.868362	-56.809597	189.120611	189.196023	-46.145468	-36.929963	221.811473	24.098830	-113.709791	-274.400987	-138.158485	386.619525	-390.380967	-244.199391	151.886058	-288.877241	-377.712384	306.148419	-198.432161	-409.209661	358.817493	-73.768338	-5.622782	185.121251	0.000000	0.000000	0.000000	-3.855984	-250.407303	-8.493169	-15.927584	-392.181887	-453.416386	27.554997	-398.728939	-849.767057	-50.644285	-483.120478	-893.058477	-80.304647	-536.551323	-893.239783	-198.721164	-157.312860	-30.002474	-160.979448	-97.111717	-494.688102	-7.458942	2.862896	-850.741820	-101.102649	-73.054303	-871.332520	-148.879769	-110.776584	-878.014084	
-149.211521	-89.280469	652.851180	-120.364967	-107.241623	403.065757	33.946051	-155.181978	424.984307	158.568170	-53.859941	185.386974	177.577568	-38.120116	-41.100624	207.059712	34.145391	-117.269324	-274.376293	-138.589900	380.887529	-368.954598	-204.809244	123.077962	-305.421101	-379.693077	254.625449	-228.978173	-432.406808	312.281010	-74.597736	-6.440910	184.761883	0.000000	0.000000	0.000000	-6.767190	-250.212151	-11.785789	-14.724878	-387.429867	-458.227721	34.253492	-374.641305	-853.784323	-47.260477	-454.211309	-899.993563	-79.109569	-506.351816	-901.269492	-200.121500	-154.574526	-34.578699	-156.445519	-87.525336	-497.804520	-3.626304	10.897601	-854.591476	-97.838651	-64.340305	-875.081303	-145.679781	-102.014738	-881.572084	
-146.560374	-94.928093	651.439605	-119.930290	-112.619814	401.388958	35.065037	-159.239623	421.229137	154.493663	-51.630447	181.728034	166.829206	-32.140408	-44.929647	191.342129	41.654332	-121.392868	-274.060552	-140.723253	375.930447	-346.234671	-167.653593	104.155755	-320.073906	-377.815343	188.258403	-259.233193	-454.645188	236.652666	-75.250668	-8.518802	184.412657	0.000000	0.000000	0.000000	-8.018308	-249.949642	-15.865150	-11.109749	-380.484673	-464.366515	41.168153	-354.145870	-858.829114	-44.308772	-428.670288	-906.273955	-78.947149	-478.992905	-907.836693	-200.335838	-153.018351	-39.856259	-152.405613	-79.226317	-501.634101	-0.728087	20.177717	-858.636182	-94.546587	-55.538590	-879.170832	-141.942065	-93.814474	-885.407203	
-143.575981	-103.812501	649.723637	-118.750700	-120.417303	399.412889	36.936335	-165.464958	417.380824	151.409949	-51.757949	178.277880	158.760262	-28.638823	-48.255143	176.884649	47.084926	-124.613453	-273.057468	-145.499685	371.947052	-328.380900	-138.013255	95.037137	-332.821356	-365.432748	108.684788	-285.455824	-461.212072	131.690213	-74.926452	-12.076811	184.345975	0.000000	0.000000	0.000000	-7.016593	-249.650452	-20.401939	-6.162267	-373.031317	-470.933690	48.293017	-336.803098	-864.315936	-40.564510	-407.116743	-911.976588	-77.977453	-455.414983	-913.451968	-199.180602	-153.142231	-44.856771	-150.885209	-74.111351	-505.728795	0.556898	30.156247	-861.441144	-91.844753	-47.162790	-882.423118	-138.326904	-86.582520	-888.403208	
-140.421757	-115.572363	647.661551	-116.848095	-130.440681	397.120736	39.358666	-174.233107	413.621098	150.249934	-55.722313	175.163496	155.300082	-28.208987	-50.941003	166.662910	50.710000	-125.344300	-271.316351	-153.039846	368.434285	-319.467986	-117.792608	92.327635	-344.264111	-333.421390	22.937562	-304.012510	-433.681670	6.381377	-73.343565	-17.090637	184.585732	0.000000	0.000000	0.000000	-4.183507	-249.276253	-25.192617	-1.538781	-366.975076	-477.235113	54.761504	-321.499498	-869.395416	-36.070623	-389.350774	-916.902631	-75.725450	-435.832568	-918.152669	-197.093665	-154.637072	-48.775490	-153.452886	-73.054431	-509.667128	-0.397608	40.474601	-861.836064	-90.421215	-39.322888	-883.850892	-135.622873	-80.237918	-889.598712	
-137.361693	-129.125116	645.201760	-114.458622	-142.071123	394.492098	41.981652	-185.332581	410.159820	152.091024	-64.050356	172.735606	158.464589	-31.138728	-52.612866	164.336195	52.595272	-122.235511	-268.992834	-162.641688	364.657450	-319.113217	-104.738424	92.754914	-355.470934	-275.428767	-53.766501	-315.973001	-354.982893	-117.464827	-70.789552	-23.457554	184.883324	0.000000	0.000000	0.000000	-0.340193	-248.750191	-30.233205	1.782081	-363.721979	-482.979723	59.615031	-307.122235	-873.465667	-31.484867	-374.877749	-920.595335	-72.434711	-420.233978	-921.335473	-194.673799	-156.849883	-51.359627	-160.358843	-75.814737	-513.135693	-3.903894	51.049377	-859.206589	-90.648487	-31.836009	-882.911655	-134.281478	-74.445954	-888.463377	
-134.311225	-143.043717	642.394813	-111.577533	-154.530029	391.598624	44.796970	-198.058809	407.182294	157.982174	-75.853000	171.685883	170.094443	-37.086486	-52.493022	173.832824	52.308427	-114.844810	-266.047972	-173.156001	360.197451	-323.333091	-93.532210	95.293134	-366.557124	-197.178765	-102.986155	-327.986555	-227.386711	-200.690881	-67.560784	-30.866192	185.002918	0.000000	0.000000	0.000000	4.140231	-247.997247	-35.651702	4.092653	-363.594451	-488.243913	62.826972	-293.004549	-876.309370	-26.968354	-362.908075	-922.801339	-68.001430	-408.194562	-922.587495	-192.110092	-159.423956	-53.059402	-170.288083	-81.240521	-516.084777	-9.816723	61.952032	-853.845867	-92.381522	-24.442387	-879.838178	-134.163614	-68.885757	-885.252109	
-130.449572	-156.191022	639.493853	-107.416599	-167.252690	388.705883	48.725504	-211.428081	404.792188	168.893185	-88.983991	172.906692	191.405180	-44.906219	-49.480564	197.864950	49.325396	-103.995199	-261.772278	-183.666125	355.554708	-327.008570	-79.217671	101.329264	-376.963786	-115.962193	-117.942071	-343.919184	-94.582089	-219.909555	-63.499192	-39.000034	184.905681	0.000000	0.000000	0.000000	10.018041	-246.924043	-41.460532	7.195011	-365.485845	-493.276375	65.988614	-278.693966	-878.033356	-21.216515	-352.254478	-923.808056	-61.161935	-398.484305	-922.469590	-188.722839	-162.874282	-54.710543	-180.699746	-87.891576	-518.709003	-17.738162	73.178159	-847.095638	-95.084091	-17.101972	-875.794889	-134.603020	-63.574106	-881.167224	
-124.278631	-168.115252	636.924645	-100.290049	-179.885811	386.258559	55.725285	-224.269718	402.988027	185.642086	-100.604566	177.084807	222.308734	-52.399086	-42.545610	235.717961	44.550195	-90.651749	-254.698855	-193.897722	352.263503	-326.828807	-61.708493	113.267462	-387.318926	-47.281559	-105.954825	-361.749096	6.382907	-197.675767	-57.981097	-47.610468	184.701642	0.000000	0.000000	0.000000	18.974032	-245.341699	-47.310220	14.281383	-366.877691	-498.319541	71.855843	-263.383964	-879.110407	-11.522835	-341.505364	-924.456294	-49.252329	-389.525139	-922.173414	-183.069177	-168.479861	-56.901651	-188.642206	-94.820709	-521.147941	-27.656964	84.571164	-840.897885	-98.268460	-10.101608	-872.640987	-134.770863	-58.968151	-878.109313	
-114.692119	-178.458029	635.182896	-88.823062	-191.544932	384.769219	67.406027	-235.043447	401.826229	208.017945	-108.075210	184.315159	260.706524	-56.768464	-31.317080	282.867409	40.789609	-74.727779	-243.665827	-203.665002	352.044630	-323.600724	-45.854109	131.813015	-400.471286	0.700312	-77.589001	-383.127957	70.325557	-160.038722	-50.423201	-56.108037	184.533601	0.000000	0.000000	0.000000	31.854093	-242.938193	-52.508773	28.138503	-364.300003	-503.574102	82.196819	-245.563678	-880.412048	4.071601	-328.879269	-925.867181	-30.276929	-379.341970	-922.982834	-174.128554	-176.853438	-59.495323	-192.212036	-101.518457	-523.153576	-40.593601	95.808545	-836.859846	-102.206512	-3.768738	-872.140942	-134.475912	-55.496314	-877.903817	
-102.497856	-186.129897	634.663493	-73.799286	-200.387564	384.622306	82.959544	-241.968462	401.601374	233.785345	-110.248609	193.983533	302.498260	-56.449633	-16.468212	333.075021	40.451588	-56.071066	-229.417346	-211.964818	355.586749	-321.223716	-35.943119	154.629584	-419.481461	25.939683	-41.435548	-411.686157	102.365585	-119.183456	-41.105182	-63.240183	184.538083	0.000000	0.000000	0.000000	46.904473	-239.589372	-56.459926	48.119638	-354.408511	-509.248524	95.567041	-223.686395	-882.997003	24.241988	-312.566000	-929.087776	-5.668725	-365.765462	-925.958632	-162.781951	-186.628322	-61.721076	-191.874445	-106.895749	-524.082072	-58.357797	106.392146	-835.561281	-108.194206	1.925470	-875.052898	-134.701769	-52.912478	-881.410220	
-90.422747	-189.898884	635.499167	-58.245327	-204.716334	385.914429	99.131143	-243.953328	402.757693	259.454096	-108.239938	205.065669	343.245427	-52.919541	0.555527	381.044181	42.681303	-35.843704	-214.699910	-217.265956	362.280823	-322.938216	-32.419135	178.128843	-444.716402	31.157089	-3.678029	-448.314557	109.892777	-79.402312	-31.475293	-67.741672	184.834068	0.000000	0.000000	0.000000	60.598529	-235.832908	-59.173286	69.635331	-335.853835	-515.371243	108.069443	-197.663932	-887.465079	44.780391	-291.929969	-934.577886	19.947416	-347.682767	-931.483706	-151.737981	-195.343740	-62.880789	-190.199517	-109.239315	-523.411010	-82.421361	115.576970	-836.746655	-117.975290	7.239027	-880.965997	-137.259885	-50.413160	-888.354954	
-81.163829	-189.675778	637.471287	-45.195464	-204.379551	388.397883	112.689499	-241.372601	405.557231	282.327258	-104.411982	216.696093	380.423470	-49.930631	18.416878	424.036941	43.824775	-16.237993	-202.296656	-218.759438	370.890422	-329.315032	-33.623325	199.464689	-474.023747	21.062073	32.149129	-491.265195	99.871684	-41.595023	-23.334457	-69.259736	185.477365	0.000000	0.000000	0.000000	70.281616	-232.629605	-61.112856	87.422948	-310.274101	-521.417031	116.174594	-169.213613	-893.307787	61.539509	-268.167723	-941.622363	41.907230	-325.968871	-938.754267	-143.546562	-201.459645	-62.817047	-190.128453	-107.720520	-521.101293	-112.951780	122.377697	-839.591938	-132.976208	12.095218	-888.513702	-144.073889	-47.456878	-897.494588	
-75.742780	-186.638535	640.166454	-35.893900	-200.534677	391.637888	122.291860	-235.673087	409.890240	301.315719	-100.675851	228.424226	413.693075	-50.968960	36.574581	461.648894	40.211188	0.803206	-193.367488	-216.783040	380.142827	-338.953078	-37.909068	217.033146	-504.423333	-0.389507	64.923058	-537.322762	76.463266	-5.487887	-17.763100	-68.349430	186.429849	0.000000	0.000000	0.000000	75.473558	-230.593093	-62.620984	98.811321	-281.211431	-526.404940	118.506609	-140.729512	-899.103718	72.639194	-243.515130	-948.525408	58.004239	-302.794199	-945.988652	-139.000141	-204.936932	-61.785111	-193.341065	-103.357404	-517.537248	-148.550116	125.881395	-842.777256	-153.868430	15.766943	-895.721235	-156.735572	-44.380725	-906.870424	
-73.577174	-182.324389	643.242163	-30.085368	-194.556991	395.237504	128.172010	-228.387725	415.254355	316.305933	-97.965389	239.756916	443.507787	-57.919152	55.036265	494.723617	29.390800	14.452004	-187.694421	-212.242798	388.859765	-349.941604	-44.205882	230.003615	-532.972788	-30.569838	94.950864	-582.536127	41.659217	29.583736	-14.816000	-65.911661	187.561723	0.000000	0.000000	0.000000	77.248191	-229.704885	-63.711872	104.154326	-252.154491	-529.517090	115.611441	-114.191929	-903.499067	78.363928	-220.069527	-953.636516	68.459681	-280.333109	-951.438426	-137.336980	-206.522943	-60.203099	-199.911603	-98.275251	-513.356716	-186.406524	125.806128	-844.933054	-180.225229	17.213716	-900.843888	-176.098683	-42.332892	-914.534767	
-73.417724	-177.826523	646.424692	-26.998048	-187.571662	398.840907	131.172207	-220.621279	420.760848	327.475650	-96.670868	249.573922	469.913834	-71.456929	73.558716	524.453883	9.610397	25.116556	-184.612884	-206.097462	395.936588	-360.581215	-51.883790	237.667451	-556.788739	-67.356950	122.824991	-623.015846	-2.535311	64.872013	-13.822131	-62.690948	188.738058	0.000000	0.000000	0.000000	77.103425	-229.612526	-64.218143	105.366271	-225.312316	-530.463943	108.972422	-90.791969	-905.855372	80.034219	-199.166332	-956.142393	74.666291	-260.009372	-954.158733	-137.292367	-207.051278	-58.465028	-209.010153	-94.554619	-509.222621	-222.901129	122.815080	-845.221392	-210.169637	15.855865	-903.136652	-201.491387	-42.569641	-919.304990	
-74.138676	-173.640981	649.460533	-25.833385	-180.446632	402.139352	132.202220	-213.171279	425.472500	335.088184	-97.300529	256.312916	492.203316	-92.173851	91.406022	551.796386	-20.809617	34.406169	-183.434601	-199.242609	400.513112	-369.416024	-60.584205	239.328164	-573.122300	-108.229531	148.999444	-655.088867	-53.103398	102.212547	-13.788768	-59.149823	189.880039	0.000000	0.000000	0.000000	76.148777	-230.018929	-63.902081	104.366467	-201.684029	-529.308700	100.271329	-71.090766	-906.079297	79.136519	-181.467661	-955.893626	78.114259	-242.538637	-953.914754	-137.925461	-207.089519	-56.816227	-219.698727	-93.441854	-505.568595	-254.765359	118.123587	-843.722576	-240.335573	12.102293	-902.949331	-229.821688	-45.457510	-921.021250	
-75.119334	-169.841624	652.164327	-25.990280	-173.763355	404.942886	131.913950	-206.681815	428.884897	339.318796	-100.782160	258.672667	508.761251	-121.007866	107.722654	576.336753	-63.003637	44.776389	-183.589538	-192.451118	402.237679	-375.141110	-70.106713	234.500765	-579.733791	-149.926089	173.703531	-674.886945	-105.845981	142.893734	-13.839421	-55.536420	190.964493	0.000000	0.000000	0.000000	74.780334	-230.838589	-62.548120	102.351595	-181.819721	-526.271531	91.031920	-55.243726	-904.263377	76.904985	-167.188176	-953.049406	79.901081	-228.187195	-950.865803	-138.923135	-206.825664	-55.327141	-231.111450	-95.129080	-502.548043	-279.988607	112.589376	-841.372165	-266.683631	6.836958	-901.338370	-256.246691	-50.445365	-920.313950	
-76.334447	-166.228336	654.449403	-27.240582	-167.743613	407.194512	130.492970	-201.550290	431.023613	340.103797	-108.297183	256.178341	516.996399	-158.475958	121.653884	594.903974	-116.389177	57.996333	-184.776149	-186.256003	401.370997	-376.813948	-80.510435	223.227267	-575.526254	-188.755448	196.356498	-679.064610	-155.470849	185.476860	-13.605649	-51.914964	191.997354	0.000000	0.000000	0.000000	72.772604	-232.132392	-60.079286	99.750064	-166.528246	-521.783454	82.456102	-43.157695	-900.608056	74.242764	-156.267629	-948.041066	80.722352	-216.982876	-945.531319	-140.506627	-206.138201	-53.874996	-242.100131	-99.123838	-500.202267	-297.734192	106.396380	-839.324680	-286.259442	0.536892	-899.479820	-276.892308	-57.031729	-918.144697	
-78.252444	-162.460720	656.303715	-29.749807	-162.283935	408.927590	127.679818	-197.856037	432.189779	337.045685	-120.880566	249.311622	513.912651	-203.760323	132.030960	601.954478	-178.208695	72.963862	-187.040724	-180.955560	398.679930	-374.128261	-92.253229	206.518592	-561.496635	-221.685152	214.647035	-667.543703	-196.895308	223.915538	-13.424097	-48.238854	192.966493	0.000000	0.000000	0.000000	69.588622	-233.977632	-56.592502	96.685891	-156.966368	-516.524485	75.388342	-34.599832	-895.470785	71.783077	-148.453453	-941.682922	81.022134	-208.797069	-938.869950	-143.147955	-204.761090	-52.145415	-251.269992	-104.548632	-498.517944	-307.850857	99.523090	-838.357697	-298.163498	-6.747934	-898.100197	-290.442699	-65.021587	-915.271033	
-81.430116	-158.231687	657.772149	-33.782102	-157.146305	410.232307	123.112997	-195.421845	432.804443	329.497851	-139.019674	239.341793	497.250128	-254.495378	137.213114	592.578749	-244.469031	85.202562	-190.584680	-176.685368	395.223863	-367.393237	-105.999573	186.566050	-541.151293	-248.325362	224.999233	-645.754001	-228.576426	249.791880	-13.974758	-44.516687	193.820101	0.000000	0.000000	0.000000	64.840479	-236.323407	-52.323795	93.431448	-154.068504	-511.256375	70.483190	-29.250390	-889.305670	70.012262	-143.322106	-935.116461	81.180272	-203.331110	-932.146615	-147.164947	-202.473002	-49.847235	-257.741222	-110.215794	-497.332254	-310.679211	92.275061	-838.701178	-303.076653	-14.756625	-897.377929	-297.444221	-73.892710	-912.259668	
-85.915919	-153.349828	658.933061	-39.126700	-152.087592	411.230295	116.985254	-193.725443	433.274298	317.052192	-161.988577	227.921670	466.643293	-306.860559	135.507695	565.388428	-310.871627	89.393914	-195.255739	-173.288441	392.038530	-357.257588	-122.379611	166.296372	-518.761474	-272.124702	224.764345	-621.742685	-254.943669	257.107888	-15.668422	-40.739566	194.520048	0.000000	0.000000	0.000000	58.850084	-238.876554	-47.597053	90.553519	-157.934937	-506.558677	68.435868	-26.670427	-882.468096	69.578719	-140.262317	-929.444505	81.905555	-200.048820	-926.572537	-152.245447	-199.392247	-46.921645	-261.418181	-115.266094	-496.349560	-307.232360	84.838086	-840.147608	-302.125016	-23.166610	-897.291657	-298.676425	-83.000287	-909.873600	
-90.974489	-147.849208	659.895432	-44.826666	-146.923673	412.070885	110.358278	-192.051989	433.788596	300.131238	-187.734817	216.599058	423.909751	-356.249903	126.115485	522.560974	-373.090758	82.785438	-200.227301	-170.431118	389.887122	-344.487445	-141.817265	148.710655	-496.415557	-298.752697	213.631532	-600.471738	-284.435761	243.859976	-18.271285	-36.847669	195.068374	0.000000	0.000000	0.000000	52.767731	-241.213846	-42.688022	88.830138	-167.707825	-502.578002	69.946472	-26.364781	-874.993098	71.398032	-138.543783	-925.242189	84.372781	-198.212627	-922.811156	-157.379756	-196.161150	-43.474142	-262.331921	-119.962029	-495.314915	-299.020373	76.519702	-842.282646	-295.762240	-32.428416	-897.746454	-293.881201	-92.666695	-908.612845	
-95.433116	-142.046588	660.785027	-49.645211	-141.622699	412.892364	104.641095	-189.934348	434.159971	280.070421	-213.938042	206.449444	372.391129	-398.376274	109.675703	468.132212	-427.216808	66.143649	-204.356517	-167.997425	389.167643	-329.987430	-164.261154	136.187913	-472.543844	-332.727539	192.953641	-580.242207	-325.061278	209.945207	-21.010269	-32.823457	195.510742	0.000000	0.000000	0.000000	47.956449	-243.044081	-37.690496	89.130695	-182.099723	-498.985296	75.440845	-28.016872	-866.542797	76.320503	-137.600042	-922.238055	89.774660	-197.190362	-920.624211	-161.431393	-193.659059	-39.669376	-260.095988	-125.638672	-494.223961	-287.441924	66.404014	-844.523156	-283.802956	-43.289519	-898.473398	-282.056102	-103.716692	-908.259728	
-98.229809	-136.485462	661.679256	-52.583762	-136.398495	413.760085	100.950600	-187.450276	434.045695	258.586822	-239.154611	198.077067	316.135194	-430.260369	88.202113	406.661630	-470.472765	42.583050	-206.652189	-166.245432	389.966034	-314.849931	-189.347103	130.051834	-442.410867	-374.998298	164.511127	-551.240058	-380.513210	156.013175	-23.085224	-28.760794	195.916181	0.000000	0.000000	0.000000	45.372197	-244.274971	-32.587152	92.218392	-200.038852	-495.243639	85.050703	-31.542881	-856.609362	84.866737	-137.199908	-919.440607	98.887622	-196.680145	-919.064751	-163.679536	-192.546662	-35.670406	-253.966493	-133.788270	-493.247792	-273.358665	54.463966	-846.125616	-266.594236	-55.657905	-898.888842	-263.298313	-116.128658	-907.982351	
-98.714699	-131.727399	662.592504	-53.103160	-131.598820	414.667000	99.798668	-185.125470	433.282037	237.001321	-263.049039	191.813489	258.923643	-450.926639	64.820770	342.234635	-501.814329	16.211174	-206.498291	-165.634176	392.181334	-299.990647	-217.041088	130.623809	-399.852469	-421.865790	130.867914	-497.731492	-445.756210	88.496143	-24.036693	-24.827403	196.339243	0.000000	0.000000	0.000000	45.420912	-244.910023	-27.328398	98.561529	-220.807902	-490.791005	98.679000	-36.839896	-844.603402	97.150212	-137.322887	-915.399148	111.930291	-196.604587	-916.760926	-163.856632	-193.121110	-31.509145	-243.591414	-144.928179	-492.270637	-257.345864	41.677241	-846.286106	-246.305960	-68.555925	-898.086795	-240.663853	-128.919720	-906.726581	
-96.759794	-128.066799	663.520699	-51.279835	-127.447785	415.571763	100.974373	-183.510446	431.888159	215.677255	-285.814747	187.796396	203.293701	-461.568969	43.356677	277.391782	-522.250668	-8.800556	-203.818500	-166.536652	395.619490	-285.416866	-247.804229	137.679347	-340.954774	-465.122609	97.506415	-412.708394	-505.012190	25.349214	-23.847602	-21.175206	196.789643	0.000000	0.000000	0.000000	48.026689	-244.964749	-21.829544	108.279839	-243.715202	-485.047012	115.890773	-43.531068	-829.859772	112.772147	-137.891398	-908.584666	128.452716	-196.847686	-912.176445	-161.994361	-195.357574	-27.033878	-229.999809	-158.294945	-490.696436	-240.329288	29.146905	-844.386377	-225.824904	-81.271534	-894.922829	-218.107664	-141.462731	-903.152718	
-92.842300	-125.411140	664.456547	-47.918332	-123.997934	416.409526	103.544665	-182.876504	429.932296	193.986242	-307.510592	186.025808	149.468037	-465.071589	27.601084	211.976560	-534.240799	-28.980504	-199.222363	-169.047559	399.926258	-269.954041	-281.490469	150.628340	-268.745829	-495.904360	73.486747	-310.426056	-544.293847	-15.212963	-22.896970	-17.968005	197.221045	0.000000	0.000000	0.000000	52.569583	-244.477541	-16.062098	120.929915	-267.977414	-477.556461	135.713683	-51.078475	-811.867310	130.724035	-138.779709	-897.860353	147.179646	-197.310043	-904.027843	-158.504515	-198.815003	-22.056711	-215.613844	-172.606631	-487.924710	-223.445337	17.787999	-840.098349	-206.713794	-93.352702	-888.309778	-197.514234	-153.426133	-895.847548	
-87.948685	-123.407941	665.364811	-44.344986	-121.281559	417.087384	106.150373	-183.195723	427.497657	171.276120	-327.409143	186.323784	95.368968	-464.131382	20.640758	143.312101	-539.435258	-42.000709	-193.892849	-172.952894	404.454631	-252.483850	-315.800825	167.901480	-192.945762	-511.288126	67.077212	-210.379408	-564.257431	-26.926741	-21.762353	-15.390522	197.567186	0.000000	0.000000	0.000000	57.805535	-243.608628	-10.206691	135.282198	-292.728576	-468.231825	156.529106	-59.235271	-790.810340	149.425071	-140.184144	-883.049265	166.148351	-198.293664	-891.894639	-154.336913	-202.590597	-16.575658	-203.131489	-187.048212	-483.864509	-207.628327	8.550015	-833.233699	-189.483468	-103.918548	-877.709852	-179.279530	-163.956295	-884.160864	
-83.105947	-121.789718	666.183258	-41.766558	-119.396016	417.521219	107.715866	-184.152758	424.743402	148.424146	-343.912719	188.050984	39.331802	-459.293601	24.674596	69.537760	-536.810337	-45.837296	-189.121694	-177.684958	408.414077	-234.112549	-346.727238	186.611551	-122.562283	-514.747261	80.538878	-119.638365	-572.998043	-11.898773	-20.993755	-13.587872	197.782438	0.000000	0.000000	0.000000	62.305362	-242.664936	-4.752988	149.834789	-316.707142	-457.587148	176.539998	-68.126997	-768.267364	167.207416	-142.608685	-865.615130	183.481005	-200.406628	-876.981447	-150.712661	-205.680727	-10.895775	-194.420320	-201.084360	-478.923403	-193.399676	1.955175	-824.048924	-174.407134	-112.146171	-863.756706	-163.575177	-172.205086	-868.842222	
-78.855549	-120.492017	666.889239	-40.647096	-118.278061	417.725243	108.017192	-185.139274	422.095436	128.258019	-355.379524	190.120704	-16.379361	-448.963712	41.030934	-7.044148	-523.954617	-37.597236	-185.792258	-182.202813	411.354618	-218.485618	-371.060846	203.846504	-62.559472	-509.238494	111.544953	-35.972179	-571.075009	25.430009	-20.907349	-12.532204	197.861284	0.000000	0.000000	0.000000	65.165967	-241.958899	-0.328717	163.624765	-338.423794	-446.650142	194.503517	-77.968574	-747.044940	183.024345	-146.559268	-848.409391	198.192083	-204.175465	-862.008604	-148.519091	-207.480242	-5.622629	-190.056678	-213.756694	-473.828334	-180.694966	-2.093126	-813.605631	-161.522551	-117.768987	-848.362725	-150.476686	-177.892154	-852.031600	
-75.165220	-119.355181	667.552035	-40.604510	-117.510582	417.852937	107.611854	-185.460650	420.152573	114.279517	-361.132571	191.463640	-64.404182	-431.986124	69.162204	-79.359209	-500.286538	-14.531115	-184.072032	-185.275026	413.479457	-209.078681	-387.785974	218.134087	-17.880531	-495.251661	156.327976	37.111296	-552.108570	80.898452	-21.375052	-11.967732	197.846257	0.000000	0.000000	0.000000	66.218614	-241.658323	2.677740	176.104591	-356.689544	-436.520752	209.931487	-88.805385	-729.985012	196.530718	-152.318758	-834.376953	210.136497	-209.829012	-849.935824	-147.966296	-207.945446	-1.500627	-189.176873	-223.621873	-469.514820	-168.947070	-3.851575	-803.624818	-150.543539	-120.845240	-834.126198	-139.813776	-181.087087	-836.587703	
-71.583616	-118.125884	668.261807	-40.581702	-116.719119	418.093090	107.645359	-184.676381	419.160562	109.388306	-361.679150	191.409181	-95.375163	-410.644206	104.345547	-135.903640	-469.244359	21.782626	-183.240605	-186.254677	415.387475	-206.704189	-397.457159	229.272451	6.675597	-474.667820	208.459417	87.371664	-516.923949	148.052574	-21.959032	-11.665250	197.800364	0.000000	0.000000	0.000000	66.193856	-241.640686	4.355743	187.102049	-370.541306	-428.042528	222.801136	-100.098735	-718.927117	207.821808	-159.602897	-825.445102	219.711455	-216.989446	-842.766918	-148.340104	-207.682463	0.890796	-189.441343	-229.296918	-466.896389	-157.414950	-3.556730	-796.067160	-140.786808	-121.543134	-823.621745	-130.946956	-181.964010	-825.283702	
-67.569102	-116.628210	669.063044	-39.450460	-115.789763	418.551321	109.296290	-182.609639	418.866464	114.775573	-357.986391	189.919566	-104.724182	-390.409715	138.205767	-165.922005	-438.664186	61.920094	-182.103763	-185.384540	417.727290	-210.157528	-401.187060	237.621520	10.918185	-451.952398	259.393324	107.909342	-476.999145	215.669208	-22.342661	-11.514816	197.766214	0.000000	0.000000	0.000000	66.441032	-241.560354	5.000456	196.772544	-379.269002	-421.909899	233.486397	-111.009028	-714.683075	217.303105	-167.910136	-822.440077	227.514817	-225.100131	-841.404530	-148.395235	-207.640766	1.323686	-188.016003	-229.690974	-466.570885	-145.465421	-1.384689	-792.766237	-131.455858	-120.066989	-818.742877	-123.028034	-180.709872	-820.038837	
-62.827146	-114.722607	669.968535	-36.771454	-114.652110	419.232458	112.985691	-179.175565	418.897955	129.521639	-350.723101	187.593577	-95.588011	-376.243313	163.508398	-168.155819	-417.071621	93.080181	-179.974208	-183.093864	420.898121	-218.129756	-399.633511	243.555048	-0.367751	-431.079381	302.854862	104.486731	-442.316700	274.120169	-22.466377	-11.423146	197.757515	0.000000	0.000000	0.000000	67.940337	-241.146732	4.815015	204.906004	-382.745622	-418.732605	242.637048	-121.129817	-717.330985	225.423267	-177.283146	-825.320317	233.932681	-234.248461	-845.745005	-147.304623	-208.420026	-0.161847	-183.006743	-224.092545	-468.628578	-132.706272	2.750097	-794.742051	-122.097979	-116.402246	-820.172844	-115.582372	-177.280690	-821.449116	
-57.393034	-112.391469	670.966818	-32.959209	-113.271766	420.069035	118.161932	-174.525702	419.095999	150.934903	-340.216129	185.266308	-74.729989	-370.516390	177.330191	-150.210919	-408.805656	108.557141	-177.093360	-179.580913	424.814619	-229.673069	-392.716691	247.038511	-21.196264	-413.674961	336.614035	86.916566	-415.761172	320.686511	-22.433048	-11.381971	197.763672	0.000000	0.000000	0.000000	70.601404	-240.397394	3.918525	210.734700	-381.327400	-418.815219	250.827452	-130.643917	-726.350283	232.499908	-188.409563	-833.300915	239.107253	-245.278196	-854.676757	-145.133394	-209.909735	-3.433159	-174.142719	-212.829092	-472.614663	-119.109604	8.746303	-801.572745	-112.738556	-110.684575	-827.111283	-108.652306	-171.768576	-828.632619	
-51.582790	-109.876469	671.958390	-28.888218	-111.904613	420.903958	123.750988	-169.258817	419.368210	175.692239	-326.889151	183.447685	-47.301793	-373.505558	180.936962	-120.467612	-413.186540	110.471695	-174.225565	-175.213836	428.845934	-243.893032	-380.225833	247.428308	-47.202726	-399.743722	360.819567	61.984391	-396.675018	356.923568	-22.430165	-11.530190	197.755413	0.000000	0.000000	0.000000	73.482508	-239.552614	2.384601	213.595942	-375.496889	-421.985291	258.424384	-140.181655	-740.802801	238.893453	-202.390088	-845.013454	243.351823	-259.502004	-866.296712	-142.617503	-211.493306	-8.271314	-162.569148	-197.363376	-477.721656	-105.043378	16.066561	-811.602124	-103.724144	-103.425775	-837.609486	-102.541616	-164.622355	-839.570922	
-45.890159	-107.644529	672.746763	-25.412418	-111.055945	421.516771	128.707381	-164.287273	419.490953	200.960055	-311.289602	182.059749	-15.090522	-383.483152	178.063428	-84.069851	-426.307090	105.254543	-172.089230	-170.786942	432.109104	-259.394366	-362.639863	244.050337	-75.832896	-389.136067	376.446484	33.019752	-383.997260	384.879508	-22.669365	-12.008583	197.699658	0.000000	0.000000	0.000000	75.624170	-238.896974	0.201494	213.626694	-365.588036	-427.708665	265.782577	-150.806446	-759.636497	245.301976	-220.466993	-858.829035	247.593310	-278.310334	-878.412771	-140.574605	-212.544716	-14.181296	-150.164422	-179.712893	-483.021837	-91.149045	23.993692	-822.666551	-95.470085	-95.294673	-849.277760	-97.510094	-156.449717	-851.760876	
-40.915718	-106.203912	673.135231	-23.159935	-111.141468	421.723542	132.246600	-160.466964	419.194712	224.530874	-293.988797	180.742950	21.385745	-396.843532	173.081920	-44.761930	-442.591097	99.428565	-171.184216	-167.150759	433.800313	-274.648605	-341.172263	236.804205	-105.924829	-382.064885	384.403943	1.189046	-377.509116	405.670941	-23.290450	-12.802286	197.577624	0.000000	0.000000	0.000000	76.495033	-238.603553	-2.770312	211.510969	-351.873243	-435.370705	273.122940	-163.919684	-781.643542	252.404351	-243.419861	-873.085702	252.959906	-302.418100	-889.008146	-139.596497	-212.687701	-20.355468	-138.918355	-161.829037	-487.682209	-78.112122	31.983398	-832.757652	-88.329130	-86.818683	-859.927861	-93.705347	-147.750280	-862.878073	
-37.324677	-105.861718	673.020698	-22.593812	-112.203858	421.445136	133.799364	-158.271523	418.357210	244.388618	-275.598591	179.175091	60.420332	-409.600205	168.929667	-6.485412	-457.000732	97.027076	-171.926565	-164.676058	433.297299	-288.636227	-316.820666	225.868509	-137.428863	-378.238187	384.896252	-33.661040	-377.532412	419.220633	-24.282923	-13.646066	197.401584	0.000000	0.000000	0.000000	75.833433	-238.735527	-6.742306	207.696593	-334.961527	-444.412375	280.064352	-180.628970	-804.928426	259.723758	-270.647291	-886.132914	259.210032	-330.823886	-896.769573	-140.063361	-211.766068	-25.980236	-130.479604	-145.195240	-491.230516	-66.557905	39.822063	-840.544606	-82.643188	-78.237482	-868.108155	-91.310631	-138.771005	-871.399817	
-35.649277	-106.617100	672.444458	-23.974024	-113.893152	420.733846	133.067726	-157.651289	417.031836	258.770633	-256.680379	177.040736	99.088228	-418.823914	166.236342	27.621822	-467.183412	99.549889	-174.566556	-163.130919	430.305073	-300.451361	-289.904469	211.496223	-170.418880	-376.233729	377.521566	-71.958948	-384.197314	424.304528	-25.494407	-14.152698	197.213076	0.000000	0.000000	0.000000	73.595810	-239.240862	-11.759543	202.244680	-316.047662	-454.198928	285.512506	-200.870814	-826.795515	265.095394	-299.923928	-896.672756	263.809055	-360.826158	-901.560360	-142.078382	-209.818290	-30.456591	-125.652591	-130.737982	-493.552526	-56.934103	47.547129	-845.447266	-78.680493	-69.560023	-873.188058	-90.513876	-129.543350	-876.686415	
-36.111831	-108.217724	671.507955	-27.210662	-115.794766	419.692860	130.178570	-158.217713	415.275416	266.654363	-237.651743	173.887134	134.467926	-422.945316	163.948857	56.431825	-473.225512	106.717397	-178.966478	-162.016933	424.961683	-308.923012	-260.378195	194.240658	-204.002674	-373.616751	361.854363	-113.654674	-396.824952	418.819621	-26.763801	-14.102845	197.048394	0.000000	0.000000	0.000000	70.028620	-239.957718	-17.524444	195.029435	-296.921013	-463.991022	287.810507	-222.943770	-844.709413	265.621261	-328.218256	-904.174751	263.245627	-389.283601	-904.103595	-145.371217	-207.084154	-33.480559	-124.402791	-118.991396	-494.762835	-49.586245	55.221988	-847.452359	-76.616818	-60.773407	-875.218496	-91.427462	-120.085785	-878.817599	
-38.584364	-110.303310	670.269684	-31.836768	-117.793687	418.385090	125.699722	-159.562625	413.074633	267.925079	-218.738909	169.202074	164.320398	-421.447111	160.191733	80.645919	-476.100916	116.548700	-184.560649	-161.027992	417.848542	-312.933494	-228.270248	175.372314	-235.834835	-367.877014	338.133947	-158.279692	-413.505560	400.179559	-28.045676	-13.667211	196.900758	0.000000	0.000000	0.000000	65.615291	-240.700808	-23.421670	185.853529	-279.732482	-473.112364	285.290549	-243.621847	-857.606518	259.401530	-352.325904	-908.835350	255.287573	-413.191938	-905.226145	-149.398235	-203.927727	-35.088961	-126.138546	-110.085213	-495.125825	-44.808188	62.895762	-846.979025	-76.523455	-51.872795	-874.887125	-94.025247	-110.444066	-878.542335	
-42.589453	-112.612701	668.744840	-37.138890	-120.120253	416.829354	120.463257	-161.507274	410.562899	263.286752	-199.853080	162.904347	187.277293	-414.406297	153.146768	101.886810	-476.281529	125.342232	-190.541366	-160.295820	409.924205	-312.048668	-194.187273	157.172994	-262.606522	-357.985045	307.676701	-204.377911	-429.716597	366.075637	-29.444530	-13.328208	196.719698	0.000000	0.000000	0.000000	61.010003	-241.334367	-28.745831	174.771651	-266.379979	-481.110098	277.315728	-259.341687	-866.418582	246.640374	-369.469363	-911.608450	240.174848	-429.957754	-905.779509	-153.485384	-200.767835	-35.666487	-129.899595	-103.679342	-495.012633	-42.696887	70.627480	-844.799052	-78.270228	-42.829868	-873.408656	-98.075876	-100.656876	-877.155714	
-47.340977	-115.016407	666.972714	-42.231938	-123.089353	415.067554	115.466641	-163.992414	408.089838	254.347518	-180.399514	155.807023	203.347528	-401.998542	141.714348	121.469553	-472.704891	127.938260	-196.041654	-160.140067	402.265503	-306.879960	-159.718764	142.437632	-281.435795	-345.389098	272.070665	-245.999088	-438.372373	317.289829	-30.993382	-13.547936	196.466599	0.000000	0.000000	0.000000	57.075370	-241.756485	-32.970052	162.516660	-257.801924	-487.752531	264.633138	-268.016601	-873.103460	229.397104	-378.470443	-913.963921	220.422859	-438.484195	-906.722541	-156.869465	-198.102470	-35.846446	-134.469648	-99.004188	-494.822617	-43.032315	78.489765	-841.914579	-81.423220	-33.590492	-872.257560	-103.065027	-90.740370	-876.231298	
-51.968215	-117.413857	665.126031	-46.207089	-126.712019	413.277191	111.677816	-166.853419	406.092816	243.442276	-159.786964	149.593494	213.921130	-384.421501	125.644420	139.200435	-463.626174	119.593918	-200.264157	-160.736622	395.875378	-299.206079	-127.107546	133.434125	-291.427782	-332.515162	231.784575	-273.507913	-436.815021	259.112948	-32.394752	-14.525094	196.170494	0.000000	0.000000	0.000000	54.592653	-241.924589	-35.818367	150.378855	-253.732797	-492.861029	248.786614	-269.931271	-878.971086	210.108493	-380.260395	-916.953895	199.201721	-439.824341	-908.719590	-158.924774	-196.386675	-36.232242	-138.699614	-95.098569	-494.831206	-45.327527	86.547964	-839.249425	-85.410049	-24.039286	-872.721705	-108.407922	-80.621757	-877.170155	
-56.031321	-119.619281	663.438513	-48.628962	-130.623458	411.701353	109.514310	-169.796365	404.861806	232.872929	-138.474510	146.007982	220.833913	-362.259997	105.009817	153.951330	-448.088936	97.710190	-202.887636	-162.015064	391.381279	-291.902332	-98.339467	130.963092	-294.095337	-319.446265	186.031925	-283.143330	-427.865123	194.507008	-33.284575	-16.151572	195.894167	0.000000	0.000000	0.000000	53.682672	-241.901687	-37.317083	139.281796	-253.394959	-496.384748	231.046466	-266.309362	-884.250597	189.900966	-376.257836	-920.714106	177.854222	-435.509496	-911.840448	-159.584534	-195.686150	-37.111893	-142.243951	-91.240643	-495.120394	-49.251512	94.841000	-837.266193	-90.014023	-13.971903	-875.406873	-113.970344	-70.084800	-880.670381	
-59.836480	-121.306212	662.039063	-49.903989	-134.226114	410.480111	108.513644	-172.411999	404.456641	224.133178	-118.235437	145.804880	225.617305	-336.237161	79.632550	165.235141	-425.237964	61.576459	-204.383968	-163.583474	388.843144	-287.890098	-74.643941	134.064189	-292.397908	-302.470384	134.691317	-278.715158	-410.228801	122.553427	-33.742516	-18.040029	195.650865	0.000000	0.000000	0.000000	53.652965	-241.831724	-37.810009	129.063248	-256.009797	-498.586199	211.969359	-257.681309	-888.651881	168.380460	-366.799230	-924.769658	155.417117	-425.832831	-915.735792	-159.446494	-195.561731	-38.340713	-145.992262	-87.237399	-495.578255	-55.187789	103.474041	-835.756757	-95.711031	-3.148704	-879.870235	-120.276857	-58.871585	-886.331483	
-64.020218	-122.150839	660.921153	-50.957044	-136.975524	409.610456	107.702724	-174.312559	404.750976	217.722539	-101.399303	148.268994	229.310783	-306.300542	49.340098	174.042715	-392.568641	11.971303	-205.683457	-164.902096	387.840740	-288.373597	-56.500738	140.439616	-290.040700	-276.416806	80.776012	-267.290273	-377.287667	45.365425	-34.166460	-19.711927	195.415849	0.000000	0.000000	0.000000	53.462726	-241.897338	-37.659459	118.809566	-260.501397	-499.813227	192.048423	-244.924421	-891.503003	144.743199	-352.252332	-928.301672	130.073048	-410.947933	-919.685518	-159.388754	-195.383951	-39.470525	-151.374767	-83.324530	-495.934992	-64.002874	112.720132	-833.973987	-103.331251	8.617925	-884.694309	-128.086011	-46.825557	-892.662319	
-68.766106	-122.140961	660.021933	-52.368235	-138.693091	409.014719	106.475616	-175.395295	405.526168	213.565790	-89.690161	151.774252	232.993156	-271.152609	15.393576	183.145848	-345.269793	-47.176866	-207.337958	-165.630738	387.735040	-292.234900	-43.740469	147.462068	-290.565014	-239.051373	30.088886	-256.674247	-323.986800	-29.776059	-34.723464	-20.867387	195.197577	0.000000	0.000000	0.000000	52.583039	-242.186750	-37.032717	107.852510	-265.899451	-500.266372	172.195908	-229.697044	-892.155089	119.505013	-333.957994	-930.424274	101.856248	-391.963022	-922.771641	-159.888670	-194.863092	-40.019669	-159.216398	-80.002221	-495.857223	-76.321075	122.897797	-830.965664	-113.398385	21.222648	-887.921602	-137.719198	-34.160822	-897.483835	
-73.543376	-121.676081	659.276229	-53.930090	-139.639495	408.596913	105.043219	-175.882259	406.466286	211.409216	-83.467101	154.773173	237.940670	-229.511210	-18.064704	196.412022	-278.763706	-106.057512	-209.107971	-165.777788	387.843802	-297.291436	-35.672149	153.126889	-295.910150	-192.939245	-11.769304	-253.429752	-251.193691	-93.917083	-35.203355	-21.504972	195.042357	0.000000	0.000000	0.000000	51.397729	-242.608333	-35.920607	96.395488	-271.924506	-499.944517	153.514743	-213.853182	-890.319421	95.019386	-314.277187	-930.375872	73.806170	-371.241001	-924.071243	-160.685209	-194.254282	-39.788478	-169.299650	-77.839121	-495.150585	-92.267558	134.166464	-825.994064	-125.897031	34.080146	-887.705727	-148.835014	-21.633416	-898.665420	
-77.515952	-121.497745	658.619936	-54.976242	-140.418669	408.257310	104.096997	-176.267844	407.193429	211.028134	-81.687155	156.546396	245.027815	-182.494795	-44.917181	216.325513	-194.847289	-149.400505	-210.304329	-165.721498	387.592628	-301.870020	-31.231734	156.672604	-306.345077	-143.430792	-41.612410	-262.002245	-165.289258	-139.092372	-35.301548	-21.946024	194.975469	0.000000	0.000000	0.000000	50.812897	-242.960905	-34.334649	85.463481	-279.171940	-498.759588	136.936471	-198.989379	-885.991743	73.849142	-295.963052	-927.552569	49.658012	-351.871411	-922.687423	-161.050072	-194.110761	-39.006049	-180.554084	-77.283968	-493.926307	-111.656444	146.352389	-818.853398	-140.424243	46.257653	-882.962675	-160.674066	-10.289339	-894.906262	
-79.993590	-122.508132	657.974235	-54.877249	-141.824684	407.887201	104.290562	-177.264054	407.387758	212.395413	-82.256896	157.406376	254.191033	-134.839412	-60.295109	241.091495	-106.588512	-164.810467	-210.285506	-166.157992	386.668323	-305.476440	-29.190559	158.689292	-321.302646	-96.150858	-58.546642	-283.684023	-78.129485	-159.573825	-34.862399	-22.773189	194.959626	0.000000	0.000000	0.000000	51.598729	-243.054551	-32.448055	76.427942	-288.821581	-496.658476	122.948362	-186.042899	-879.150105	57.083361	-280.818427	-921.465673	31.127354	-336.020543	-917.772814	-160.263862	-194.918599	-38.207586	-191.335846	-78.601021	-492.615002	-134.010238	158.741733	-809.979006	-156.277068	56.820276	-873.797081	-172.371073	-0.953065	-886.186236	
-80.563235	-125.359348	657.241163	-53.248403	-144.526051	407.373154	106.011188	-179.551525	406.938178	215.702146	-82.561020	158.413641	264.894613	-92.961544	-63.797209	265.621195	-32.113345	-154.296601	-208.671969	-167.827652	385.132932	-308.590934	-28.406425	160.691955	-339.934777	-55.748449	-63.351743	-314.811929	-4.672688	-156.660540	-33.817002	-24.510988	194.933021	0.000000	0.000000	0.000000	54.027414	-242.772988	-30.547257	70.358244	-301.645585	-493.656042	111.626067	-175.231223	-869.613259	44.587808	-269.159649	-911.975143	18.052379	-324.130211	-909.019924	-157.969448	-196.843595	-37.892452	-199.968750	-81.855041	-491.759214	-158.255467	169.970840	-800.274120	-172.491863	65.092771	-861.547748	-183.229839	6.053225	-873.766379	
-79.195034	-129.937196	656.337644	-50.070593	-148.587307	406.634971	109.267450	-183.251561	406.028003	221.023943	-80.429692	160.789631	276.920668	-61.438783	-59.257257	286.422961	18.720134	-132.588190	-205.485876	-170.983240	383.427455	-312.168467	-27.979888	164.419016	-361.650275	-25.355048	-58.000099	-349.431454	46.611096	-139.351170	-32.040289	-27.143553	194.884346	0.000000	0.000000	0.000000	57.798216	-242.102936	-28.919795	67.847241	-316.352440	-489.992949	102.855999	-166.485862	-857.881314	35.905650	-260.631715	-899.898163	9.763477	-315.808400	-897.300993	-154.411322	-199.601710	-38.129862	-205.603564	-86.685668	-491.572988	-182.448402	178.456157	-790.740785	-187.941748	70.716891	-848.348212	-192.946754	10.781709	-859.880379	
-76.594925	-135.200137	655.300069	-46.035968	-153.192402	405.720597	113.370980	-187.537849	405.083514	227.706759	-75.449006	165.152001	290.200007	-41.599326	-51.307059	303.243640	46.725778	-113.930623	-201.498844	-175.021800	382.293084	-317.369937	-27.393476	171.163745	-386.377679	-6.274915	-44.978661	-384.573240	76.286390	-116.580318	-29.690614	-30.017261	194.835039	0.000000	0.000000	0.000000	61.981893	-241.191757	-27.849621	68.874467	-329.289661	-486.536527	96.276538	-159.142137	-846.156326	30.461995	-254.333910	-887.607247	5.415174	-310.021641	-885.125625	-150.539460	-202.459590	-38.543103	-208.674901	-92.065259	-491.770098	-204.098382	183.275163	-782.466550	-201.765627	73.630636	-836.588431	-201.755669	13.342562	-847.340871	
-74.062728	-139.694494	654.330418	-42.430586	-157.191757	404.849481	117.063696	-191.133384	404.487699	234.509809	-69.532916	170.771104	304.345528	-32.905997	-42.974475	317.336792	56.249470	-104.421208	-198.057513	-178.904680	382.424373	-325.224234	-26.837232	181.178390	-413.948483	1.823307	-26.745113	-420.101849	88.252938	-93.367011	-27.491206	-32.483462	194.762212	0.000000	0.000000	0.000000	65.313532	-240.340953	-27.589654	72.158644	-336.835976	-484.584491	91.248748	-152.191389	-837.528392	27.489522	-249.030964	-878.370336	3.986229	-305.387532	-875.888883	-147.569543	-204.593151	-38.761553	-210.452609	-96.433995	-491.893613	-221.078777	184.469974	-777.056310	-213.704846	73.879875	-828.747672	-210.350644	13.606220	-839.048295	
-72.472261	-142.487887	653.664092	-40.024091	-159.964088	404.286500	119.577429	-193.399289	404.467148	240.915249	-65.622435	176.094823	319.063744	-34.373544	-35.617367	330.842254	50.968289	-102.484469	-195.907043	-182.040001	384.106403	-335.957326	-27.388259	193.673773	-443.349288	0.051851	-5.423211	-456.430850	86.268682	-71.316709	-26.120651	-34.439353	194.614757	0.000000	0.000000	0.000000	67.117865	-239.760005	-28.304630	75.711129	-336.992477	-485.113593	87.246917	-144.972361	-834.431004	26.352103	-243.803309	-874.871974	4.696416	-300.893092	-872.339600	-146.071182	-205.664005	-38.769990	-212.071463	-98.531249	-491.702526	-232.090312	182.587752	-776.147727	-223.540017	71.601772	-826.798952	-218.914460	11.425376	-837.175494	
-71.660343	-143.518960	653.382427	-38.465347	-161.581610	404.144955	121.229721	-194.554242	405.083695	247.582684	-65.764638	180.023977	334.419836	-44.433811	-29.523240	346.411482	34.679038	-103.621342	-194.609502	-184.490565	387.166744	-348.758083	-30.449934	207.429355	-472.772400	-10.659265	17.286303	-493.509848	72.842043	-50.122244	-25.490653	-36.077395	194.401413	0.000000	0.000000	0.000000	67.794970	-239.340739	-30.177358	78.313166	-329.052443	-488.482500	84.282004	-137.159771	-838.009364	27.042639	-238.164163	-878.419444	7.531910	-296.018702	-875.810071	-145.651138	-205.910441	-39.041280	-213.785171	-98.419557	-491.572837	-236.833854	177.682919	-780.664346	-230.690939	66.619640	-831.494993	-226.641752	6.494751	-842.397690	
-70.975167	-143.197485	653.403909	-36.920124	-162.347069	404.363687	122.824101	-195.041101	406.227415	255.379789	-70.136086	182.550333	350.563309	-60.739238	-24.228602	365.470633	11.757088	-104.323706	-193.242849	-186.526003	391.223617	-362.351352	-36.899263	221.488579	-500.358438	-29.993581	40.292670	-530.507863	48.942456	-29.036520	-25.048459	-37.434103	194.202275	0.000000	0.000000	0.000000	68.085920	-238.870856	-33.103496	79.921142	-313.381539	-494.092120	82.703290	-128.639147	-847.489858	30.021599	-231.988428	-888.168747	13.024499	-290.628449	-885.509498	-145.656778	-205.754111	-39.836344	-215.175014	-97.505668	-491.976628	-236.052424	168.950889	-790.142281	-234.383231	58.082958	-841.737411	-232.097235	-2.017775	-853.267512	
-69.903304	-141.985130	653.722681	-34.747031	-162.281225	404.926400	124.992777	-194.923287	407.803913	264.683570	-77.277681	184.533440	367.596821	-80.433951	-18.701970	387.596067	-14.020242	-102.859089	-191.099017	-188.116045	395.943342	-375.808013	-46.910122	235.508607	-524.754382	-58.167762	63.421866	-565.872820	14.193641	-7.426731	-24.273743	-38.320589	194.127738	0.000000	0.000000	0.000000	68.436113	-238.267673	-36.549068	81.204765	-291.205928	-500.485409	82.789648	-119.426250	-860.369673	35.733118	-225.313477	-901.415802	21.708211	-284.736162	-898.794433	-145.678639	-205.555015	-40.773216	-215.742221	-97.691984	-492.921430	-231.223315	155.547594	-802.708084	-233.831452	44.919292	-854.776483	-233.496719	-15.173555	-866.566509	
-68.208654	-140.221477	654.429420	-31.572420	-161.135221	405.897961	128.131153	-193.839579	409.870882	275.570252	-84.951090	187.140734	385.724057	-100.739915	-11.662143	411.915124	-40.032091	-98.390220	-187.791536	-188.833868	401.159836	-388.709117	-60.338007	249.776981	-544.807749	-95.407781	87.515063	-597.475984	-32.291793	15.481381	-22.767907	-38.434040	194.287694	0.000000	0.000000	0.000000	69.014786	-237.563743	-39.890444	82.947649	-264.217520	-506.042647	84.551608	-109.563272	-873.611612	44.267830	-218.106267	-914.925558	33.735482	-278.252225	-912.443958	-145.511324	-205.570764	-41.288023	-215.221890	-100.443012	-494.134509	-224.101047	137.756431	-815.879603	-228.510315	26.959914	-867.466733	-229.132093	-33.206337	-878.864220	
-65.871894	-138.262094	655.620166	-27.291504	-158.642219	407.338696	132.360165	-191.416291	412.610833	287.909064	-91.073415	191.387966	405.007263	-119.424721	-1.976836	437.937766	-64.401855	-90.188158	-183.240083	-188.203462	406.838263	-400.795006	-77.094024	264.991944	-558.961766	-141.557870	114.150006	-622.704911	-91.084561	41.104274	-20.272051	-37.551808	194.736146	0.000000	0.000000	0.000000	69.941334	-236.807770	-42.674464	85.558002	-234.399105	-509.528557	87.693893	-99.154510	-884.670917	55.253023	-210.287089	-926.003067	48.733519	-271.006469	-923.705683	-144.977074	-205.976115	-41.146970	-213.496992	-106.470530	-495.443136	-216.408616	117.408965	-827.417855	-218.979898	5.900169	-877.574797	-218.820811	-54.439121	-888.034803	
-63.036600	-136.563994	657.285770	-22.226672	-154.764211	409.191461	137.335500	-187.656859	416.161218	301.162846	-94.423202	197.822500	424.899739	-134.898931	10.855583	465.102470	-85.608544	-77.729796	-177.791052	-186.073917	412.866078	-411.637504	-96.976736	281.818913	-564.984999	-195.541041	145.088429	-638.396321	-161.776598	71.487054	-16.824100	-35.670444	195.417067	0.000000	0.000000	0.000000	71.346572	-236.043316	-44.542559	88.830462	-204.137973	-510.245027	91.720996	-88.506902	-891.884325	67.970601	-201.924129	-932.916725	65.875115	-262.961744	-930.761821	-143.908357	-206.847151	-40.524392	-210.382963	-115.884629	-496.910515	-209.620018	97.213824	-835.918164	-207.433387	-15.133051	-884.187618	-204.926558	-75.595344	-893.584102	
-59.957138	-135.645455	659.264663	-17.190357	-149.901925	411.242003	142.182219	-183.158860	420.458793	314.177747	-94.997366	206.335466	443.769092	-146.284767	26.109449	491.836609	-102.517043	-61.452366	-172.269876	-182.859802	418.870754	-420.591366	-119.245541	300.188433	-560.366390	-254.561756	181.537405	-640.653655	-241.966471	108.450224	-12.882545	-33.139026	196.160918	0.000000	0.000000	0.000000	73.340071	-235.322347	-45.115926	92.169312	-176.449508	-508.129829	96.199823	-78.189740	-894.596162	81.593481	-193.341559	-935.067383	84.117662	-254.364270	-932.950239	-142.137575	-208.218761	-39.742203	-205.670785	-128.020354	-498.559262	-204.573746	79.322316	-841.116604	-196.462839	-33.662813	-887.215581	-190.721362	-94.042842	-895.674571	
-57.003137	-135.817602	661.293512	-13.313058	-144.901871	413.188419	145.703438	-178.945625	425.245267	325.137055	-93.945608	216.003101	458.630709	-153.695158	41.317191	514.756432	-114.713652	-43.674082	-167.849981	-179.406045	424.228263	-427.162290	-142.072960	318.591161	-543.548455	-313.194987	223.212368	-625.820380	-325.586702	152.330791	-9.198874	-30.615743	196.777331	0.000000	0.000000	0.000000	75.971605	-234.691766	-44.033059	95.306841	-154.914856	-503.885447	100.956648	-68.843909	-893.227617	95.359587	-184.960521	-933.187745	102.381632	-245.627153	-930.979641	-139.580173	-210.078993	-39.009966	-199.563040	-141.212301	-500.139862	-201.132471	64.358892	-843.761370	-187.280847	-49.021501	-887.459891	-178.066056	-109.084308	-895.063431	
-54.862846	-136.830862	663.081949	-11.770872	-140.633942	414.735210	146.704052	-175.868825	430.058145	331.691887	-92.978438	224.845098	465.389532	-158.371101	52.350256	528.674895	-122.836307	-29.046381	-165.825801	-176.418009	428.176049	-431.648045	-162.404446	333.635135	-515.853307	-363.519453	267.394440	-593.362934	-402.640205	200.999811	-6.666761	-28.568481	197.186859	0.000000	0.000000	0.000000	78.984804	-234.202888	-41.245945	99.110391	-142.815153	-498.898289	106.164021	-61.180651	-889.171921	108.546260	-177.326109	-929.368488	119.490089	-237.402830	-926.992511	-136.532624	-212.195903	-38.331797	-192.905509	-153.379768	-501.304914	-198.209477	51.819443	-845.111358	-179.365528	-61.633792	-886.702355	-166.925013	-121.196252	-893.617113	
-54.576518	-137.892808	664.416530	-13.439910	-137.447294	415.709743	144.375443	-174.052518	434.282911	331.588429	-93.511572	230.155098	459.920958	-162.028259	54.821253	528.012925	-128.229594	-23.372772	-167.254251	-173.916552	430.035192	-435.199590	-177.054398	340.641236	-482.382079	-397.763407	309.225504	-547.903201	-462.370760	250.239957	-6.171298	-26.926647	197.433867	0.000000	0.000000	0.000000	81.554876	-233.989951	-37.260235	105.319691	-142.093290	-494.636080	112.573817	-56.473410	-884.051111	120.605108	-171.666445	-926.208788	134.319090	-231.172214	-923.839152	-133.928199	-213.995700	-37.505509	-186.873500	-162.797061	-501.786503	-194.373774	41.259794	-846.231368	-171.872265	-71.847032	-886.938492	-156.993009	-130.879266	-893.577018	
-57.085395	-138.143847	665.262674	-18.646743	-135.072215	416.143186	138.557042	-172.874893	437.321434	323.408370	-96.229211	229.573664	439.539783	-165.762146	46.313201	508.866633	-131.897646	-30.759198	-172.620105	-171.269322	429.411571	-438.707866	-184.374047	335.489265	-450.101959	-411.821321	343.458838	-497.565959	-497.831806	295.544460	-8.218913	-25.416423	197.559398	0.000000	0.000000	0.000000	82.327520	-234.385404	-32.809779	115.047329	-153.435396	-491.698585	121.523802	-56.955275	-878.579826	131.494529	-170.154557	-925.459607	146.316469	-229.417273	-923.766795	-133.149764	-214.699152	-36.235341	-182.499975	-168.098971	-501.395880	-188.706861	32.883179	-847.669426	-164.429087	-79.491653	-889.371090	-148.324464	-138.173451	-896.252564	
-62.325026	-137.181130	665.716849	-26.751680	-132.969184	416.188733	130.066927	-171.490326	438.874339	307.169750	-100.947245	222.398073	404.580178	-169.268869	28.106808	470.943777	-133.385866	-50.642503	-181.275531	-167.789613	426.386471	-441.093433	-185.304269	316.916271	-423.917890	-407.015273	366.663967	-449.532542	-508.261069	334.421129	-12.383285	-23.909112	197.530427	0.000000	0.000000	0.000000	80.252038	-235.693194	-28.269219	127.945110	-177.191871	-489.252290	134.560905	-65.470222	-872.008031	141.841178	-175.211455	-926.917649	155.826089	-234.700243	-927.280038	-135.118594	-213.751862	-34.506412	-180.223154	-168.503724	-500.231150	-180.974123	27.097008	-849.627070	-156.907769	-84.328032	-893.919427	-140.900256	-142.965444	-901.381360	
-69.018426	-135.114793	665.864101	-36.267990	-130.694098	415.953415	120.467651	-169.379668	438.930708	284.477691	-106.403796	210.154712	359.104959	-171.018874	4.822313	418.380753	-131.073999	-77.542475	-191.512212	-163.308463	421.395082	-439.410481	-183.055358	287.408747	-404.762498	-389.045671	378.475261	-407.634723	-497.712067	367.082852	-17.497122	-22.210792	197.341816	0.000000	0.000000	0.000000	75.490329	-237.771076	-23.599697	142.161053	-214.017129	-485.328178	152.356558	-84.710420	-862.426680	152.459283	-188.659203	-928.045629	163.636745	-248.567278	-932.596676	-139.554759	-211.179514	-32.638434	-179.654967	-164.808419	-498.710362	-171.278641	23.693291	-851.888308	-149.099432	-86.911952	-899.122880	-134.376633	-145.816687	-907.106512	
-75.923973	-132.363400	665.736959	-46.118344	-127.996586	415.457036	110.735242	-166.608490	437.743000	257.913737	-110.944296	195.991685	309.391454	-169.680552	-18.031276	358.431742	-124.161041	-104.148612	-201.937189	-158.234333	414.964079	-431.468755	-181.512729	251.963446	-391.693028	-364.928251	381.200590	-374.119242	-471.943537	394.813561	-22.690809	-20.012171	197.047967	0.000000	0.000000	0.000000	68.843610	-240.233884	-18.413535	153.629371	-264.568159	-477.130925	172.800470	-116.672962	-846.978100	163.049400	-211.872335	-924.135100	169.702465	-271.556966	-935.453520	-145.605359	-207.363025	-30.614386	-180.317900	-159.340697	-496.951434	-159.816971	22.062990	-853.336245	-141.009208	-88.432383	-902.260497	-128.670502	-147.877205	-910.281500	
-83.001604	-129.342429	665.319570	-56.398808	-124.598369	414.685834	100.528972	-163.555278	435.819263	230.335572	-113.651470	183.106844	261.405131	-165.181096	-36.631891	299.225782	-113.803705	-125.080369	-212.388869	-153.078222	407.609432	-417.613286	-183.594032	215.912916	-384.353381	-340.207962	378.059323	-351.676046	-436.572342	417.965717	-27.923463	-17.068759	196.652482	0.000000	0.000000	0.000000	60.531630	-242.858635	-12.100637	156.002049	-327.734149	-461.415640	189.930606	-161.470761	-822.293448	170.707345	-245.687569	-909.753164	171.889124	-303.407383	-929.794411	-152.905940	-202.462136	-27.684693	-182.860355	-154.612864	-494.369305	-146.687076	21.751514	-852.035098	-133.242350	-89.871917	-900.159839	-124.541652	-150.042410	-907.513525	
-91.255575	-125.978735	664.586041	-67.910993	-119.914782	413.656283	88.807418	-160.260171	433.710706	204.269035	-114.384754	173.388270	219.183818	-158.484488	-49.633016	247.645068	-102.369159	-138.707133	-223.541809	-147.921914	399.918498	-399.926202	-190.473368	183.415034	-382.866561	-317.944651	371.525753	-342.286594	-396.509938	435.768918	-33.603648	-13.204628	196.060434	0.000000	0.000000	0.000000	49.842280	-245.536906	-4.265520	142.719738	-399.203459	-435.499557	196.043302	-216.041256	-785.693301	169.946201	-288.865304	-881.227619	166.004483	-342.718888	-909.843688	-161.867810	-196.006527	-22.756068	-189.251971	-151.753008	-489.953115	-131.944833	22.261836	-846.004298	-126.957580	-91.539312	-890.512364	-123.403366	-152.372544	-896.591220	
-101.748637	-121.353293	663.502183	-81.220326	-113.050913	412.390368	74.888147	-156.014639	431.751506	181.445082	-113.059114	167.168528	184.573686	-150.872831	-57.478008	207.686581	-92.084597	-146.376314	-235.975321	-142.190376	392.494139	-380.740873	-201.160449	157.204327	-386.617375	-298.781876	363.022513	-345.441927	-354.837204	447.336242	-40.038601	-8.110311	195.126611	0.000000	0.000000	0.000000	35.649907	-247.983684	4.898652	110.046832	-471.817607	-398.295964	185.489543	-274.785710	-736.695554	155.211234	-337.235009	-838.157446	147.272995	-386.467166	-873.481717	-173.156557	-186.874311	-15.244146	-201.621366	-149.673246	-482.991067	-116.407544	22.731140	-834.207598	-123.576901	-93.045897	-872.948012	-126.635459	-154.044216	-877.433247	
-114.606353	-114.021537	662.029082	-95.989685	-103.276649	410.860909	59.153540	-149.690680	430.015747	162.753887	-109.421459	163.840865	157.886838	-143.354323	-61.393689	180.278341	-84.335984	-150.324153	-249.487245	-134.958941	385.784857	-362.218021	-212.393573	138.617950	-393.774401	-281.509825	353.449839	-357.767655	-312.638447	451.841635	-47.041571	-1.459209	193.722023	0.000000	0.000000	0.000000	17.341427	-249.557432	14.532145	58.895381	-537.055941	-351.282428	157.052546	-331.187227	-678.407324	124.053006	-384.532779	-784.126239	112.952226	-429.359214	-824.151088	-186.775979	-173.835657	-5.786487	-220.307315	-145.806640	-473.837094	-102.024516	22.506600	-817.373922	-123.977931	-93.450517	-849.444727	-134.516237	-153.707306	-852.330973	
-128.431382	-103.164229	660.211931	-110.634030	-90.835915	409.057096	43.375086	-140.770735	428.506945	148.764314	-103.439264	162.606246	139.064344	-136.256634	-62.637316	164.506915	-79.484206	-152.207055	-262.707713	-125.814950	380.003026	-346.459116	-220.230750	127.283440	-401.604289	-264.867236	343.829499	-373.418441	-271.660812	449.213690	-53.794471	6.637865	191.847217	0.000000	0.000000	0.000000	-3.937023	-249.452496	23.425889	-4.269602	-586.817770	-299.663861	114.825613	-378.507769	-618.177167	79.440328	-423.875635	-726.808861	65.492924	-464.825098	-769.974083	-201.263855	-156.892542	3.895662	-242.802868	-138.472328	-463.989530	-90.749258	21.643315	-798.026055	-127.609550	-92.066406	-823.870977	-145.566031	-150.595029	-825.365007	
-140.553621	-89.959905	658.377026	-122.608801	-77.658656	407.231357	30.341963	-130.454578	427.461166	140.225711	-95.674203	163.038026	128.647357	-129.334923	-61.992259	158.760131	-76.597337	-152.574482	-273.370805	-115.842173	375.499447	-334.864836	-222.954143	121.449571	-407.065953	-249.960963	335.886583	-385.541557	-237.060878	442.266612	-59.011410	15.086219	189.824446	0.000000	0.000000	0.000000	-24.505318	-247.482337	30.705082	-67.236491	-616.443068	-252.569434	68.116613	-411.666526	-566.852043	30.290381	-450.567332	-677.156667	13.715369	-488.393993	-722.201508	-213.804042	-138.849799	12.089260	-264.490440	-128.632941	-455.144998	-83.032113	20.253175	-779.557573	-132.440692	-89.611308	-800.655666	-156.833946	-145.781378	-801.054912	
-148.638047	-77.550044	657.173750	-129.892277	-66.963707	406.008445	22.293222	-121.502703	427.354700	137.618338	-87.181303	165.198509	127.191525	-122.203502	-59.680256	161.203725	-73.438594	-151.104132	-279.777913	-107.451410	373.006645	-328.131711	-221.951522	119.338625	-408.288269	-240.203030	331.864883	-389.495638	-215.627908	436.694854	-61.873942	21.754335	188.259463	0.000000	0.000000	0.000000	-39.402216	-244.846724	35.893831	-115.611811	-627.841932	-220.444216	28.256654	-430.222424	-535.524916	-12.027897	-465.187366	-646.276053	-30.745030	-501.086169	-692.053449	-221.886886	-124.859238	17.719078	-280.146483	-119.367556	-448.710990	-77.746050	18.000690	-765.731098	-135.918877	-88.048588	-783.786976	-165.099103	-141.887017	-783.334285	
-152.017300	-68.844295	657.091030	-132.191814	-61.176848	405.902565	19.648194	-116.210364	428.408447	140.387388	-78.942913	169.107668	133.950207	-114.025845	-55.911180	169.856096	-66.915402	-147.478338	-281.861734	-102.643546	373.138179	-327.063210	-219.640804	120.028918	-405.574244	-238.152906	333.146072	-384.881053	-211.066350	436.994677	-62.637004	24.969460	187.607017	0.000000	0.000000	0.000000	-45.346914	-243.426515	38.444886	-139.444787	-627.326865	-210.489919	3.616374	-437.717168	-530.816503	-39.090852	-472.100375	-640.839657	-59.227549	-507.652841	-686.283696	-224.874241	-119.026389	20.046945	-285.659008	-114.030694	-446.066348	-73.224665	14.816397	-760.085132	-135.963860	-88.886379	-776.396770	-167.977263	-141.078962	-775.237742	
-151.529787	-64.751797	657.997802	-130.679988	-60.529592	406.810734	21.249497	-114.932003	430.228671	146.864462	-71.531025	174.219012	146.438510	-103.704036	-51.325767	182.626163	-54.799880	-141.835482	-280.788273	-101.765105	375.807312	-332.695006	-217.713417	123.502912	-400.642553	-243.685072	339.452456	-373.833706	-222.355966	443.244447	-62.272417	24.642319	187.771572	0.000000	0.000000	0.000000	-42.718495	-243.970864	38.002204	-136.966952	-619.308015	-223.611400	-3.014147	-437.348235	-552.206497	-47.952156	-474.347411	-660.478575	-68.735684	-511.071698	-704.682610	-223.599479	-121.615130	18.724812	-279.904422	-114.143630	-447.917746	-68.621707	11.251955	-764.103262	-131.962299	-92.220910	-779.526543	-164.865672	-143.841731	-777.816057	
-148.741551	-64.304909	659.362096	-127.105472	-63.484087	408.207381	25.276025	-116.357820	432.183171	154.909164	-65.011770	179.670711	161.250742	-90.745698	-46.610708	197.333727	-37.174625	-134.481804	-278.109772	-103.695032	380.371109	-345.567172	-216.805889	130.468602	-395.480535	-254.822055	349.532586	-359.238861	-245.701424	452.244696	-61.870007	21.818602	188.253318	0.000000	0.000000	0.000000	-34.663059	-245.698526	34.950343	-113.505544	-603.670401	-254.605222	6.076781	-429.800065	-592.978724	-40.666448	-471.750381	-698.650140	-61.400160	-510.764113	-740.871781	-219.382081	-129.646661	14.171494	-264.769886	-118.044021	-453.574882	-64.294956	8.329874	-776.339752	-124.856855	-96.832512	-791.494649	-156.937345	-148.957255	-789.464797	
-145.225987	-65.751941	660.666631	-123.061543	-67.995824	409.566677	30.038498	-118.619680	433.819373	162.783694	-58.867216	184.797153	175.529607	-75.618300	-42.056709	211.803004	-15.996656	-125.858089	-275.173403	-106.735123	386.001330	-364.895173	-217.023008	141.906234	-391.631982	-269.453022	362.046731	-344.573238	-277.167565	460.395004	-62.180583	17.831128	188.570642	0.000000	0.000000	0.000000	-24.709713	-247.525379	30.190015	-78.055047	-578.699053	-294.895664	25.545552	-415.240437	-643.572663	-22.495111	-463.749501	-745.798746	-42.674311	-505.821510	-785.262286	-213.653110	-139.412238	7.359482	-243.866861	-121.942828	-461.429698	-61.135604	7.016206	-793.569089	-116.324060	-101.026491	-808.981803	-146.232928	-154.426356	-806.937033	
-142.215819	-67.595905	661.559853	-119.641920	-72.480138	410.533863	34.340179	-120.281473	434.929280	169.500020	-52.249569	189.354064	187.784508	-59.410484	-37.626399	224.234859	6.213590	-116.734072	-272.873665	-109.483776	391.964002	-388.656310	-218.519149	158.508446	-389.926552	-286.577248	375.975877	-333.536283	-314.059106	465.481784	-63.530590	13.809201	188.458035	0.000000	0.000000	0.000000	-15.246135	-248.919115	24.446868	-39.557582	-544.452968	-336.484041	49.535728	-395.503217	-695.515805	0.768671	-451.953914	-793.220972	-18.513714	-497.659167	-828.911930	-207.701559	-148.313832	-0.809227	-221.212173	-122.451127	-469.989289	-59.697337	7.726988	-812.486494	-107.959264	-103.486687	-828.575207	-134.840919	-158.481652	-826.787067	
-140.485984	-69.028377	661.871423	-117.391410	-76.058463	410.943739	37.501180	-120.727196	435.511616	174.677233	-44.644929	193.441525	197.752416	-43.348324	-33.211483	233.823013	27.306888	-108.044125	-271.604199	-111.272260	397.810534	-414.524654	-221.379786	180.449299	-390.723979	-306.254673	390.581123	-329.223257	-354.548618	466.947204	-65.904833	10.501307	187.855094	0.000000	0.000000	0.000000	-7.491841	-249.824888	17.950420	-4.322519	-502.932052	-374.642429	73.604479	-373.373838	-743.653954	25.026252	-438.983159	-835.560315	7.086035	-488.619899	-866.365635	-202.466328	-155.083122	-9.705492	-199.976082	-118.126362	-478.330441	-59.707023	10.308241	-830.703629	-100.858962	-103.600987	-847.666751	-124.440619	-160.099662	-846.227252	
-140.269482	-69.825130	661.638348	-116.448596	-78.354940	410.825086	39.227709	-119.985948	435.771786	178.309090	-36.282249	197.331500	205.785357	-28.436420	-28.697766	240.924091	45.847332	-100.394103	-271.369144	-112.102555	403.422432	-440.678114	-225.328663	207.692642	-394.319524	-328.933515	405.284437	-333.594629	-397.026928	465.469124	-68.959255	8.248855	186.868506	0.000000	0.000000	0.000000	-1.954538	-250.348059	10.623049	24.633049	-456.695220	-407.607002	95.303952	-350.919655	-785.554891	48.209140	-426.247293	-870.519779	32.221510	-479.625160	-895.616074	-198.491571	-159.337240	-18.716985	-181.786584	-109.374572	-485.842259	-60.401670	14.451725	-846.772266	-95.528251	-101.355788	-864.415537	-116.043271	-159.043530	-863.180489	
-141.264951	-70.117961	661.084071	-116.601126	-79.373514	410.378038	39.616637	-118.445076	436.068784	180.745019	-27.939182	201.345174	212.404303	-15.296714	-23.918203	246.687577	61.177685	-93.699967	-271.853238	-112.370779	408.950121	-465.636952	-229.966258	240.382611	-400.864611	-354.840175	419.649591	-347.058438	-439.852491	462.360531	-72.071431	7.038108	185.740235	0.000000	0.000000	0.000000	1.528978	-250.563263	2.556078	46.908627	-408.208816	-434.812180	113.722572	-328.879977	-819.870988	69.186882	-413.475474	-897.145698	55.492959	-469.911464	-916.174113	-195.843565	-161.400078	-27.072093	-166.996672	-97.727373	-491.932277	-61.282784	19.894531	-859.800978	-91.965432	-97.168676	-877.445317	-109.868957	-155.716556	-876.075484	
-142.853641	-70.234996	660.519251	-117.306067	-79.496115	409.901938	39.162183	-116.691123	436.824210	182.714126	-20.581520	205.827471	218.179670	-4.288067	-18.632882	252.346415	73.265483	-87.271440	-272.462106	-112.633603	414.654537	-487.815911	-234.922776	278.772504	-409.946314	-383.229907	433.261735	-368.018309	-480.833723	458.990316	-74.548730	6.544764	184.778013	0.000000	0.000000	0.000000	3.763983	-250.486931	-5.740218	63.327336	-360.282372	-455.850864	128.690331	-307.466217	-845.678500	86.906801	-399.945474	-915.053785	75.138372	-458.474888	-928.108928	-194.120263	-162.166970	-34.011505	-155.436020	-85.180658	-496.134847	-62.445009	26.218576	-869.338012	-89.920651	-91.773128	-886.058917	-105.589248	-150.942791	-884.131975	
-144.458668	-70.521293	660.205940	-117.930571	-79.313681	409.673630	38.494140	-115.350038	438.366511	185.078618	-14.989729	211.112228	223.557257	4.270116	-12.615696	258.570245	82.269979	-80.315646	-272.561292	-113.415674	420.649561	-505.520056	-239.484381	322.503114	-420.289276	-411.179305	445.719059	-392.919719	-516.446674	456.494524	-75.903780	6.262742	184.235326	0.000000	0.000000	0.000000	5.765239	-250.148279	-13.543282	74.853261	-316.775462	-470.697621	140.254208	-287.679313	-863.003093	100.710328	-386.200401	-924.979567	89.989706	-445.842903	-932.883064	-192.747767	-162.661541	-39.078210	-146.938088	-73.817890	-498.414281	-64.292876	32.710579	-875.454296	-89.168771	-86.080633	-890.500216	-102.786300	-145.719131	-887.657783	
-145.746211	-71.280618	660.251799	-117.984821	-79.451402	409.832096	38.125773	-115.011662	440.743923	188.529135	-11.616735	217.378689	228.711883	9.814933	-5.851599	265.343140	87.921045	-72.565597	-271.721017	-115.130983	426.750322	-517.158755	-242.422951	368.846076	-429.718565	-433.495619	456.999638	-417.052172	-542.051144	455.702441	-76.046204	5.646961	184.196492	0.000000	0.000000	0.000000	8.193459	-249.633838	-20.165169	82.618448	-282.265789	-480.163541	148.553935	-271.446185	-873.308427	110.526545	-374.213274	-929.022425	100.063459	-434.275021	-933.233766	-191.287830	-163.603822	-42.194087	-141.386381	-65.525147	-499.218994	-66.865160	38.415467	-878.666825	-89.462280	-81.043775	-891.910752	-101.156485	-141.032367	-888.053119	
-146.501781	-72.760816	660.624104	-117.152302	-80.390996	410.368489	38.432372	-116.074977	443.694952	193.447093	-10.523866	224.530381	233.665933	11.489314	1.363188	272.159689	89.393885	-64.532790	-269.801163	-117.888587	432.421444	-522.396003	-242.601446	411.483934	-435.559353	-445.769213	467.232090	-435.205656	-554.538347	456.481617	-75.188297	4.300654	184.584629	0.000000	0.000000	0.000000	11.122797	-249.097239	-24.852949	87.919058	-260.675920	-485.472851	153.627511	-260.341360	-878.804442	116.350191	-365.636175	-930.132894	105.607812	-425.763714	-932.109106	-189.546865	-165.276341	-43.512095	-138.503299	-61.808071	-499.220575	-69.476580	42.222166	-879.681797	-90.399255	-77.649662	-891.909984	-100.498956	-137.881998	-887.401250	
-146.515388	-74.940339	661.201932	-115.365694	-82.161973	411.151879	39.593083	-118.420072	446.700695	199.784223	-11.173119	232.129962	238.202965	8.620515	8.438335	278.054568	85.921554	-57.361136	-267.089588	-121.161045	436.705921	-523.430084	-239.715777	442.197328	-435.858403	-447.399541	475.727263	-442.856956	-554.885419	457.173860	-73.664235	2.301021	185.233763	0.000000	0.000000	0.000000	14.134933	-248.753990	-26.692251	91.657747	-253.821021	-487.308104	155.320530	-255.367871	-880.973077	118.042340	-361.466475	-930.618109	106.640678	-421.498785	-931.483552	-187.623106	-167.519190	-43.272120	-137.724495	-63.621062	-499.009604	-70.980547	43.189208	-879.107659	-91.445824	-76.707430	-891.855627	-100.653862	-137.095691	-887.527009	
-145.877389	-77.387859	661.781767	-113.184943	-84.142194	411.915668	41.181989	-121.222187	449.151604	206.695517	-12.638271	239.345705	241.452162	1.329523	14.617852	281.408697	77.499401	-52.425389	-264.574527	-123.771011	438.464258	-523.947236	-234.474106	454.787632	-430.531116	-440.617248	481.321297	-437.507053	-546.830554	456.492038	-71.977430	0.328105	185.909663	0.000000	0.000000	0.000000	16.386095	-248.785253	-25.064189	93.809226	-261.209667	-485.557097	153.730841	-257.545902	-879.794881	115.602988	-362.581612	-931.029370	103.192811	-422.415771	-931.726531	-185.996835	-169.711236	-41.723604	-138.474298	-70.913781	-498.847239	-70.492138	40.971812	-877.262037	-92.233631	-78.438662	-892.261641	-101.573337	-138.881292	-889.143100	
-145.323745	-79.391390	662.146180	-112.010313	-85.235526	412.339163	41.863043	-123.244416	450.665459	212.375718	-14.350100	245.065932	241.871697	-9.581924	19.205392	280.379305	64.775847	-50.660602	-263.803332	-124.469823	437.110645	-526.272882	-228.395614	447.357356	-421.339530	-427.296037	484.143426	-418.906428	-533.027968	456.552467	-70.741225	-0.662886	186.382673	0.000000	0.000000	0.000000	16.611978	-249.211423	-20.212094	93.301153	-281.478098	-479.864199	148.995462	-267.931422	-874.505916	108.880828	-369.725277	-930.541922	94.979385	-429.211455	-932.206090	-185.567678	-170.831618	-38.971535	-140.842227	-82.159282	-498.447539	-68.104007	35.955531	-874.074697	-92.993472	-82.346529	-892.559259	-103.601905	-142.650128	-891.461991	
-145.887096	-80.207472	662.156853	-113.291959	-84.363965	412.221331	40.138815	-123.425377	451.257139	214.981441	-16.607782	248.220769	238.036539	-23.286579	21.660429	274.379961	48.185884	-52.258539	-265.948382	-122.567700	432.971466	-529.767598	-222.918979	421.796858	-411.753030	-407.177384	485.412923	-390.217111	-511.777922	462.145907	-70.341599	0.092875	186.535015	0.000000	0.000000	0.000000	13.727663	-249.864090	-13.050204	88.083481	-313.445712	-469.811647	140.735394	-287.635871	-864.259465	97.224924	-383.530900	-927.680196	81.050580	-442.298026	-932.089334	-187.203868	-169.896905	-35.033395	-145.688474	-94.927486	-497.242660	-64.837844	29.094716	-869.290222	-94.492459	-87.477168	-891.384146	-107.390235	-147.332811	-892.487010	
-148.181436	-79.245620	661.783107	-117.391047	-80.935006	411.590017	35.563978	-121.261835	451.201859	213.805081	-20.312850	248.117833	229.413979	-39.162613	21.607833	264.734635	27.732930	-56.945389	-270.966936	-118.031445	426.833939	-531.193023	-218.513975	382.320178	-406.094460	-379.128444	484.686889	-359.239248	-477.511219	476.210978	-70.655633	2.820584	186.394975	0.000000	0.000000	0.000000	7.647450	-250.423216	-4.533174	75.132309	-355.745793	-454.594697	127.532608	-317.092632	-848.025243	79.537775	-404.241164	-920.225215	60.107798	-461.367024	-929.907008	-191.079414	-166.513887	-29.989469	-154.079988	-107.257968	-494.856251	-61.919949	21.468397	-862.652077	-97.511075	-92.901068	-887.338898	-113.497865	-151.949799	-890.156142	
-152.016510	-76.142924	661.127966	-123.230887	-75.080189	410.692859	29.180318	-116.918031	450.830253	209.307852	-25.956979	244.714102	216.521597	-56.268073	19.026417	253.428563	3.787588	-64.186350	-277.506832	-111.368872	419.418748	-526.143303	-214.999648	334.351731	-406.843047	-344.393724	479.093652	-337.171615	-426.970910	495.626115	-71.007612	7.157184	186.144983	0.000000	0.000000	0.000000	-0.574729	-250.533967	4.818811	51.114120	-405.441928	-432.827407	107.066570	-354.446666	-824.358070	54.679834	-430.868964	-905.144633	31.528843	-484.668736	-922.587146	-196.523655	-161.086802	-23.813455	-166.817609	-118.415223	-491.015802	-59.991875	13.836168	-853.556216	-102.392989	-97.962058	-879.243648	-122.126863	-155.812361	-883.009767	
-156.646449	-70.870227	660.397144	-129.090903	-67.625251	409.842467	22.726893	-111.136583	450.446792	202.223619	-32.809816	238.669661	200.674150	-72.703148	14.366624	241.231563	-21.815215	-73.147293	-283.708632	-103.479740	411.217433	-510.715524	-212.899334	283.581022	-412.737041	-307.458873	466.294766	-331.928652	-365.210308	511.914918	-70.622069	12.353415	186.019293	0.000000	0.000000	0.000000	-9.370011	-249.971666	14.737337	14.294198	-457.308829	-403.178602	77.762635	-394.598109	-791.851441	22.299087	-460.368079	-879.654132	-3.759392	-509.192090	-905.573172	-202.462973	-154.538837	-16.250474	-184.212907	-128.347180	-485.251838	-58.972052	6.481339	-840.883273	-108.948145	-102.245286	-866.131105	-132.932785	-158.445826	-870.193543	
-161.290761	-63.658603	659.765429	-133.785494	-59.566500	409.217630	17.387890	-104.814063	450.325498	192.958253	-39.078037	231.105215	183.521708	-85.864595	8.332459	227.642194	-45.384816	-82.815451	-288.296994	-95.291092	402.582368	-482.667030	-213.672076	235.244202	-420.522283	-273.330447	446.205125	-343.104295	-301.998648	517.836206	-69.116062	17.709797	186.152072	0.000000	0.000000	0.000000	-17.617087	-248.734415	24.731536	-33.459323	-505.347145	-365.270203	40.784219	-431.159191	-749.992827	-16.270501	-488.406967	-842.613870	-43.688499	-532.135247	-875.335667	-208.061548	-147.641675	-7.064938	-205.811288	-136.671506	-477.018062	-58.684879	-0.436628	-823.618115	-116.690687	-105.373130	-847.705429	-145.102832	-159.476442	-851.686458	
-165.388480	-54.713779	659.258084	-137.021051	-51.442536	408.794369	13.391133	-98.513523	450.640367	181.921296	-42.834676	223.261475	166.514900	-93.301871	1.627911	212.598702	-62.555301	-92.308784	-290.906974	-87.382592	393.911089	-442.112623	-217.851512	194.134857	-426.270355	-245.870126	419.722050	-365.280419	-245.454639	510.421981	-66.548111	22.966096	186.513185	0.000000	0.000000	0.000000	-25.070162	-246.999124	33.966742	-86.864124	-545.172328	-320.260125	-0.210995	-460.017445	-700.085524	-58.151403	-511.280819	-795.616578	-85.955789	-551.167715	-832.637878	-213.002409	-140.552672	3.536292	-229.988301	-142.291129	-466.240042	-59.283427	-6.318947	-801.961848	-124.982773	-106.887580	-824.898450	-157.540168	-158.618734	-828.662856	
-168.559722	-44.316028	658.785543	-138.963743	-43.485106	408.444032	10.488696	-92.580886	451.387757	170.148738	-43.129030	216.298636	150.697129	-93.449282	-5.050045	197.241966	-70.040718	-100.856039	-291.723869	-80.170811	385.803808	-393.258625	-223.622922	164.652242	-424.786582	-228.538759	390.278978	-390.093266	-203.390113	490.829174	-63.241132	28.093738	186.961392	0.000000	0.000000	0.000000	-31.876313	-245.044961	41.565462	-139.153619	-574.664716	-271.555637	-40.955678	-480.222017	-646.342502	-99.738385	-527.114126	-743.589251	-127.816610	-564.521464	-782.920273	-217.207486	-133.213226	14.585261	-253.924784	-144.235905	-453.935483	-60.758060	-10.365704	-778.131574	-132.971386	-106.554093	-800.257832	-168.998634	-155.946100	-803.826308	
-170.580500	-33.145367	658.268761	-139.820629	-36.274823	408.085785	8.498371	-87.540644	452.401478	159.498900	-40.612234	211.154148	136.936369	-86.059101	-10.952236	183.331260	-66.298805	-107.648751	-291.178129	-74.265382	379.073694	-345.971819	-228.179285	148.630660	-413.236256	-224.045813	366.309349	-407.093302	-184.251371	467.921793	-59.640579	32.799059	187.377918	0.000000	0.000000	0.000000	-37.944794	-243.183978	47.037917	-183.823098	-593.454900	-225.418000	-77.493154	-492.302042	-596.213760	-137.354208	-536.030957	-694.273143	-165.961402	-572.102819	-734.461129	-220.544607	-126.073364	24.559484	-274.505579	-142.751796	-442.121767	-62.571552	-12.394045	-755.855005	-139.768089	-104.747657	-777.489397	-178.436811	-152.110544	-780.917782	
-171.487876	-22.495982	657.745356	-139.798803	-30.947997	407.801662	7.445743	-84.136109	453.415905	152.113064	-36.742751	208.407853	126.298792	-71.959499	-15.197012	172.570377	-51.005803	-111.701179	-289.923062	-70.465286	374.708346	-311.704463	-231.083933	143.357852	-394.015611	-234.416016	355.818141	-408.549093	-192.775188	455.824349	-56.421834	36.327228	187.723654	0.000000	0.000000	0.000000	-42.551813	-241.738347	50.425535	-215.350912	-602.855998	-190.275398	-106.044242	-497.769053	-559.106307	-167.455194	-539.872062	-656.918567	-196.895931	-575.652001	-696.764068	-222.770552	-120.359004	32.009005	-289.251741	-139.340349	-432.965517	-64.111221	-12.973325	-739.038778	-144.684238	-102.488830	-760.287432	-185.146926	-148.338966	-763.574192	
-171.717407	-14.047583	657.345347	-139.323457	-28.575370	407.771591	7.259786	-82.946207	454.115475	149.233511	-32.168472	208.211443	120.099339	-52.120894	-16.863727	166.330493	-24.464964	-111.684617	-288.859464	-69.377948	373.592517	-296.573854	-234.769974	144.721820	-368.282150	-261.455053	359.364381	-389.310039	-228.514067	461.438577	-54.566693	37.866652	187.967693	0.000000	0.000000	0.000000	-44.591107	-241.091502	51.743029	-229.710414	-605.853578	-173.827128	-123.194065	-499.391334	-543.079767	-186.622437	-541.878525	-639.427506	-217.048220	-578.319900	-677.910268	-223.671233	-117.571018	35.858336	-296.571802	-136.032488	-428.174021	-65.136540	-12.837574	-730.826381	-147.329874	-100.997778	-751.528459	-188.690929	-146.056341	-754.570836	
-171.725828	-8.934280	657.119045	-138.885870	-29.340941	408.015472	7.657346	-83.969013	454.183105	150.560211	-26.340120	210.336038	119.497549	-27.262972	-15.362856	165.953635	11.802474	-105.965805	-288.622685	-71.043413	375.861672	-299.840458	-241.768794	151.088818	-331.609324	-302.125556	368.513293	-341.919165	-284.527820	475.893222	-54.751287	37.288973	188.029492	0.000000	0.000000	0.000000	-43.626640	-241.478141	50.752773	-225.737038	-604.762369	-179.600864	-126.785095	-499.502329	-551.294677	-192.368894	-544.562440	-644.993974	-223.639495	-582.502136	-681.289346	-223.305209	-118.373084	35.499041	-295.853845	-133.936390	-428.694697	-65.692517	-12.245976	-732.923107	-147.664218	-100.829721	-752.674111	-189.020535	-145.920571	-755.269738	
-171.683939	-6.899994	656.962118	-138.842977	-32.400509	408.328493	8.204577	-86.543135	453.452585	154.780543	-18.751461	214.447386	124.978932	1.317478	-10.530020	172.640176	54.189936	-93.150115	-289.283268	-74.858029	380.775734	-316.330849	-252.218968	162.584635	-282.707664	-343.447353	368.673124	-263.900718	-342.683738	476.339915	-57.084671	35.188962	187.740082	0.000000	0.000000	0.000000	-40.760998	-242.635406	47.512321	-206.290943	-598.552803	-205.716962	-116.897960	-497.786797	-581.060218	-184.508647	-546.979909	-671.171478	-216.374921	-586.938771	-704.674539	-222.137235	-121.777884	31.028715	-287.736781	-132.015593	-434.345581	-66.004455	-10.821876	-744.965249	-146.182590	-101.353117	-763.188940	-186.804687	-147.139936	-765.107127	
-171.538416	-6.511101	656.660819	-139.438536	-36.477063	408.428824	8.422319	-89.684325	451.980467	160.821184	-9.672508	220.514691	136.588978	31.394947	-2.267704	186.960013	97.477555	-72.900692	-290.654144	-79.788143	387.166953	-338.454102	-263.488153	177.965375	-233.342159	-368.897976	350.493201	-174.864299	-378.857070	442.295045	-61.378757	32.367983	186.890938	0.000000	0.000000	0.000000	-37.994376	-243.978613	42.681188	-177.192723	-584.088146	-245.679265	-95.989662	-491.995174	-625.089862	-165.623246	-545.582410	-711.059500	-198.063475	-587.548659	-741.408973	-220.901127	-125.676338	23.360984	-274.038166	-127.835095	-443.707685	-66.491955	-7.848742	-764.434305	-143.865367	-101.182007	-780.521524	-183.329164	-147.997228	-781.621916	
-171.061801	-6.337101	655.988880	-140.752626	-40.429327	408.064378	7.910089	-92.596620	450.118646	168.472140	0.210459	229.187925	154.562773	60.370698	9.886747	209.083273	136.775744	-45.637619	-292.508493	-84.751554	393.930244	-359.021200	-272.058812	193.211832	-197.887594	-373.251071	318.597994	-107.211671	-383.779077	378.710059	-67.174524	29.564668	185.355806	0.000000	0.000000	0.000000	-36.882679	-245.062029	37.082202	-144.479688	-559.744644	-290.942433	-67.873737	-480.766822	-674.245818	-139.933348	-537.847033	-755.857512	-173.295510	-581.352564	-782.854919	-220.268633	-128.169418	13.853342	-257.033246	-119.618339	-454.715318	-67.578056	-2.770836	-787.568305	-141.655466	-99.136975	-801.082977	-179.789359	-147.053352	-801.389586	
-169.878731	-5.754672	654.876997	-142.645779	-43.540035	407.130923	6.436078	-94.955706	448.623323	178.048650	10.084509	241.936631	179.129764	85.528418	26.965053	238.908705	168.135916	-11.708589	-294.599088	-88.913508	400.384310	-374.078780	-275.303471	203.565637	-178.935301	-363.096178	281.905061	-72.689273	-368.478885	306.989522	-73.632688	27.313853	183.236027	0.000000	0.000000	0.000000	-38.031789	-245.715884	31.114422	-112.354181	-526.824269	-334.476448	-36.189245	-464.844272	-720.979793	-111.464239	-523.903338	-798.160805	-146.391129	-568.251358	-821.570003	-220.596291	-128.298913	3.774989	-238.706933	-107.264794	-465.491372	-69.433893	4.532501	-810.724224	-140.002466	-94.757389	-821.593266	-176.732142	-143.758234	-821.253990	
-167.609689	-4.861074	653.479970	-144.871370	-45.559189	405.741969	3.862039	-96.905536	448.549868	189.696520	18.881544	260.766462	209.655624	103.743388	50.276954	275.373839	187.977101	28.391592	-296.709212	-91.810832	406.105552	-383.469941	-271.701887	206.336650	-171.700815	-346.646579	244.582335	-62.505856	-347.221272	239.833342	-79.705623	25.892565	180.886289	0.000000	0.000000	0.000000	-41.367685	-245.915241	24.601400	-82.894026	-488.132842	-372.649934	-3.712874	-445.601394	-761.171329	-82.950359	-505.207752	-833.832940	-120.065325	-549.685274	-853.297121	-221.893813	-125.956376	-5.975990	-220.402074	-91.645783	-474.806348	-71.843804	13.893476	-831.358763	-138.807692	-88.085672	-839.881252	-174.069440	-138.147502	-839.051030	
-164.071442	-4.116508	652.100029	-147.230889	-46.588781	404.188782	-0.001694	-98.833334	450.929147	202.714417	25.189366	287.441355	244.512268	111.280840	80.688049	315.882407	193.416538	73.394125	-298.784333	-93.329100	410.589794	-389.265824	-260.544092	201.668574	-172.036484	-329.148493	207.186886	-66.469945	-328.505615	178.872317	-84.419582	25.336361	178.814608	0.000000	0.000000	0.000000	-46.234595	-245.687910	17.047972	-56.557182	-446.428862	-404.614144	27.434494	-423.539413	-793.778537	-55.860207	-483.247021	-861.662268	-95.317023	-527.403089	-876.762809	-223.844358	-121.696280	-14.876301	-202.875495	-73.696143	-482.035417	-74.372761	25.040045	-848.199222	-137.661767	-79.398730	-854.801170	-171.372147	-130.509534	-853.550947	
-159.378501	-4.212972	651.058236	-149.494164	-47.141932	402.850885	-5.182344	-101.213489	456.151504	215.460446	27.379574	322.045974	281.508537	103.971397	117.896339	356.940473	182.669796	121.019820	-300.855895	-93.786623	413.242049	-393.911021	-242.195226	191.630993	-178.630819	-313.525917	169.450621	-80.299546	-316.473281	121.819789	-87.085314	25.313743	177.534852	0.000000	0.000000	0.000000	-51.217613	-245.155844	8.135614	-32.763182	-403.931755	-430.785871	55.816015	-398.611788	-819.569715	-30.790311	-459.457333	-882.086676	-72.062746	-503.319864	-892.444743	-225.780414	-116.814575	-22.696804	-186.739305	-54.542353	-487.001994	-76.829429	37.368294	-860.913709	-136.264516	-69.399564	-865.877230	-168.276844	-121.576370	-864.128281	
-153.829975	-6.036615	650.611292	-151.190822	-48.230555	402.095315	-11.096495	-104.637137	463.597084	226.134984	23.884940	361.582326	317.865991	77.824161	160.133289	395.798764	153.692379	168.112480	-302.728438	-94.004996	413.719786	-398.960467	-218.153976	178.938489	-192.137739	-301.135137	131.356056	-104.485544	-312.381554	67.036282	-87.429107	25.001788	177.410042	0.000000	0.000000	0.000000	-54.306999	-244.619085	-1.753092	-10.692252	-362.675795	-451.600614	80.735104	-371.389111	-839.663199	-7.692868	-435.556115	-896.004089	-49.601379	-479.688995	-901.534964	-226.853353	-113.178319	-29.424641	-172.819276	-36.122486	-489.993924	-79.535622	49.698386	-869.823698	-134.736225	-59.376131	-873.314415	-164.803450	-112.670338	-870.873836	
-147.643714	-10.360263	650.884655	-151.630259	-51.021430	402.131240	-16.383952	-109.677887	471.833802	234.406777	13.419130	400.036556	350.266246	30.131537	204.580652	431.136406	102.990653	211.269266	-303.812345	-94.991845	412.195634	-404.658675	-190.086363	166.059736	-213.761499	-291.355244	93.751481	-140.735372	-313.359719	15.460931	-85.629640	23.437169	178.497969	0.000000	0.000000	0.000000	-53.818462	-244.462585	-11.508164	9.785460	-325.332353	-467.158301	102.025656	-343.428343	-854.704085	13.849195	-413.120769	-904.494487	-27.112166	-458.455821	-905.729384	-226.404679	-112.437174	-35.162321	-162.007699	-20.981865	-491.747803	-83.089897	60.601892	-875.744926	-133.567975	-50.767735	-878.049652	-161.361758	-105.234571	-874.712537	
-140.775153	-17.614849	651.860944	-150.004951	-56.534553	402.968293	-19.029080	-116.809032	479.145055	242.406722	-4.987785	430.657530	375.162789	-39.186230	248.690433	461.442388	27.511557	248.052346	-303.175089	-97.677859	409.309732	-410.158389	-159.357291	155.250583	-243.516539	-281.504358	59.145485	-187.803125	-312.599634	-29.598651	-82.165268	19.875006	180.546708	0.000000	0.000000	0.000000	-49.070491	-244.933751	-19.757651	28.201419	-295.055386	-477.708849	120.293503	-315.555558	-865.170129	34.638055	-391.951987	-909.192127	-4.032824	-439.225479	-907.093296	-224.089002	-115.439814	-39.941880	-154.873638	-11.385292	-493.112087	-87.914211	68.910763	-879.643713	-133.239469	-44.664126	-881.348855	-158.383893	-100.337015	-877.041389	
-132.961755	-27.914763	653.443090	-145.360175	-65.503212	404.483511	-16.800416	-126.501607	484.121282	253.267883	-31.595662	448.629236	388.850408	-125.445554	291.418206	482.753756	-71.551032	278.352492	-299.586032	-102.996476	406.131894	-413.654381	-128.061540	148.923837	-278.356359	-268.806996	31.404632	-239.651259	-304.151590	-64.507293	-77.463411	13.979686	183.159082	0.000000	0.000000	0.000000	-40.016303	-246.055059	-25.424858	44.679517	-273.834326	-483.963140	136.748841	-286.838368	-871.753790	55.750136	-370.196701	-911.776342	20.234532	-419.734945	-907.391215	-219.643043	-122.462505	-43.559772	-151.616313	-8.856778	-494.611266	-94.244539	73.863899	-882.172214	-133.933762	-41.793706	-884.322983	-155.929465	-98.729519	-879.346115	
-123.823085	-40.752162	655.454950	-136.787969	-77.833047	406.448114	-8.070723	-138.720570	485.916162	268.800115	-65.363346	451.784554	389.130852	-217.500068	332.282824	489.598463	-185.352215	304.607097	-291.880562	-111.502581	403.854507	-413.086832	-99.514141	148.979739	-312.888639	-253.032860	13.636004	-288.873918	-287.476929	-87.276441	-71.583485	6.108146	185.961706	0.000000	0.000000	0.000000	-26.882374	-247.540599	-28.139119	60.366786	-260.776232	-486.849080	152.176220	-256.781029	-874.898715	77.571183	-346.675180	-913.165367	45.837432	-398.588381	-907.454528	-212.804883	-133.304916	-45.623093	-152.255963	-14.011144	-496.271704	-102.466236	75.135330	-883.455909	-135.668056	-42.495374	-887.603002	-153.737870	-100.806087	-882.744031	
-113.219783	-54.810839	657.639885	-123.933215	-92.202395	408.572468	7.411506	-152.314965	484.240386	288.278098	-103.751470	439.976923	378.426208	-300.388474	368.472111	480.077281	-297.191455	329.101950	-279.595541	-122.780588	403.253538	-407.458098	-76.912390	155.578136	-342.891113	-236.852561	6.662562	-331.613107	-266.942973	-97.806553	-64.250697	-2.725652	188.699973	0.000000	0.000000	0.000000	-10.423329	-248.747745	-28.403052	76.355237	-253.045000	-487.373030	166.706389	-225.264007	-874.790555	99.629360	-320.752707	-913.440095	72.197360	-375.004661	-907.208244	-203.528814	-147.010047	-45.843792	-156.880278	-26.616154	-497.851061	-113.338764	72.781591	-883.288403	-138.570769	-46.619303	-891.245439	-151.560108	-106.350217	-887.535720	
-101.666944	-68.539114	659.713685	-107.281890	-106.619976	410.583589	28.461182	-165.344091	479.255908	308.599958	-142.807085	414.309321	363.825489	-362.899170	393.929270	459.677589	-390.281017	349.705064	-263.228571	-135.523943	404.316993	-397.443429	-61.845942	166.927537	-367.356754	-223.959510	9.639314	-368.307344	-248.663435	-96.827746	-55.168273	-11.312999	191.237388	0.000000	0.000000	0.000000	8.030832	-248.962025	-27.280685	92.913832	-247.715974	-486.623422	179.701713	-191.419381	-871.754582	120.763726	-291.236970	-912.668749	97.870794	-347.590846	-906.771342	-192.159303	-162.046721	-44.195565	-165.897937	-46.453467	-499.091033	-128.139212	66.581955	-881.367100	-143.192268	-54.024764	-894.930526	-149.650600	-114.898031	-893.197805	
-90.229556	-81.073041	661.394178	-87.839873	-119.494603	412.264579	53.197315	-176.015578	471.463241	325.706364	-177.664207	376.912673	351.970632	-402.462568	403.020461	435.961224	-458.094183	361.260730	-243.847858	-148.151241	406.400931	-384.650467	-54.460061	180.143515	-387.249841	-217.782295	21.257730	-400.968661	-238.994437	-85.082579	-44.373373	-18.793108	193.445299	0.000000	0.000000	0.000000	27.095863	-247.773313	-25.787971	109.574882	-242.304549	-485.537609	189.259630	-155.020278	-866.404056	138.978665	-258.003356	-910.873335	120.785392	-316.153896	-906.167532	-179.237030	-177.043320	-40.833016	-179.495441	-74.605247	-499.622425	-148.178183	55.028039	-877.183227	-150.341944	-65.446681	-898.104549	-148.880140	-126.665004	-898.773138	
-79.688396	-92.675528	662.403355	-66.384001	-130.109525	413.467272	80.079963	-183.289070	461.538406	336.628480	-203.770267	331.280628	345.312761	-422.507007	394.403949	411.414354	-503.079870	362.282863	-222.322962	-159.349221	408.760128	-370.376091	-54.549160	192.212101	-403.020304	-221.166433	40.229727	-430.107697	-243.776895	-63.218146	-32.191108	-24.801583	195.171399	0.000000	0.000000	0.000000	45.908208	-245.126961	-24.413719	125.546493	-235.135027	-484.587958	192.955254	-117.419103	-859.589923	152.304306	-222.955336	-907.764716	139.405612	-282.612769	-904.725084	-165.172888	-191.210978	-35.970325	-196.542891	-114.059504	-498.620214	-173.597556	34.761500	-869.650589	-160.271523	-83.000419	-899.834842	-149.950211	-143.262098	-903.337345	
-69.665244	-104.361831	662.519414	-43.107843	-138.171650	414.126408	108.348356	-186.759339	450.054763	340.677972	-218.624309	282.092615	343.353453	-428.273563	371.231628	387.061871	-527.046291	356.175280	-198.939668	-168.180052	410.961743	-354.775820	-62.005849	200.633518	-412.882130	-235.787172	65.173892	-452.697246	-266.843101	-31.762727	-19.094760	-29.175910	196.284022	0.000000	0.000000	0.000000	64.345735	-241.077238	-23.069716	140.496860	-225.889856	-483.691878	189.122445	-80.539792	-851.844515	159.801853	-188.572924	-902.641680	153.331461	-249.322538	-901.143851	-150.033581	-204.311518	-29.737408	-213.000900	-168.597459	-494.216653	-201.881437	1.228650	-856.671022	-171.556647	-109.734444	-898.193794	-152.099149	-167.327017	-905.594356	
-58.594187	-116.843822	661.819145	-18.304530	-143.020103	414.353934	137.245882	-186.261132	437.264048	338.436122	-223.001581	233.852306	344.147215	-425.130024	338.815192	370.265508	-530.910498	343.451725	-173.970659	-174.004920	412.913688	-336.768064	-75.926556	203.931705	-413.149166	-260.512337	94.297684	-462.624890	-307.351134	8.830134	-5.850623	-31.659601	196.740186	0.000000	0.000000	0.000000	82.622694	-235.602670	-21.346949	154.935598	-215.520642	-482.400072	177.284681	-46.294608	-842.803348	161.598746	-156.735398	-894.455936	162.940945	-217.829902	-893.921950	-133.719254	-216.231852	-22.372580	-220.941785	-239.653495	-483.702184	-226.897349	-48.997520	-835.771141	-180.536499	-148.250143	-890.141448	-152.639660	-201.160384	-903.276888	
-44.540823	-129.625541	660.599171	7.185080	-144.091850	414.301299	165.481757	-182.132772	423.555538	330.309497	-220.668791	189.995051	345.141920	-418.405477	302.182099	366.678899	-523.565611	321.435048	-148.151719	-176.717078	414.689048	-314.453248	-93.470654	202.063405	-400.487750	-289.798395	124.738864	-453.697757	-356.799447	56.724333	6.690184	-32.139044	196.635664	0.000000	0.000000	0.000000	100.780121	-228.649203	-18.807689	170.057463	-205.266246	-480.171226	158.494448	-17.249818	-831.658882	158.816794	-129.145846	-882.554674	169.243579	-189.360750	-882.285217	-116.209307	-226.768669	-14.455214	-210.297499	-322.837878	-464.898847	-239.622187	-114.677092	-805.702117	-181.478640	-198.878455	-872.679728	-147.286341	-245.235031	-893.469668	
-26.304931	-140.748431	659.142474	32.435971	-141.444146	413.996585	191.897395	-175.280904	409.787198	317.012027	-216.249205	153.132495	344.442968	-412.982977	264.708020	372.008572	-515.346630	290.300815	-122.302889	-176.716401	416.411098	-286.387608	-109.336726	196.565665	-374.925468	-314.514544	151.970686	-424.699740	-399.936843	105.366234	18.298742	-30.825073	196.107705	0.000000	0.000000	0.000000	118.682049	-220.166818	-15.230349	187.204695	-195.350063	-476.631695	136.065593	4.156188	-818.113028	153.824162	-107.005802	-867.497759	173.891119	-164.726560	-866.991381	-97.529642	-235.751224	-6.849438	-174.381026	-407.501210	-437.636107	-232.146590	-187.973454	-767.497325	-168.170982	-257.883335	-844.803678	-131.125938	-297.142212	-873.728964	
-4.612593	-147.442041	657.577172	56.569801	-135.378382	413.325934	215.830441	-166.367740	397.007273	300.914592	-212.367278	125.256579	341.209966	-411.718820	227.925839	378.551872	-511.474631	251.325231	-97.263202	-174.176697	418.242737	-254.061649	-116.632405	190.429806	-341.679445	-326.071153	170.830452	-383.163080	-423.382053	143.332832	29.232851	-27.624090	195.257807	0.000000	0.000000	0.000000	136.059135	-210.146827	-10.818636	206.278428	-184.739785	-471.932677	114.671707	17.668922	-803.091820	149.355045	-90.017306	-851.174551	178.460994	-143.744165	-850.229358	-78.006456	-243.007302	-0.171278	-115.559349	-480.436012	-404.149909	-203.282299	-257.163612	-724.761572	-137.808005	-316.858910	-809.059438	-100.816004	-350.458948	-844.455713	
17.280237	-147.976881	656.020014	77.934678	-126.556878	412.278949	236.215758	-155.803703	386.157818	285.728034	-209.062814	107.023958	334.750435	-414.976670	191.297440	379.708621	-513.468433	204.385801	-74.790674	-169.018533	420.406167	-223.485158	-110.231886	187.533003	-309.640498	-320.989820	178.370436	-341.661679	-424.084603	161.266867	39.166489	-22.431413	194.180531	0.000000	0.000000	0.000000	152.018154	-199.105224	-6.197638	224.132422	-172.815289	-466.969596	97.359878	25.369371	-788.961856	146.519378	-76.830314	-836.393643	183.089199	-125.772728	-835.010383	-58.882512	-248.270310	5.682275	-46.188577	-531.615899	-369.198357	-160.774538	-311.966706	-683.780634	-95.054680	-365.312509	-772.051056	-58.942649	-395.202064	-811.456673	
35.297514	-143.337390	654.713835	94.560241	-116.614275	411.154214	251.740072	-144.700864	378.044774	275.324430	-205.451303	97.052119	324.339842	-421.020350	152.126676	371.051254	-519.476545	147.932280	-57.131332	-161.823678	422.980188	-202.408282	-90.623396	191.418193	-286.319057	-301.915459	175.918273	-309.233828	-407.100335	157.011200	47.279937	-16.210644	192.989853	0.000000	0.000000	0.000000	165.260219	-188.347396	-2.266766	236.017039	-160.551605	-463.160781	84.271139	29.980695	-778.910805	144.437175	-66.176138	-826.293482	186.496897	-110.477700	-824.568232	-41.955530	-251.504314	11.085970	17.673155	-558.509550	-339.874928	-117.485381	-347.906257	-652.470742	-50.951907	-396.609905	-742.791246	-15.035204	-423.911843	-784.202133	
47.565185	-136.152216	653.801719	106.123486	-107.023032	410.347615	262.572130	-134.185129	373.244612	272.989988	-200.345948	92.677464	311.396907	-424.394989	107.930896	353.289080	-521.634795	81.803569	-44.865772	-153.404767	426.001861	-194.717474	-63.416444	204.095576	-273.019097	-274.491323	168.855642	-286.529169	-377.593150	135.182007	53.499254	-10.239202	191.771347	0.000000	0.000000	0.000000	175.394588	-178.962438	-0.064014	239.109793	-148.663778	-461.826712	74.285309	33.952872	-775.692132	142.095665	-56.796659	-823.415133	187.822137	-97.293659	-821.489577	-28.175066	-253.165706	15.839072	65.765276	-564.835869	-323.304361	-83.786234	-366.748585	-637.523223	-15.716472	-410.730441	-729.112773	20.980731	-435.733956	-771.283930	
54.642688	-128.487517	653.145650	113.948207	-97.863663	410.056120	270.254812	-124.171721	371.758313	279.978117	-192.189050	91.610476	300.751143	-416.879963	60.174724	333.826088	-508.066552	10.332721	-36.700167	-143.828205	429.713307	-198.791605	-34.856346	225.636533	-265.926070	-244.117582	165.401155	-269.511519	-337.015395	107.924524	58.525019	-4.914041	190.509673	0.000000	0.000000	0.000000	183.082405	-171.089522	-0.168756	233.561368	-136.160618	-463.239238	66.502973	39.186304	-780.055278	139.396475	-47.214028	-828.353585	187.410993	-84.967196	-826.371309	-17.190554	-253.902571	19.379228	96.346536	-555.476419	-322.883669	-63.866520	-372.602832	-641.045181	5.778820	-411.095438	-733.912762	43.790662	-433.747380	-776.247811	
57.832400	-121.245205	652.483868	119.462212	-88.463699	410.255414	276.157076	-113.890305	372.962013	294.664052	-179.480624	92.678029	297.566220	-393.302842	14.081795	321.414950	-470.864073	-58.778789	-31.010754	-132.845687	434.384291	-210.277154	-8.904018	254.668263	-260.710493	-215.842837	173.684280	-256.230514	-289.678517	93.219105	62.915994	0.053191	189.168803	0.000000	0.000000	0.000000	189.142760	-164.347041	-2.426218	221.389511	-121.649354	-466.473069	60.562914	46.729793	-790.217910	136.731573	-36.338360	-839.301756	186.074845	-72.340800	-837.380593	-8.120823	-254.189454	21.432668	111.635682	-534.175721	-336.683817	-57.861386	-368.943421	-659.649373	12.707037	-401.353823	-754.127971	51.998490	-421.683099	-796.473800	
58.328679	-114.702615	651.687646	123.318146	-78.710087	410.796817	280.740794	-103.070322	375.935958	313.382870	-161.560647	95.370303	303.199433	-354.484897	-25.386737	320.113380	-409.991048	-117.723928	-26.923728	-120.817713	439.924191	-225.013089	12.372613	288.871976	-254.895397	-194.461838	198.030579	-246.545684	-247.757727	102.971372	66.663870	4.852993	187.818098	0.000000	0.000000	0.000000	194.053394	-158.411079	-6.326941	205.566347	-104.800216	-470.218904	56.575425	56.680596	-803.014795	134.527316	-24.053577	-853.181542	184.484027	-59.208025	-851.416051	-0.325842	-254.280631	21.882409	114.016370	-504.837273	-359.075036	-64.171188	-358.629919	-686.504911	6.482127	-385.189899	-782.729743	46.751221	-403.605170	-825.032755	
57.224193	-109.104596	650.886645	125.668411	-69.395701	411.541544	283.970691	-92.404033	379.893553	332.435346	-139.064441	99.398111	314.995295	-304.653970	-56.106500	329.732433	-331.658019	-160.733310	-24.168882	-108.916189	445.907129	-240.095243	27.361134	325.076140	-246.584872	-183.216576	238.240003	-237.572195	-223.230555	136.928229	69.457468	9.167061	186.641062	0.000000	0.000000	0.000000	198.000688	-153.168956	-11.216887	189.336440	-86.394524	-473.459823	54.803939	68.494336	-815.421664	133.060678	-11.032996	-867.021013	183.033021	-46.175801	-865.480468	6.457883	-254.311970	20.525662	105.838745	-472.121973	-384.027912	-79.822107	-343.970507	-714.852592	-9.387406	-366.242355	-812.317762	31.745302	-383.730904	-854.180849	
55.479188	-104.915945	650.437183	126.543263	-61.845566	412.440704	285.736012	-83.332209	384.394611	349.451992	-113.646328	104.707218	329.157837	-248.126338	-78.074088	347.568771	-245.215003	-185.525160	-22.699408	-98.865228	451.813876	-254.097982	34.067781	359.189122	-234.362338	-182.675558	291.672968	-224.124972	-220.723203	189.722022	71.070619	12.270546	185.853872	0.000000	0.000000	0.000000	200.980783	-148.761660	-16.355842	175.313587	-67.856505	-475.701003	55.290648	81.337419	-825.505406	132.416951	1.774512	-878.726490	181.884464	-34.085174	-877.433003	12.067343	-254.360444	17.109320	89.688252	-440.121516	-407.683766	-100.955895	-325.888399	-740.765322	-29.914583	-346.912977	-838.067126	12.442686	-365.035741	-878.411818	
53.631882	-102.801477	650.805588	125.755574	-57.565870	413.530648	285.754764	-77.690409	389.326249	363.274152	-87.650162	111.665921	342.632149	-188.377237	-91.640979	369.371904	-159.246309	-193.275351	-22.785502	-92.657315	457.099168	-267.282668	29.959186	386.514753	-218.686109	-190.450384	355.152387	-202.826120	-237.313987	257.691186	71.394634	13.353447	185.654929	0.000000	0.000000	0.000000	202.758756	-145.730194	-21.033724	164.785263	-51.099658	-476.890611	57.787682	94.054420	-832.572020	132.620589	13.321180	-887.283871	181.133017	-23.826428	-886.177273	15.716578	-254.468825	11.670121	67.506145	-411.119887	-428.511242	-124.262909	-304.095837	-763.336872	-50.719474	-327.892122	-858.108396	-6.387971	-348.429097	-895.030171	
51.414646	-103.478357	652.442879	122.564016	-57.985187	414.923147	283.223231	-77.305791	394.775650	372.960767	-63.896781	120.967171	353.151553	-128.746719	-96.536420	390.347523	-79.598001	-186.503272	-25.406733	-92.155888	461.086959	-281.410159	12.279482	403.196294	-202.964187	-200.550462	424.996437	-175.429405	-262.968672	339.601911	70.090615	11.799680	186.256098	0.000000	0.000000	0.000000	202.773208	-145.122624	-24.764288	157.882058	-38.392473	-477.308082	62.080832	105.160179	-836.810814	133.787851	22.404150	-892.674485	180.929512	-16.469677	-891.618823	15.966554	-254.675633	4.793379	39.890326	-385.417967	-446.111758	-147.820962	-278.289079	-783.195714	-69.970066	-309.112198	-872.334456	-23.232663	-333.466211	-903.523623	
47.569837	-107.503817	655.658893	115.426275	-64.158038	416.777894	276.564053	-83.511550	400.945999	377.216241	-45.460719	133.317560	359.119144	-73.694523	-92.029015	406.399280	-10.630490	-167.399351	-32.436140	-98.559975	463.116752	-298.381638	-20.953927	407.925057	-194.172091	-204.394550	494.038410	-150.219292	-282.017041	430.877325	66.289029	7.257600	187.873236	0.000000	0.000000	0.000000	199.988074	-148.473067	-27.410558	154.468852	-31.940800	-477.466840	68.670938	113.149927	-838.873608	136.290196	27.647890	-895.691248	181.512557	-13.441239	-894.574757	10.866115	-254.976601	-2.538824	6.690184	-361.682021	-460.335571	-170.639548	-248.425463	-801.018470	-88.734792	-290.116328	-881.703194	-40.440986	-319.097854	-905.745791	
40.220007	-114.946783	660.268866	102.401088	-76.112466	419.078291	263.787298	-96.637505	407.951547	374.942062	-35.305143	148.940602	360.373266	-29.087496	-78.336371	415.883086	43.059081	-138.392199	-45.947981	-111.780679	462.832255	-318.351913	-68.535252	401.826021	-201.003094	-198.401939	547.735240	-138.941352	-282.497895	515.756612	58.781182	-0.227343	190.494047	0.000000	0.000000	0.000000	192.978144	-157.172062	-29.106679	154.938674	-33.536671	-477.960457	79.345114	116.667752	-839.556500	140.923220	27.604894	-897.755734	183.266695	-16.445726	-896.661184	-1.432432	-255.042129	-9.436408	-31.283255	-337.457959	-471.278271	-191.640984	-214.317765	-816.907568	-108.895367	-269.460373	-888.104461	-61.191824	-303.745537	-905.400893	
27.822525	-124.870981	665.252500	82.212035	-92.137288	421.289858	243.523841	-115.256160	415.406863	366.184024	-35.094006	166.947171	358.516170	-0.363328	-58.087750	420.054711	77.255574	-103.711046	-67.076349	-129.654721	460.013203	-339.752776	-123.948159	386.454851	-225.926023	-191.654457	571.886588	-147.340800	-267.545594	575.251144	46.676935	-9.711946	193.572216	0.000000	0.000000	0.000000	180.473706	-171.264982	-29.805496	160.337850	-44.837372	-479.041551	96.896374	113.982860	-839.289752	148.870675	20.771523	-900.294056	186.754285	-27.177693	-899.719730	-21.463394	-253.848079	-15.429218	-71.020796	-310.216349	-479.485280	-208.706706	-175.737331	-830.620159	-130.458572	-245.547407	-893.551270	-86.161649	-285.971390	-905.958977	
10.384361	-135.181045	669.102530	55.420180	-108.724693	422.486794	216.218923	-135.823259	422.336415	352.490511	-43.580231	185.429285	355.604752	10.394338	-35.891249	421.047429	90.953533	-69.367261	-95.077386	-147.856464	454.318601	-360.512205	-177.229195	362.245644	-261.572629	-195.122669	566.736195	-172.903337	-247.615554	603.187205	30.271922	-19.071064	196.120285	0.000000	0.000000	0.000000	162.387152	-188.624041	-29.020750	171.627341	-68.113292	-480.234894	123.591078	101.934975	-837.731128	161.110816	5.357714	-903.884802	192.388952	-47.130914	-905.001563	-47.326410	-249.964437	-20.385690	-107.836730	-278.887366	-485.663362	-218.888615	-133.825021	-841.980796	-151.086719	-217.866077	-899.396348	-113.060133	-264.876302	-909.106368	
-10.131122	-143.563019	670.788454	24.674370	-121.985675	422.050680	184.474386	-153.938896	427.841817	336.378677	-57.070589	202.574582	352.732472	5.332801	-15.929656	419.778947	87.644569	-40.883895	-127.192211	-161.653597	445.653101	-377.973180	-219.642199	329.282754	-299.378087	-209.720945	542.941318	-211.409572	-232.584939	603.647170	11.533939	-25.841314	197.338429	0.000000	0.000000	0.000000	140.494034	-205.834693	-26.159612	187.969768	-106.458506	-480.112092	158.753637	75.746732	-833.630298	177.163744	-20.782272	-907.484383	199.472278	-77.463079	-912.407849	-75.018245	-242.735287	-24.278149	-137.495553	-244.852930	-490.189566	-220.158183	-91.745937	-850.831850	-167.657549	-187.609092	-905.699697	-138.301130	-240.658008	-914.318297	
-31.172810	-148.646400	670.380522	-6.651664	-129.300350	420.236707	151.740473	-166.252407	431.944273	319.870844	-71.543920	217.546999	349.590616	-11.022656	-0.075709	415.881968	72.941921	-21.255361	-159.898766	-168.036358	434.690921	-389.089701	-246.481050	289.385122	-335.955600	-231.171125	510.446143	-257.470621	-231.654523	586.513855	-6.787101	-28.480827	197.195433	0.000000	0.000000	0.000000	117.741444	-220.187283	-21.102911	205.099131	-162.468071	-476.338622	196.955198	30.991429	-824.956682	194.118454	-59.458895	-908.154628	205.470978	-118.320324	-920.032229	-100.542170	-233.014015	-27.079999	-158.226018	-210.933414	-493.091123	-212.975463	-52.961552	-856.938768	-178.327438	-156.941716	-911.199082	-159.092467	-214.490733	-919.469114	
-51.285590	-150.079235	668.757867	-35.816374	-129.690719	417.974103	120.902800	-171.188526	435.513296	303.610743	-83.670935	230.178962	344.905981	-33.685356	11.771369	408.860781	51.621409	-11.157014	-190.216389	-166.204041	422.609786	-391.845916	-256.783299	246.721294	-372.236882	-256.503198	473.747744	-308.108822	-247.885743	561.837208	-22.419551	-26.842349	196.265415	0.000000	0.000000	0.000000	96.646452	-230.741481	-14.444804	215.543765	-235.605078	-466.155109	228.532256	-32.928305	-809.347297	206.715310	-110.945910	-901.805291	206.578099	-167.913621	-923.925103	-121.819048	-222.428710	-28.691012	-170.773029	-179.180816	-494.217031	-199.326409	-18.974884	-860.081053	-182.931164	-127.481177	-914.063663	-174.194480	-187.573163	-921.994018	
-70.281359	-147.707575	666.978714	-60.895080	-123.422834	416.240537	94.065585	-168.575340	439.457646	287.445025	-90.372999	240.227890	337.196866	-57.469370	20.346474	398.379009	27.538842	-10.043002	-215.944453	-156.895975	410.468388	-386.109647	-252.606758	206.313832	-409.274458	-284.836423	430.702428	-363.782637	-280.624201	529.995800	-34.054661	-21.725770	195.221751	0.000000	0.000000	0.000000	78.237903	-237.941621	-7.309967	211.483778	-320.147662	-447.412375	243.180049	-110.162486	-784.946115	208.435355	-172.532257	-885.016213	199.043878	-222.910114	-918.310307	-138.905873	-212.153302	-28.874216	-176.910346	-149.902596	-493.268291	-180.623578	10.430878	-860.170333	-181.936646	-99.943892	-912.822283	-183.347024	-160.738331	-920.055127	
-88.285399	-141.122851	665.784604	-80.696431	-111.722421	415.533716	72.652902	-159.282996	444.039232	271.115122	-88.609643	247.006914	325.389376	-76.605373	26.063631	383.688892	4.990133	-16.790903	-235.651822	-141.934737	399.098401	-373.269549	-238.336917	172.021739	-443.442145	-315.417016	374.654577	-421.549039	-327.995884	480.997824	-41.433016	-14.213445	194.485331	0.000000	0.000000	0.000000	61.869800	-242.820577	-1.056054	189.342360	-406.114204	-419.730586	235.533683	-189.682037	-751.469839	194.474755	-237.885018	-856.835126	179.968850	-279.923076	-898.751774	-153.204419	-202.276782	-27.387856	-178.201768	-122.526048	-489.985197	-157.868683	35.247232	-857.452035	-176.173613	-75.019031	-907.078869	-186.992750	-134.974672	-913.286471	
-105.116835	-129.621484	665.306427	-95.155438	-96.136140	415.652694	56.978008	-144.714569	448.609350	254.136646	-76.220507	249.509513	309.161946	-85.301513	28.612517	363.742784	-11.253817	-29.962580	-249.223201	-123.598665	389.138337	-356.143885	-218.543023	145.521084	-465.454748	-344.610200	300.710658	-470.066055	-383.563794	402.729165	-45.440556	-4.856172	194.048536	0.000000	0.000000	0.000000	45.600272	-246.375139	3.275064	151.914561	-483.315690	-385.001736	208.237410	-261.030625	-711.260131	164.993183	-299.354661	-819.760876	148.507003	-334.761127	-866.763143	-166.698493	-191.725348	-24.302033	-176.150374	-96.968495	-484.642285	-133.422777	54.935805	-852.660159	-167.583886	-53.516106	-897.690632	-186.781504	-111.441822	-902.821890	
-120.082728	-112.735583	665.136398	-105.130109	-77.983643	415.905168	46.363356	-126.425551	451.873240	235.730240	-53.136722	247.000985	289.161907	-79.641838	27.118591	338.024867	-17.107773	-47.681629	-257.752702	-103.967095	380.901149	-338.492128	-196.380111	126.466856	-465.248086	-365.201662	212.244550	-491.406921	-433.897186	293.133750	-47.622744	6.460985	193.477624	0.000000	0.000000	0.000000	27.472619	-249.007525	5.597115	105.967928	-544.622794	-347.464529	169.581801	-318.350719	-669.616164	125.216123	-350.621768	-779.622857	107.859592	-381.931665	-829.151296	-180.812978	-178.980691	-20.252520	-172.718817	-74.122251	-478.423382	-110.838269	69.617995	-846.998013	-158.873553	-35.691716	-886.482416	-185.141845	-90.845329	-890.762925	
-131.947054	-91.621701	664.767235	-111.415640	-59.053476	415.638240	40.080276	-106.709465	452.631275	215.820326	-22.612468	239.918228	266.944089	-60.027575	21.075358	307.796911	-10.804577	-67.249693	-262.519684	-85.234804	374.697029	-323.222518	-174.388057	113.617168	-438.949144	-370.476066	122.696953	-472.413953	-464.154260	167.984090	-49.174825	19.239680	192.236657	0.000000	0.000000	0.000000	7.208077	-250.382442	6.891774	58.562772	-586.327538	-313.586014	128.858643	-359.600699	-634.024595	82.635827	-388.007538	-744.331935	64.146556	-417.207667	-794.731582	-195.253358	-163.562816	-16.152924	-169.816763	-54.689813	-472.750117	-92.540302	80.388134	-841.694579	-151.829754	-21.063905	-875.588331	-183.713426	-73.211521	-879.373125	
-139.787349	-69.400016	664.024728	-114.648648	-41.967106	414.699708	37.401443	-88.736305	450.532688	195.732782	8.749267	230.007269	244.713929	-32.239546	11.314571	276.887611	5.553590	-85.792093	-264.720640	-69.859873	371.174226	-312.354107	-155.235184	106.149814	-394.254030	-359.765112	47.964653	-416.204997	-466.767524	51.845546	-50.792437	31.640194	190.163844	0.000000	0.000000	0.000000	-13.474164	-250.083532	8.215484	14.212812	-607.790953	-290.918696	92.338390	-385.339395	-612.538271	43.168196	-411.234950	-722.187342	22.747823	-439.727750	-772.245246	-208.420046	-146.736054	-12.930590	-168.293275	-38.399117	-468.599655	-78.842614	88.332261	-837.754713	-146.870718	-8.990237	-867.030136	-183.069135	-58.252319	-870.661781	
-143.637998	-49.616260	663.156908	-115.569188	-29.257545	413.466802	37.403282	-75.247260	446.253385	177.933408	34.134974	219.338158	225.324136	-4.988655	-0.045506	250.823668	25.783894	-101.514690	-265.482927	-59.685333	371.110013	-308.138521	-141.026950	103.977327	-345.605145	-338.565584	-3.262320	-340.782262	-442.336139	-37.245169	-53.003205	41.485996	187.650828	0.000000	0.000000	0.000000	-31.826364	-248.356886	9.836660	-25.014161	-610.784348	-284.785733	62.469143	-397.656086	-610.286068	9.821716	-422.610843	-718.529845	-13.121964	-451.508274	-767.244843	-218.761847	-130.968268	-11.320446	-168.057839	-25.423831	-466.590500	-69.092463	93.927504	-835.777218	-143.936972	0.846842	-862.060898	-183.476444	-45.771443	-865.753126	
-144.143762	-34.656776	662.559709	-114.891215	-22.367793	412.478215	39.158020	-67.670451	440.887593	164.697163	50.246799	209.502296	211.771959	13.402435	-10.343532	234.548240	40.587568	-113.471514	-265.508446	-55.438940	374.864044	-312.376546	-131.678043	106.933437	-304.919300	-313.767838	-29.863119	-269.845240	-398.011710	-90.022930	-56.078410	47.379356	185.347429	0.000000	0.000000	0.000000	-45.734837	-246.097679	11.622260	-57.689401	-598.147539	-295.168239	40.073379	-398.924749	-626.499148	-16.007057	-424.824993	-732.778820	-41.638938	-455.110694	-779.259010	-225.751182	-118.496773	-11.511034	-168.655531	-16.332150	-466.795366	-62.377936	97.427278	-835.714848	-142.769900	8.702932	-860.648046	-184.992176	-35.490272	-864.456866	
-142.052307	-24.978567	662.252498	-113.161558	-20.977563	411.859205	41.920611	-65.693559	435.109822	156.760361	58.173041	201.288080	205.984523	17.435712	-17.397044	230.806541	40.694165	-121.012115	-264.885429	-56.470660	381.623729	-325.097961	-124.520609	114.155066	-277.714010	-289.379443	-35.851360	-220.107006	-348.161259	-107.771826	-59.826360	49.515332	183.609094	0.000000	0.000000	0.000000	-54.901051	-244.133444	13.249771	-82.026493	-573.129925	-317.246752	26.104570	-391.555507	-655.426966	-33.340042	-419.961922	-759.208564	-61.731492	-452.414829	-802.513986	-229.928936	-109.965998	-13.332258	-169.106245	-10.363073	-468.701564	-57.690764	99.611689	-837.252593	-142.697740	15.259247	-862.052218	-187.118097	-26.715001	-865.958798	
-138.087311	-19.466066	661.890948	-110.805266	-23.158372	411.312534	45.172098	-67.241747	429.153732	153.338220	60.926816	194.469647	208.408091	5.396349	-19.514950	240.023391	20.699273	-122.759633	-263.512033	-60.699211	389.739267	-344.418127	-115.692416	124.737793	-263.960055	-265.053673	-27.391478	-193.305739	-303.066065	-101.617134	-63.699731	49.387484	182.336177	0.000000	0.000000	0.000000	-60.503778	-242.771540	13.859737	-96.566676	-539.709747	-344.929330	21.293491	-378.301016	-690.014328	-41.851204	-409.990426	-790.611223	-73.296428	-444.999266	-829.601017	-232.251659	-104.539984	-16.375095	-168.209337	-5.461138	-471.417192	-54.338931	101.992484	-839.961584	-142.938940	21.536154	-865.128214	-189.073824	-18.537416	-869.121759	
-132.969445	-16.551694	661.266368	-108.158740	-26.650432	410.607379	48.587468	-69.842251	423.084696	152.983273	60.501106	187.891509	218.598927	-21.905522	-14.122017	260.938973	-19.847638	-114.602148	-261.454969	-65.783561	397.842526	-367.029125	-102.020468	138.349147	-261.908124	-238.908765	-10.435165	-184.725609	-264.001870	-83.644574	-67.242917	48.529566	181.291291	0.000000	0.000000	0.000000	-64.002677	-241.957668	12.286748	-101.420669	-502.058407	-373.912585	25.022011	-361.495167	-725.027492	-42.656825	-396.451399	-821.509840	-77.663338	-433.807612	-854.881721	-233.517818	-100.996410	-20.167772	-165.126830	0.249760	-474.098639	-52.005562	106.121275	-843.330978	-143.011695	28.455468	-868.677539	-190.331423	-10.203351	-872.752584	
-127.237374	-15.296506	660.497694	-105.174443	-30.439582	409.835772	52.266339	-72.310290	416.895153	154.762148	56.526565	180.042068	235.591742	-61.983094	3.045546	290.793607	-77.181325	-89.771150	-258.654937	-70.652601	405.282990	-388.827469	-82.790815	154.876110	-269.543945	-211.313061	9.345787	-189.607721	-230.126152	-62.783888	-70.214924	47.466206	180.444132	0.000000	0.000000	0.000000	-65.787911	-241.661726	7.898152	-97.574839	-463.438999	-401.988245	35.624666	-341.948565	-757.692364	-37.673956	-379.875272	-848.797158	-76.635936	-418.817042	-875.257084	-233.958389	-98.993061	-24.524093	-159.620235	7.312603	-476.358456	-50.549643	112.708893	-846.943058	-142.714898	36.319893	-871.979598	-190.645501	-1.570957	-876.127817	
-121.022573	-15.863951	659.897240	-101.207233	-35.213169	409.336979	56.863415	-75.243032	410.704705	158.834242	46.680390	169.996709	257.398920	-109.344841	36.404556	325.736113	-142.981250	-41.645371	-254.580524	-76.001532	411.986497	-405.751127	-60.495887	173.862887	-284.407821	-185.375921	26.871795	-203.978466	-202.021861	-45.242378	-72.373251	45.555047	180.083623	0.000000	0.000000	0.000000	-64.678241	-242.087084	1.178621	-85.528394	-426.204440	-427.620278	51.186798	-319.325215	-786.665179	-28.385755	-360.884764	-870.642671	-70.997897	-400.604068	-889.114468	-233.107349	-99.679552	-29.368961	-152.478352	14.531648	-478.185309	-50.252414	121.178641	-850.359993	-142.282052	44.411115	-874.728718	-190.219554	6.536164	-878.941905	
-114.122829	-19.219986	659.806818	-95.327602	-42.594298	409.511262	63.270339	-80.236821	405.003002	166.030434	28.186803	158.247272	280.609249	-155.236591	86.600324	361.130024	-204.268004	31.777915	-248.434572	-83.542197	418.206214	-415.022602	-39.853553	194.296499	-304.294913	-164.565008	39.016000	-225.223932	-181.064028	-34.618127	-73.304125	41.478877	180.691087	0.000000	0.000000	0.000000	-58.728849	-243.514995	-6.495357	-65.456838	-392.366308	-449.214734	69.551973	-293.840200	-811.281966	-15.575920	-341.448032	-886.101367	-60.371379	-381.691078	-896.517177	-230.070494	-104.966241	-34.456371	-145.580154	19.484752	-479.826643	-51.966935	129.975574	-853.144287	-142.477543	51.234382	-876.897111	-189.810140	12.614176	-881.183362	
-106.245467	-26.273178	660.363491	-86.787744	-53.865924	410.548516	72.211698	-88.648064	400.549969	177.273819	-0.560293	146.766193	301.220952	-191.721042	147.404628	390.997263	-248.474664	122.657677	-239.564375	-94.689753	424.215738	-415.973117	-25.207996	214.816428	-327.361162	-149.744739	45.807189	-251.935203	-167.318006	-31.319508	-72.379163	34.117442	182.593860	0.000000	0.000000	0.000000	-46.826797	-245.792269	-13.573191	-38.627663	-363.254999	-465.610476	88.332716	-267.259297	-831.251475	0.298985	-323.603128	-895.955737	-44.537713	-364.928265	-900.021268	-224.081083	-115.708291	-39.202613	-141.085350	19.825834	-481.609164	-56.659935	137.387757	-854.957879	-144.195925	55.339148	-878.664804	-190.285762	15.258206	-883.082039	
-97.215121	-36.994466	661.298004	-75.301016	-68.876584	412.198050	84.005310	-100.600810	397.857253	193.206617	-38.628697	138.168513	316.624017	-216.919888	208.069358	410.560121	-271.948135	214.478078	-227.722483	-109.452696	429.956213	-409.500530	-17.987803	234.030858	-350.929531	-138.648234	49.813323	-281.455200	-158.025933	-32.310026	-68.837374	23.484726	185.615583	0.000000	0.000000	0.000000	-29.887469	-248.070634	-18.934624	-8.126006	-338.921216	-476.619052	105.716625	-241.691841	-846.232035	18.439729	-307.829536	-902.086805	-24.568539	-351.244859	-902.240566	-215.099051	-130.555869	-42.721761	-140.726024	14.378725	-483.679767	-65.214582	142.177243	-855.571257	-148.294479	55.909164	-880.311733	-192.421327	13.700479	-884.950174	
-87.375441	-50.115994	662.088660	-61.312706	-85.864829	413.914852	98.267905	-114.768812	396.909589	213.569009	-81.913029	134.555129	327.001677	-234.787707	259.727387	419.886129	-281.619721	292.475093	-213.369954	-126.188097	435.050235	-397.384509	-16.607382	250.858649	-371.153018	-128.497616	54.089530	-308.746345	-149.248640	-33.210095	-62.265650	10.865480	189.071921	0.000000	0.000000	0.000000	-10.545738	-249.350512	-22.448373	22.555428	-318.188209	-483.282519	121.106723	-217.939201	-856.465091	37.672519	-293.337005	-906.114978	-2.147054	-339.662858	-904.399757	-204.074047	-146.741185	-44.253735	-145.716875	3.175403	-485.955902	-78.715019	143.657812	-854.891076	-155.703340	52.656809	-882.243547	-196.971056	7.690130	-887.267533	
-77.840052	-63.807038	662.335998	-46.196073	-102.367116	415.234271	113.641193	-129.185157	397.250067	236.907516	-123.992240	136.516186	334.658434	-250.492681	298.837250	423.225204	-287.563838	350.555988	-197.893327	-142.584095	438.995892	-382.209276	-18.425686	264.616564	-385.129391	-118.631846	59.980789	-330.000830	-139.770024	-31.999869	-53.100154	-1.888554	192.145955	0.000000	0.000000	0.000000	8.220046	-249.173627	-25.214168	50.924961	-299.201027	-487.681438	134.106398	-195.056408	-863.530077	56.910271	-278.917260	-909.566171	21.433246	-328.624272	-907.281722	-192.598374	-161.672513	-43.651463	-156.956754	-13.526900	-488.357994	-98.628847	141.218956	-853.034967	-167.321840	45.260043	-885.123933	-204.524985	-3.035554	-890.931534	
-69.883445	-76.997253	661.977167	-31.527124	-116.724126	416.013648	128.504671	-142.551691	398.311898	261.256601	-158.604162	142.728344	342.770445	-267.512699	325.485437	426.408180	-297.347972	388.792284	-182.914359	-157.143503	441.356415	-366.475565	-21.591154	274.843130	-392.710079	-110.711800	66.768954	-344.660795	-131.743317	-29.123506	-42.309115	-13.473532	194.349334	0.000000	0.000000	0.000000	24.393718	-247.736427	-28.678025	75.266682	-280.686176	-491.850435	143.734523	-171.531043	-869.242492	75.287538	-263.465741	-913.674780	45.432162	-316.741430	-911.442628	-182.014861	-174.091265	-41.235994	-174.808559	-36.669678	-490.729847	-126.555591	133.189834	-850.114205	-183.706684	32.569484	-889.684898	-215.173163	-19.438731	-897.119498	
-63.640432	-89.992384	661.089162	-17.726453	-128.656107	416.253488	142.404563	-154.537636	399.556339	285.059421	-182.130481	150.373803	355.186213	-287.655103	339.721417	435.912774	-314.991797	407.758897	-168.935647	-169.560410	441.879538	-351.205372	-25.672742	281.038261	-395.335354	-107.248945	72.895354	-354.017259	-128.711454	-25.991440	-30.401468	-23.411557	195.629524	0.000000	0.000000	0.000000	37.680505	-245.488243	-33.264426	94.757924	-262.938349	-496.557085	149.034598	-146.764007	-874.161399	92.200053	-246.346775	-918.481973	69.412910	-303.015955	-916.488157	-172.585535	-184.284832	-37.295028	-198.070158	-69.019259	-492.317806	-163.144922	115.716329	-845.858058	-204.412390	12.145323	-896.123200	-227.872736	-43.424655	-906.699438	
-57.586433	-103.730268	659.554658	-3.646895	-138.466361	415.769067	156.514006	-164.904798	400.274377	307.572349	-194.896912	156.377760	376.161283	-311.674245	339.583502	458.218834	-341.204114	405.064159	-154.913655	-179.768663	440.397585	-335.635333	-30.714914	282.541685	-394.181781	-109.864861	77.034505	-359.670442	-133.392482	-23.969657	-17.110353	-31.237108	196.149789	0.000000	0.000000	0.000000	49.131843	-242.788660	-37.822596	109.897029	-247.645421	-500.949393	149.568315	-121.525274	-877.177184	107.168721	-227.666131	-922.427593	92.866555	-287.055211	-920.692574	-163.559244	-193.328729	-31.779894	-223.380594	-114.375676	-491.311360	-206.461902	82.790052	-839.416449	-227.505551	-19.372184	-903.264583	-240.283267	-77.073588	-919.312791	
-49.423881	-118.643744	657.278639	12.130332	-145.881625	414.345189	172.286388	-172.839660	399.720112	328.526071	-200.773289	158.862097	408.196682	-338.804711	321.667661	496.705230	-373.093748	375.367477	-139.485633	-187.115341	436.849783	-318.488786	-36.138410	278.863494	-390.014843	-118.415259	78.763157	-363.002789	-146.618238	-23.321922	-2.370160	-36.131317	196.041249	0.000000	0.000000	0.000000	60.189285	-239.874017	-40.354997	122.526489	-236.819529	-503.288219	145.356284	-97.670462	-876.308046	119.726327	-208.441116	-923.043196	115.065289	-269.356269	-921.545227	-153.911870	-202.138643	-24.262950	-245.048329	-175.608341	-484.666724	-250.792792	28.064292	-829.372655	-249.802115	-65.724026	-907.853938	-249.866984	-121.923382	-932.182834	
-37.180718	-134.168481	654.555435	29.998336	-149.960595	412.099112	190.119395	-177.240824	397.689872	348.182942	-204.733647	157.973853	449.175227	-366.025266	283.238786	546.829473	-403.903300	313.604457	-122.179476	-190.605255	431.695083	-299.436476	-41.072343	270.401271	-383.731930	-131.769168	79.105781	-365.371660	-167.790452	-22.441202	12.921943	-37.484687	195.374468	0.000000	0.000000	0.000000	72.225642	-236.706881	-39.295410	135.567902	-231.250814	-502.070102	137.020140	-77.353748	-869.957364	129.820074	-190.201785	-918.172364	135.618600	-251.022162	-916.799810	-142.697152	-211.111048	-14.395613	-255.307136	-252.137565	-468.947219	-286.966765	-52.388867	-814.542133	-266.866470	-131.553334	-905.566895	-254.835217	-180.790243	-939.936106	
-19.567041	-148.997053	651.943530	49.460654	-149.956487	409.494069	209.496593	-177.531679	394.705636	367.236321	-210.330113	155.443957	490.933931	-388.629988	224.825418	593.634755	-425.158025	221.446880	-103.290803	-189.791550	426.054168	-279.139023	-45.466619	258.592091	-375.809721	-149.102275	80.154346	-367.296874	-195.988883	-18.210280	27.493606	-35.549537	194.225624	0.000000	0.000000	0.000000	86.575653	-232.613027	-34.447871	152.323075	-229.553500	-496.909050	126.068752	-62.028305	-857.843216	138.352471	-174.014707	-907.030234	155.109282	-232.765563	-905.556716	-128.808904	-220.315981	-2.592309	-245.678178	-338.118488	-442.416693	-303.911409	-158.077735	-795.307522	-270.993396	-221.986541	-894.244930	-251.009187	-260.599303	-937.372102	
3.847012	-161.177079	649.807576	69.847649	-145.738417	407.005088	229.712281	-173.909444	391.504014	385.648174	-218.882514	153.039907	520.452920	-402.549040	153.178587	617.642323	-432.457457	113.772017	-83.294064	-185.026877	421.080224	-258.276636	-49.876016	245.264484	-365.323352	-169.552152	83.572725	-366.997133	-229.123854	-8.050597	40.715012	-31.237529	192.638951	0.000000	0.000000	0.000000	104.192852	-226.278377	-27.069646	175.365629	-228.324641	-488.732591	114.989505	-51.920699	-841.243337	146.996385	-159.795569	-890.738574	174.710194	-214.232978	-888.967016	-111.061666	-229.582383	9.737602	-210.458657	-422.983862	-407.032662	-290.997712	-283.918167	-773.791319	-250.470171	-339.109022	-875.122607	-227.254009	-369.082075	-923.215152	
32.122330	-168.310600	648.011830	90.639697	-137.523754	404.751943	250.188668	-166.914756	388.293341	401.497055	-230.302989	151.035225	526.175152	-408.268278	82.555599	608.798970	-430.389896	14.901256	-62.584670	-176.999258	417.323927	-236.953011	-54.340728	231.996119	-350.189686	-190.906809	88.982963	-360.835515	-262.480117	7.066235	52.692383	-25.211215	190.607367	0.000000	0.000000	0.000000	125.016394	-216.324103	-19.120766	205.129193	-223.218339	-479.269475	106.525057	-45.965979	-822.615188	157.275808	-146.427944	-872.041511	195.117541	-194.368860	-869.968620	-88.865017	-238.341429	20.831639	-150.048249	-494.986548	-368.232934	-240.143320	-421.762155	-751.454522	-192.627673	-478.710189	-848.695082	-167.821157	-506.135487	-897.508573	
62.448436	-168.554725	646.190290	110.859379	-125.737302	402.529596	269.860694	-157.208216	384.675911	410.950903	-244.221130	148.612327	505.258569	-413.113400	28.249558	571.450595	-430.636190	-56.631175	-42.031149	-166.539535	414.928832	-215.354001	-57.659987	220.248933	-329.549815	-209.217071	94.092807	-346.389236	-289.801246	22.196723	63.356852	-17.459163	188.213570	0.000000	0.000000	0.000000	147.422880	-202.257973	-12.207654	238.466956	-211.058788	-470.286192	102.008711	-42.399607	-804.891455	169.381615	-132.629228	-854.193727	215.678080	-172.457808	-851.969648	-63.148645	-245.512726	29.552252	-71.654636	-545.250756	-332.478283	-147.982579	-559.550683	-725.297931	-89.681645	-626.196986	-809.653211	-61.575157	-656.476048	-854.857976	
90.453759	-162.201481	644.354119	128.388222	-111.869064	400.273991	286.562196	-146.138517	380.344385	409.311357	-260.862791	145.877555	460.718353	-426.231372	-2.163941	513.146535	-445.026534	-95.925333	-23.711548	-155.123274	414.014818	-195.249440	-57.890597	211.736821	-306.380074	-220.056711	96.507765	-325.750581	-305.813823	31.569921	71.788336	-8.396659	185.793412	0.000000	0.000000	0.000000	168.382988	-185.451105	-6.773261	268.885402	-192.385774	-462.902191	100.400390	-39.677199	-790.500032	181.406363	-117.944116	-839.729380	233.934274	-149.099773	-837.545652	-36.750946	-249.992878	35.923732	12.151584	-570.970361	-304.022359	-22.035176	-678.025819	-688.350492	50.612573	-754.496441	-750.246294	84.581844	-789.353664	-787.412537	
112.304140	-152.282035	643.002750	141.168017	-99.059053	398.295425	298.341718	-136.171435	375.719123	393.983726	-280.452762	144.982878	395.880294	-450.092285	-7.084760	436.352405	-477.288510	-104.632414	-9.843057	-145.173316	414.519089	-179.588331	-54.212513	207.858729	-286.469329	-220.865111	95.036012	-305.162339	-307.987038	31.737011	77.070166	0.035315	183.857144	0.000000	0.000000	0.000000	184.959689	-169.040870	-2.432696	289.965924	-171.966188	-457.589327	99.438269	-37.389432	-781.032927	190.569712	-103.637640	-830.200412	247.043073	-126.908478	-828.237572	-13.485357	-251.605503	40.625131	88.090459	-577.127021	-282.947800	113.731178	-757.314850	-639.616581	199.122471	-837.429395	-674.922794	239.451064	-875.063350	-701.522737	
127.051817	-142.407889	642.503355	148.911723	-90.178612	396.857814	305.185518	-129.409426	371.757320	367.396179	-301.079436	148.457183	317.079944	-477.134469	12.889365	342.901920	-518.554181	-84.633987	-1.022343	-138.635802	415.982495	-169.997881	-47.840743	208.619637	-273.811357	-212.220898	89.760357	-290.241829	-296.668703	22.343518	79.580813	5.928809	182.688271	0.000000	0.000000	0.000000	196.110088	-155.982978	0.981948	299.045937	-155.018432	-454.655744	97.681490	-35.738103	-777.536551	195.603560	-91.609090	-826.535607	254.205097	-108.869522	-824.934849	3.827380	-251.363096	44.040101	148.863143	-573.642763	-265.930528	231.132881	-793.088810	-590.603967	324.370825	-871.065578	-604.126220	369.399300	-908.756446	-621.507296	
136.186651	-134.522312	642.717266	152.605840	-85.945084	395.901247	308.337971	-126.377737	369.381545	336.797625	-319.513643	157.032116	235.559381	-495.496844	53.656771	239.622991	-551.773925	-39.668191	3.457447	-135.704148	417.646807	-165.744099	-40.740949	212.345426	-268.235944	-196.923329	81.853711	-282.347046	-274.396157	6.056217	80.648341	9.027836	182.092296	0.000000	0.000000	0.000000	202.682531	-147.306166	3.391911	297.207921	-143.486185	-454.049653	95.077617	-34.501376	-780.075887	197.161985	-82.776948	-828.650133	256.738564	-96.336781	-827.472286	14.781471	-250.543369	46.336959	194.655638	-569.157165	-248.810258	316.754305	-796.403929	-555.059410	414.393246	-870.018435	-557.080232	462.278288	-906.091615	-569.570844	
141.589549	-128.908856	643.283467	153.303457	-85.240246	395.284835	308.940269	-126.360795	369.268033	309.848511	-334.687692	169.761670	163.365709	-497.750412	107.640260	138.825668	-562.361871	23.281995	4.484840	-135.168831	418.826981	-164.915202	-34.046744	216.654334	-267.287235	-178.243751	72.943541	-279.748895	-245.238093	-12.513392	81.443160	10.249319	181.673400	0.000000	0.000000	0.000000	206.181041	-142.326309	4.839439	287.084570	-136.282372	-455.182860	92.229856	-33.019038	-787.441461	196.507422	-77.235849	-835.214564	256.372339	-89.490066	-834.407741	20.835087	-249.837437	47.798950	228.606969	-567.955346	-228.991924	370.781727	-778.885284	-538.237165	471.638127	-848.041085	-539.652638	521.150347	-881.800940	-552.265300	
144.335749	-125.131534	643.986684	151.796229	-86.367190	395.010477	307.701773	-128.101306	371.722804	290.520804	-347.868561	185.682815	108.502475	-483.613439	167.017685	54.260742	-545.711660	95.639702	2.791793	-135.434664	419.179422	-165.777672	-27.756644	219.716118	-268.717392	-158.653530	64.168630	-280.269928	-214.114798	-29.303339	82.509075	10.515891	181.176515	0.000000	0.000000	0.000000	207.862153	-139.840812	5.356570	271.399302	-131.400319	-457.346590	89.740528	-30.653492	-797.754610	194.515438	-75.040210	-844.265297	254.127229	-88.482541	-843.662585	23.834954	-249.394071	48.703982	252.861010	-570.891894	-206.575398	396.097470	-746.582266	-536.657099	499.448160	-811.204269	-546.615678	549.526441	-842.099444	-563.583913	
144.768142	-122.617504	644.830406	148.737122	-87.934196	395.173041	305.070840	-130.460129	376.682387	279.606993	-360.375053	204.361669	74.812576	-457.757794	226.306594	-4.313234	-506.641887	169.362561	-0.902096	-135.331887	418.745061	-167.196525	-21.463004	220.816109	-271.283326	-139.778895	56.216931	-282.374705	-185.319126	-42.522581	83.916443	10.270985	180.543065	0.000000	0.000000	0.000000	208.474520	-138.947726	4.766974	252.649308	-127.397714	-460.117540	88.034447	-27.102820	-809.216860	191.490354	-76.163261	-853.951131	250.182414	-93.175717	-853.285153	25.057816	-249.192835	49.118450	268.627856	-577.062960	-183.596319	395.187943	-703.545883	-541.817387	499.381162	-762.477896	-566.864000	548.704149	-789.564703	-591.026259	
143.059790	-120.855273	645.852838	144.746824	-89.242045	395.762370	301.443489	-132.710394	383.627771	276.662945	-372.551176	225.305208	63.012406	-427.410476	282.310786	-33.099148	-454.998082	238.783043	-5.817989	-134.435736	417.713323	-168.543955	-15.081303	220.050455	-274.382998	-122.957608	49.503096	-285.193766	-161.519373	-52.195183	85.568695	9.607840	179.802527	0.000000	0.000000	0.000000	208.282747	-139.287397	2.852747	233.073255	-123.782979	-463.352647	87.202450	-22.491595	-820.408969	187.423805	-79.653686	-862.828090	244.354975	-101.843064	-861.780018	25.034195	-249.247848	48.850636	277.257368	-584.831984	-162.686846	372.393529	-655.101453	-545.242765	474.608198	-706.184340	-588.823059	521.550112	-728.169132	-621.432760	
139.521462	-119.425563	647.034316	140.362805	-90.172288	396.652563	297.194777	-134.546341	391.625979	280.705492	-383.871666	247.512497	70.303077	-400.231019	333.354950	-33.889591	-402.954385	301.266910	-11.232795	-132.930994	416.262352	-169.657013	-9.134400	217.838562	-277.583229	-109.459981	44.021671	-288.217608	-144.101354	-59.096260	87.247429	8.516782	179.049188	0.000000	0.000000	0.000000	207.211884	-140.904197	-0.249494	214.531755	-120.480058	-466.866789	86.730333	-17.207144	-830.224677	182.561085	-83.151605	-869.961329	237.130327	-110.611452	-868.294081	23.711299	-249.592048	47.740644	279.920408	-592.374927	-146.779632	334.067247	-606.590757	-543.268912	430.873597	-647.580974	-605.757907	473.702312	-663.311368	-646.605464	
134.446790	-118.209537	648.366921	135.778617	-91.005986	397.756312	292.464727	-136.129814	399.729616	289.979226	-393.453720	269.414846	90.522498	-382.065487	378.927645	-14.416715	-362.567480	356.549967	-16.791811	-131.411846	414.599942	-170.693106	-4.489475	214.597609	-280.631626	-100.218239	39.454447	-291.140904	-133.482486	-64.128695	88.596210	6.934735	178.454145	0.000000	0.000000	0.000000	204.968885	-144.094426	-3.920775	198.316849	-117.284882	-470.224779	85.942447	-11.675888	-837.983107	177.552252	-84.716917	-875.183352	229.793726	-116.341114	-872.867403	20.575103	-250.212608	45.911885	276.456865	-598.481433	-139.060264	285.918883	-561.349852	-537.644552	374.091844	-590.914203	-617.067596	411.328203	-599.943485	-664.839896	
128.040271	-117.368733	649.867521	130.865717	-92.200804	399.056682	287.180668	-137.908247	407.245482	302.293640	-400.518858	288.877518	116.856607	-375.738456	418.895863	14.145190	-341.622177	405.493797	-22.526061	-130.558875	412.974217	-171.796106	-1.885014	210.595065	-283.312031	-95.538456	35.327176	-293.648371	-129.358243	-68.093346	89.257371	4.759033	178.195775	0.000000	0.000000	0.000000	201.326753	-149.006522	-7.444112	185.154659	-114.012070	-472.972067	84.745654	-6.310994	-843.574230	173.022961	-84.222830	-878.902257	223.425888	-118.667188	-876.117260	15.192328	-251.009067	43.603057	265.380798	-603.024913	-142.063096	231.779721	-520.672773	-532.481861	309.086515	-539.040502	-625.448672	339.948987	-541.884563	-678.266152	
120.554891	-117.125296	651.480585	125.492647	-94.198881	400.487592	281.362117	-140.261448	413.661005	315.758979	-404.637300	303.543003	144.801220	-381.693601	452.381044	43.226918	-342.157279	448.815708	-28.547265	-130.849033	411.557762	-172.860779	-1.684851	205.922031	-285.192770	-95.185210	31.094091	-295.189822	-131.020118	-71.679157	89.053819	1.923061	178.350722	0.000000	0.000000	0.000000	196.443183	-155.207446	-10.561474	175.233754	-110.916479	-475.094462	83.541543	-1.386352	-847.415752	169.346144	-82.453711	-881.721152	218.480978	-118.674642	-878.816453	7.843061	-251.818962	40.783358	245.076515	-606.339288	-156.743788	174.478580	-484.788183	-531.682423	240.228709	-493.989307	-634.389783	264.931169	-492.088246	-690.393724	
112.182710	-117.708160	653.108556	119.511646	-97.400031	401.948545	275.034370	-143.457866	418.739874	328.825059	-405.841477	311.664609	172.459105	-398.914341	477.216518	69.990066	-362.599493	485.847798	-35.040111	-132.557444	410.421297	-173.735567	-3.828313	200.687630	-285.811554	-98.540793	26.348531	-295.145518	-137.567043	-75.318824	87.857081	-1.587125	178.946571	0.000000	0.000000	0.000000	190.786502	-161.891201	-13.511833	168.091169	-108.447427	-477.010604	82.778890	3.029775	-850.269364	166.560194	-80.244913	-884.287389	214.803985	-117.667240	-881.692952	-0.683840	-252.503620	37.135421	214.639453	-608.135963	-182.279399	116.466650	-453.652380	-538.417915	171.586097	-457.322038	-647.527594	191.312446	-452.931404	-705.336421	
102.890574	-119.340097	654.675694	112.591171	-102.162607	403.362510	267.941866	-147.863914	422.549557	340.200090	-404.450700	312.342114	199.440973	-425.025453	490.300766	96.045163	-399.393442	513.656230	-42.383233	-135.920717	409.478135	-174.625331	-7.997512	195.133760	-284.959724	-104.917136	20.896823	-293.182598	-147.998137	-79.217282	85.435267	-5.738662	180.030953	0.000000	0.000000	0.000000	184.798839	-168.414447	-16.636808	162.802095	-106.729569	-479.144694	82.705448	7.044869	-852.865657	164.441841	-78.155903	-887.088414	211.907774	-116.599143	-885.157734	-9.693346	-252.965756	32.433785	174.547353	-606.634748	-216.473739	59.757576	-426.761571	-555.305063	106.397718	-429.825339	-668.317683	122.963813	-425.892120	-727.142519	
92.552807	-122.141827	656.038768	104.354043	-108.713382	404.587198	259.676142	-153.909566	425.152728	349.009632	-400.526651	305.139183	225.780828	-456.181457	488.504763	124.179952	-447.038231	527.064257	-50.975044	-141.156365	408.382525	-176.108569	-13.827410	189.465261	-282.661085	-113.708849	14.548535	-289.150861	-161.183637	-83.688167	81.673845	-10.449634	181.558391	0.000000	0.000000	0.000000	178.731455	-174.473003	-20.126061	158.434563	-105.434947	-481.671518	83.412153	10.970881	-855.635118	162.770618	-76.259972	-890.336975	209.416084	-115.727649	-889.274889	-18.775890	-253.124494	26.702842	127.233742	-598.699254	-256.564910	5.826594	-403.180677	-584.239305	46.913097	-411.402532	-699.134224	62.372941	-411.372565	-758.390104	
81.249799	-126.057545	656.929931	94.743730	-117.034994	405.366834	250.142080	-161.748604	426.405758	354.901332	-393.296692	289.970088	251.380396	-487.859266	469.544771	155.478472	-499.156122	520.223890	-60.874267	-148.266903	406.664449	-178.666751	-20.882777	183.742837	-278.834667	-124.113499	7.007418	-282.611096	-175.629534	-89.316302	76.801063	-15.657669	183.302196	0.000000	0.000000	0.000000	172.773500	-179.889534	-24.080970	154.405102	-103.725679	-484.585144	85.030415	15.385002	-858.787298	161.581450	-74.081410	-894.098863	207.346466	-114.580399	-893.956254	-27.653933	-252.928313	20.002846	76.851738	-581.172754	-299.865094	-44.212126	-382.361795	-625.680168	-5.341638	-401.569253	-740.033570	10.974248	-408.947827	-798.596489	
69.396592	-130.954186	657.044321	84.172589	-126.923506	405.423757	239.777379	-171.129816	426.003900	358.013761	-381.169720	267.551679	276.121916	-515.729475	432.151587	189.169267	-550.091588	488.291173	-71.670755	-157.005556	404.009827	-182.265387	-28.579423	178.020036	-273.142296	-134.823493	-1.922140	-272.701203	-189.409345	-96.614339	71.238879	-21.366335	184.964220	0.000000	0.000000	0.000000	167.185940	-184.451661	-28.587866	150.621491	-100.413434	-487.788934	87.888312	21.041755	-862.409594	161.229518	-70.825468	-898.363559	206.077594	-112.333028	-898.994094	-35.997870	-252.374374	12.203027	28.074131	-552.400477	-343.971738	-89.342915	-364.683753	-677.608349	-49.441988	-399.577919	-787.821121	-30.728567	-416.988801	-843.471242	
57.607503	-136.798703	656.171553	73.347274	-138.166984	404.580870	229.344689	-181.682986	423.600723	358.824098	-362.542473	239.947140	300.002063	-535.602655	375.946673	224.150380	-594.302458	427.850685	-82.654024	-167.158426	400.437436	-186.448267	-36.386139	172.575210	-265.390473	-144.075906	-12.077557	-258.640788	-200.362130	-105.526608	65.255947	-27.644356	186.334946	0.000000	0.000000	0.000000	162.324426	-187.911968	-33.625776	147.458114	-94.443010	-491.058801	92.508403	28.618452	-866.377145	162.305961	-65.706391	-903.014987	206.182392	-108.231528	-904.062195	-43.350166	-251.493867	3.030384	-15.140320	-512.890373	-386.658490	-128.492186	-350.711839	-734.778005	-85.023273	-403.251497	-836.299331	-62.997252	-431.470368	-885.986520	
46.489218	-143.768657	654.168741	62.983484	-150.769404	402.720112	219.576024	-193.308461	418.838294	357.790363	-337.083227	210.441262	323.199578	-543.116391	301.323299	259.839152	-624.382572	337.022535	-93.094101	-178.891181	396.160381	-190.899991	-44.215729	167.922873	-256.299179	-150.016954	-23.008133	-240.869569	-206.023540	-115.591132	58.854702	-34.633548	187.296296	0.000000	0.000000	0.000000	158.561066	-190.073905	-39.001522	145.555872	-85.427709	-494.064665	99.447207	38.467953	-870.297717	165.448168	-58.226230	-907.785243	208.247225	-101.836454	-908.792276	-49.194900	-250.316503	-7.687350	-50.183424	-465.394661	-425.684666	-160.455591	-339.329598	-789.395222	-111.990247	-407.831403	-878.362379	-86.338495	-445.693888	-919.089358	
36.515447	-152.123067	650.782625	53.596154	-164.990167	399.605055	210.904068	-206.283015	411.425019	355.112013	-306.361263	182.531763	345.960509	-532.431194	209.259422	296.334106	-629.310719	215.948896	-102.457583	-192.766493	391.251380	-196.024071	-52.568871	164.567087	-248.197119	-150.836742	-34.297190	-221.985266	-203.489286	-126.422489	51.997692	-42.472700	187.711403	0.000000	0.000000	0.000000	156.121795	-190.899729	-44.430829	145.549176	-73.880517	-496.533859	109.049923	50.536325	-873.648838	171.135335	-48.262721	-912.318681	212.735533	-93.025565	-912.898695	-53.176528	-248.830618	-19.828404	-76.232524	-414.511381	-459.145662	-184.108365	-326.558418	-834.598453	-130.411176	-406.988320	-909.459555	-101.472095	-451.982183	-939.264736	
27.801130	-161.911280	645.615590	45.276732	-181.070239	394.866668	203.254054	-220.958012	401.402888	350.575999	-272.974032	158.927553	367.457410	-493.307134	103.483227	334.433290	-591.199228	68.558784	-110.638052	-209.310194	385.530616	-203.286777	-62.201390	162.885060	-245.231010	-144.599976	-45.385812	-206.957797	-188.905134	-137.682271	44.781031	-51.196328	187.394920	0.000000	0.000000	0.000000	154.739633	-190.691621	-49.831432	147.684647	-61.071841	-498.553357	121.249456	64.356741	-876.172616	179.377651	-36.167698	-916.510647	219.683168	-82.103415	-916.494955	-55.613242	-246.896322	-32.969060	-94.528774	-365.370286	-486.213859	-199.052909	-307.715537	-868.428922	-141.203249	-396.511779	-929.463225	-110.069642	-445.716870	-948.432265	
19.738910	-172.676996	638.543339	37.478496	-198.530770	388.414625	195.947323	-236.963517	389.484831	343.385776	-238.659314	141.568036	383.185838	-411.851786	-1.001435	375.249066	-479.851124	-85.891180	-118.178075	-228.121280	378.953638	-214.972107	-73.354355	163.375476	-252.646612	-129.168814	-54.319218	-202.642466	-156.729250	-147.520238	37.259393	-60.533877	186.254257	0.000000	0.000000	0.000000	153.274232	-190.292545	-55.556974	151.501709	-48.751773	-500.714804	135.597865	79.005735	-878.143658	189.508729	-22.946379	-920.694706	228.337332	-70.134297	-920.179778	-58.017934	-244.175653	-46.365450	-108.134503	-321.444124	-507.341870	-206.370598	-281.554094	-893.471608	-146.814024	-376.880596	-941.663044	-114.971412	-428.119908	-952.191480	
10.852542	-183.449772	630.427845	28.795515	-215.581780	381.042464	187.600768	-252.442199	377.465894	332.282254	-203.028800	132.865620	385.189604	-289.476579	-71.176839	411.684265	-277.413105	-176.275254	-126.543574	-247.009251	372.315598	-233.262756	-84.706863	167.218595	-275.102268	-102.857261	-56.042732	-217.100509	-100.191407	-148.644630	29.103565	-69.705290	184.492320	0.000000	0.000000	0.000000	149.682732	-191.119337	-62.123257	155.852818	-38.816861	-503.675418	151.523030	92.977998	-880.024753	200.437678	-10.287891	-925.353772	237.336692	-58.995999	-924.574032	-62.992901	-240.216719	-58.867713	-120.913879	-282.976481	-523.408465	-209.134614	-250.046047	-912.600458	-150.945474	-350.923463	-949.940955	-119.771059	-403.355682	-955.352544	
-0.884351	-192.849836	623.346173	16.914329	-229.392200	374.558418	176.053014	-264.442979	368.482834	316.417830	-165.205165	136.851048	373.327586	-160.407465	-83.702785	414.180684	-81.165553	-146.511344	-138.271329	-261.934120	367.311910	-259.152282	-92.295131	176.507721	-313.896161	-65.766900	-43.094106	-258.904065	-16.944090	-123.955870	19.455308	-77.480008	182.651582	0.000000	0.000000	0.000000	141.567002	-194.819500	-69.245695	159.536173	-33.293704	-507.182850	168.942845	103.618773	-881.607665	211.303279	-0.965368	-930.382225	245.404229	-51.672467	-929.647118	-73.182825	-234.559993	-69.017889	-135.802721	-247.740450	-534.728497	-211.525486	-214.762198	-926.539953	-157.872530	-320.657472	-955.935415	-128.719658	-374.428291	-958.948059	
-16.956355	-199.069054	619.806958	-0.073277	-236.769135	371.128149	159.462070	-270.163437	366.241022	297.999842	-127.370927	157.383906	360.788316	-57.036022	-50.019903	396.067013	43.777203	-72.048940	-155.550960	-268.277631	365.838364	-291.636834	-90.324442	193.765335	-364.518078	-20.189075	-10.428094	-328.783547	71.721385	-57.565478	7.373821	-82.233282	181.456813	0.000000	0.000000	0.000000	127.566847	-202.100904	-75.317620	162.169897	-34.425674	-509.932475	188.221833	107.059062	-881.860989	221.941182	1.334082	-934.742371	252.055655	-51.841596	-934.440906	-89.436889	-226.805008	-75.485870	-152.994438	-213.165209	-541.056210	-215.842115	-176.249654	-934.788518	-170.067475	-286.978627	-959.289920	-144.535362	-342.593627	-961.602907	
-35.961349	-200.383068	621.289555	-20.332444	-235.154834	372.102585	139.467794	-267.619628	372.817781	283.520814	-93.778538	193.285855	362.189378	13.435118	8.293367	387.035098	119.599092	6.041250	-176.493334	-263.443853	369.348516	-326.679157	-75.953331	220.730372	-418.799140	29.014033	40.671040	-403.830239	136.836216	30.835837	-6.359959	-82.228856	181.497182	0.000000	0.000000	0.000000	109.331011	-211.445785	-78.283014	164.112521	-43.357559	-510.657574	208.372446	100.509584	-879.941689	232.248287	-5.590656	-937.246924	257.504844	-61.236199	-937.799072	-108.994165	-217.273683	-77.781772	-168.840807	-179.264306	-542.491373	-219.988372	-136.155706	-937.286629	-185.215553	-251.302578	-959.390720	-164.901309	-309.022631	-961.838959	
-53.022978	-196.718369	627.384366	-37.636193	-224.621091	377.320035	121.972171	-256.627860	386.876588	279.327942	-66.563643	237.482932	383.653373	55.548579	75.895366	398.976510	163.512377	77.375501	-194.422883	-249.334167	378.449015	-358.549411	-54.134356	256.977429	-471.081739	72.398282	104.492779	-467.599691	180.908832	117.132320	-18.260550	-77.185693	182.899377	0.000000	0.000000	0.000000	91.913160	-220.065842	-76.901342	165.665307	-58.469696	-508.931124	226.222884	85.414641	-875.888248	241.532804	-19.919544	-937.382333	262.257663	-77.385341	-939.051892	-126.267585	-208.221471	-76.406161	-178.815038	-150.196004	-539.928714	-219.943196	-98.818216	-934.905317	-197.734685	-217.140902	-956.424282	-183.467127	-276.624560	-959.322248	
-64.185355	-189.904377	636.324625	-47.240346	-208.117614	385.468832	111.622946	-239.566684	404.547644	286.887928	-46.187067	281.705389	421.423855	74.706090	143.175030	431.749603	183.176940	138.633576	-204.161972	-230.922654	392.512297	-384.518084	-34.250985	299.842142	-520.798898	99.167908	175.132317	-523.635676	206.010105	198.004135	-25.322333	-68.878884	185.358409	0.000000	0.000000	0.000000	79.997761	-226.464048	-71.450775	166.815564	-76.272472	-505.164488	238.658249	66.363884	-870.569677	248.897508	-37.499179	-935.522186	266.688591	-95.901528	-938.218109	-137.376164	-202.604034	-72.228667	-182.411762	-130.373772	-534.544502	-214.601938	-68.238261	-928.804175	-204.462371	-188.075082	-951.004793	-196.047264	-248.635975	-954.444447	
-69.691028	-181.486207	646.124809	-49.708482	-188.594939	394.932356	108.087652	-219.610314	421.932676	303.343244	-33.258233	320.188559	467.365843	74.098990	204.099175	480.004014	181.403266	189.292411	-206.005234	-211.986874	409.704614	-405.630410	-22.635644	345.737977	-568.196981	104.013163	248.486800	-576.898926	209.532913	275.621298	-27.621926	-59.162878	188.361472	0.000000	0.000000	0.000000	74.222855	-230.774651	-63.441693	167.163649	-93.710924	-500.223068	244.495110	47.178428	-865.185379	253.653698	-55.248455	-932.535661	270.547419	-113.887790	-935.799968	-142.622284	-201.074618	-66.071684	-182.764092	-119.856405	-527.345554	-206.154769	-44.669175	-919.949014	-206.397355	-164.643634	-943.668460	-203.143712	-225.669444	-947.609443	
-72.015508	-171.714562	655.276159	-48.132818	-167.580801	404.357819	108.615030	-198.808690	436.692351	324.558238	-28.237169	350.219251	514.090601	55.179757	255.220139	537.171243	158.712847	229.895162	-202.914706	-193.741941	427.857580	-423.154252	-20.632524	391.477607	-610.592265	88.339748	321.351742	-627.042566	192.091901	351.539500	-26.893787	-48.752760	191.424015	0.000000	0.000000	0.000000	72.151362	-233.647001	-54.718186	166.135883	-109.087948	-495.007157	244.255631	29.354759	-860.737078	255.474904	-72.129274	-929.193820	273.226840	-130.518934	-932.378379	-144.660709	-201.906458	-58.691115	-183.031457	-115.174214	-519.111087	-197.260585	-25.648004	-909.137123	-205.992473	-144.889637	-934.861216	-207.222365	-205.963686	-939.187297	
-72.901002	-160.366902	662.906934	-44.567846	-146.117067	412.823630	111.389710	-178.138777	448.071912	347.079587	-30.614935	371.320965	556.152391	19.306973	295.808733	596.384728	114.860508	261.984891	-196.994261	-176.198176	445.310424	-436.228196	-26.384096	434.415660	-643.537512	57.325124	390.356433	-669.989717	157.900648	423.990749	-24.621264	-37.958951	194.155021	0.000000	0.000000	0.000000	71.286727	-235.660930	-46.614899	163.651606	-121.741343	-490.116289	239.554822	12.900502	-857.727127	254.628449	-88.298152	-925.865405	274.421075	-146.062961	-928.335989	-145.815422	-203.223402	-50.751325	-184.733918	-112.913420	-510.436875	-189.529521	-8.911022	-897.086875	-205.075684	-126.943901	-925.070766	-210.252471	-187.791734	-929.654335	
-72.457219	-147.565888	668.707017	-39.247892	-125.519808	419.792182	116.280512	-158.238501	456.274963	368.723974	-38.648442	384.342871	589.262522	-30.360455	327.776189	649.905848	51.335256	288.515914	-188.684942	-159.372053	461.224904	-442.886650	-36.674049	472.293822	-663.546608	16.576001	452.313404	-701.402735	112.536792	488.436285	-21.528067	-27.277191	196.305268	0.000000	0.000000	0.000000	70.829308	-237.071652	-39.636613	160.293650	-131.662540	-485.828810	232.632288	-2.430113	-856.090278	251.966299	-104.012957	-922.560786	274.281926	-160.889299	-923.872103	-146.780777	-204.386517	-42.651384	-187.783518	-111.651799	-501.672510	-183.499441	6.373399	-884.281211	-204.366957	-110.224507	-914.711738	-213.004426	-170.665427	-919.461087	
-70.167092	-133.952397	672.777328	-31.910718	-107.161328	425.055361	123.560008	-139.859265	461.801635	388.316751	-50.081287	390.755933	609.936369	-88.267515	354.255405	689.927130	-26.600414	313.123691	-177.978257	-143.694611	475.291505	-442.484578	-48.629573	503.485025	-669.551261	-29.538807	504.851080	-719.367963	60.794757	540.969852	-18.033965	-17.354471	197.779826	0.000000	0.000000	0.000000	71.338322	-237.824278	-33.782787	156.730870	-139.349754	-482.350850	225.677790	-16.661101	-855.474515	248.419004	-119.222462	-919.311895	272.996631	-175.173916	-919.324314	-146.981065	-205.742048	-34.703909	-191.170947	-111.511556	-493.124257	-179.088163	20.213957	-871.066203	-203.934608	-94.847566	-904.233084	-215.540455	-154.779073	-909.110148	
-66.075235	-120.463074	675.368898	-22.979352	-92.112553	428.617044	132.711988	-124.023588	465.120238	405.071478	-63.071528	392.258281	616.120544	-147.667396	377.851270	710.962980	-110.728536	338.690013	-165.536599	-130.030124	487.215388	-436.426827	-60.689694	527.293049	-662.824555	-77.714515	546.782170	-724.696977	5.947248	580.232657	-14.596256	-8.762925	198.628853	0.000000	0.000000	0.000000	73.402238	-237.826504	-29.008370	153.301352	-145.536588	-479.897635	220.027354	-29.777328	-855.630103	244.395697	-133.791358	-916.445167	270.360987	-189.101693	-915.351733	-145.732394	-207.725932	-27.378676	-193.970870	-112.874235	-485.262451	-176.037462	32.664894	-857.867435	-203.779569	-80.739641	-894.286231	-217.873471	-140.118991	-899.357886	
-61.053645	-108.040798	676.748518	-13.612369	-81.073582	430.639642	142.412820	-111.873944	466.668361	418.359399	-76.678270	390.389529	607.815476	-202.857567	399.924273	711.067460	-193.030409	366.225223	-152.843418	-119.461511	496.481564	-427.313029	-72.431829	543.920701	-646.301314	-125.379579	578.071376	-719.972016	-50.281868	607.725781	-11.590572	-1.980954	199.010039	0.000000	0.000000	0.000000	76.719369	-237.206649	-25.257951	150.136816	-150.965268	-478.440837	215.800637	-41.953065	-856.372121	239.541907	-147.714746	-914.355097	265.637805	-202.946793	-912.608635	-143.112430	-210.261989	-21.126136	-196.174837	-115.620538	-478.519538	-174.208223	43.970946	-845.106151	-204.128062	-67.493504	-885.566273	-220.336514	-126.296243	-891.024382	
-56.345566	-97.449872	677.206359	-5.226269	-74.433830	431.432959	151.125335	-104.268214	466.854366	427.684489	-90.750069	386.008811	586.529710	-250.377372	420.549389	691.026002	-267.890971	394.723627	-141.835465	-112.902954	502.511302	-418.073492	-83.787436	553.898745	-623.639545	-170.935907	599.432729	-708.443136	-107.509810	626.486446	-9.145069	2.586897	199.130451	0.000000	0.000000	0.000000	80.180166	-236.360127	-22.267724	147.383351	-156.531403	-477.584682	212.308432	-53.665535	-857.361985	233.036202	-161.205196	-913.190180	257.807675	-217.040682	-911.346896	-140.025873	-212.772374	-16.070379	-198.684478	-119.344772	-473.029675	-173.719503	54.211688	-833.019431	-205.461374	-54.739464	-878.611558	-223.622907	-112.898727	-884.769953	
-53.012543	-89.220826	677.032295	0.930385	-72.271152	431.369205	157.607203	-101.374467	465.951893	432.550704	-105.308155	378.806570	554.521254	-288.210345	438.603770	653.193575	-331.496496	421.773636	-134.396451	-110.652410	504.905613	-411.536614	-94.769343	557.220893	-597.817590	-214.197843	611.643619	-692.787454	-167.068266	638.213345	-7.294951	4.714935	199.167804	0.000000	0.000000	0.000000	82.733443	-235.719809	-19.549145	145.229359	-163.380897	-476.784061	208.491843	-65.412943	-858.133758	224.120070	-174.430762	-912.742184	246.135088	-231.420846	-911.295010	-137.491249	-214.687243	-11.963668	-202.630138	-124.128909	-468.622687	-175.083675	62.953804	-821.580149	-208.339620	-42.583321	-873.661809	-228.438226	-99.963239	-881.000614	
-51.691980	-83.566295	676.433993	4.034337	-74.063300	430.768051	161.099323	-102.571980	464.061234	432.301884	-120.186393	367.404039	514.806453	-314.989359	451.964857	601.342225	-380.924989	444.400197	-131.770447	-112.159088	503.568109	-409.895649	-105.630683	552.553636	-569.714913	-255.612583	614.914154	-672.904516	-231.379275	641.580140	-6.250391	4.584132	199.206374	0.000000	0.000000	0.000000	84.054867	-235.475873	-16.634674	143.779547	-172.648395	-475.642405	203.187441	-77.357882	-858.288290	212.455021	-187.282361	-912.527828	230.605831	-245.631415	-911.778807	-135.966435	-215.823493	-8.422213	-208.899600	-130.697534	-464.947866	-179.366081	69.441060	-810.505435	-213.267832	-31.603507	-870.482168	-235.188563	-88.042488	-879.668573	
-52.587435	-80.313956	675.478301	3.815687	-78.732231	429.788109	161.370224	-106.857158	461.031462	426.067644	-135.641850	350.079098	471.277367	-331.064917	458.114450	540.274096	-415.497459	460.055694	-134.198312	-116.376854	498.556527	-413.987469	-116.959270	537.460491	-538.187347	-294.140775	608.921712	-644.556760	-300.931041	633.126312	-6.259776	2.859874	199.238293	0.000000	0.000000	0.000000	84.382290	-235.572615	-13.266198	142.895658	-185.164502	-473.958757	195.439291	-89.443371	-857.500261	198.044066	-199.677760	-911.839944	211.738321	-259.235232	-911.836283	-135.352731	-216.310987	-5.174985	-217.913233	-139.523480	-461.539739	-187.892869	73.312661	-799.381824	-220.626194	-22.257231	-868.312711	-243.879717	-77.665983	-880.119947	
-55.484906	-78.925865	674.153427	0.513699	-84.964786	428.439830	158.645115	-113.179260	456.528785	412.692408	-152.853836	325.801546	427.852055	-339.877763	455.022160	474.210787	-437.820169	467.323558	-140.933898	-122.179497	490.097914	-422.627940	-129.822270	509.741860	-502.316065	-326.293928	593.254087	-600.631691	-371.147192	609.644474	-7.414189	0.514758	199.218538	0.000000	0.000000	0.000000	84.013267	-235.892537	-9.343558	142.080436	-201.394639	-471.556198	184.904313	-101.672575	-855.286674	181.054189	-211.821812	-909.724977	190.181867	-272.244996	-910.316018	-135.400105	-216.332446	-2.160940	-229.424849	-150.157969	-457.969708	-201.498969	75.123725	-787.827288	-230.589520	-14.396506	-865.906799	-254.083725	-68.885781	-881.046420	
-59.825197	-78.672683	672.488121	-5.364738	-91.478520	426.688297	153.307637	-120.596656	450.474891	390.674967	-173.149240	295.237375	386.892739	-347.473804	441.874248	405.631010	-452.151508	466.053305	-150.632847	-128.576224	478.794091	-432.423653	-145.592217	468.782733	-464.307941	-348.405693	567.654811	-535.569227	-431.178444	571.768598	-9.750524	-1.465662	199.113134	0.000000	0.000000	0.000000	83.000008	-236.386252	-4.833088	140.530804	-221.387415	-468.155512	172.009595	-114.124311	-850.949406	161.810240	-224.005013	-905.110379	166.521706	-284.927672	-906.036043	-136.020416	-215.953212	0.491772	-242.381928	-161.519952	-454.157099	-219.950741	76.252378	-775.558530	-243.140673	-7.480618	-861.625680	-265.087935	-61.452951	-880.482296	
-64.830917	-78.852259	670.618349	-13.260460	-97.200771	424.546602	145.716629	-128.308971	443.232308	358.700930	-196.675820	261.113196	348.047000	-360.347913	419.238688	336.654011	-462.204065	456.503891	-161.905991	-134.778425	465.613656	-438.337665	-165.269645	416.099562	-429.347811	-360.902427	532.601059	-454.136872	-467.242715	527.736078	-13.334258	-2.363584	198.896636	0.000000	0.000000	0.000000	81.101184	-237.093494	0.305086	137.390888	-244.691172	-463.350142	157.619650	-126.803560	-843.771962	140.781555	-236.326785	-896.991775	141.231642	-297.429269	-897.945122	-137.373941	-215.079856	2.577036	-255.072331	-172.284823	-450.520107	-241.826410	78.505333	-762.395984	-258.051941	-1.019423	-853.878699	-276.242155	-55.106920	-876.103140	
-69.713270	-78.930632	668.776820	-22.597138	-101.268145	422.142292	136.237188	-135.658007	435.543220	316.709007	-222.056040	227.771681	307.862016	-383.069436	388.713125	270.563999	-472.754083	438.298336	-173.601021	-140.209631	451.730549	-434.721286	-188.547001	355.420966	-400.920994	-369.302093	489.997111	-375.410168	-475.578842	489.062848	-18.093829	-1.832667	198.525856	0.000000	0.000000	0.000000	77.832300	-238.106516	6.183866	131.733608	-270.539102	-456.682424	142.624760	-139.665239	-833.220427	118.418015	-248.676112	-884.619549	114.579416	-309.663220	-885.299893	-139.852151	-213.455527	3.962229	-265.641036	-180.819544	-447.804742	-264.622567	83.869863	-748.264722	-274.437808	5.648732	-841.761554	-287.239680	-49.167462	-865.877192	
-73.912015	-78.649101	667.211577	-32.659313	-103.069649	419.725545	125.420002	-142.155722	428.316224	267.015931	-246.885747	199.873836	261.192010	-416.423144	351.955671	208.259916	-491.741061	410.424261	-184.727070	-144.548141	438.407325	-416.929043	-213.669816	293.148014	-377.328336	-380.523844	443.205067	-316.330484	-469.530093	460.628381	-23.637177	0.112629	197.950833	0.000000	0.000000	0.000000	72.792521	-239.420988	13.025340	122.549130	-297.871870	-447.745970	127.710458	-152.658405	-819.113528	95.130307	-260.706369	-867.851376	86.799377	-321.247166	-868.031644	-143.730863	-210.849828	4.623235	-272.691857	-185.360649	-446.708916	-285.028023	94.153244	-733.165757	-290.066765	13.988611	-825.387146	-297.668944	-41.936988	-849.152692	
-77.161545	-78.033956	666.047921	-42.348285	-102.542066	417.582885	114.303798	-147.582833	422.278070	214.876139	-268.742939	180.598235	204.069829	-456.346666	309.415147	145.002466	-525.162319	369.984310	-194.176752	-147.882318	426.880998	-384.061377	-238.609335	238.444623	-353.343419	-399.610574	396.750055	-279.127281	-467.269784	439.884942	-29.227191	3.107199	197.178542	0.000000	0.000000	0.000000	66.316184	-240.728745	21.039373	109.490665	-325.029637	-436.379199	113.546907	-165.632203	-801.897267	71.763460	-271.852970	-847.531670	58.763957	-331.564560	-847.126594	-148.677599	-207.391234	4.629568	-275.463098	-184.842402	-447.474772	-299.209759	110.110669	-717.245973	-301.451672	25.867251	-805.871940	-305.827312	-31.221418	-827.597608	
-79.435064	-77.390928	665.227662	-50.223331	-100.501896	415.908504	104.430593	-152.167215	417.765757	167.582454	-286.620597	170.505084	136.684712	-493.991449	259.658830	75.623499	-570.498033	307.736289	-200.715091	-150.905465	418.314190	-341.591574	-262.888336	200.577001	-324.137759	-429.736427	354.793345	-254.952231	-483.483057	420.146881	-34.028113	6.425315	196.326422	0.000000	0.000000	0.000000	59.895434	-241.490194	29.763116	94.161220	-349.714682	-423.354685	101.142139	-178.112181	-783.259259	50.158359	-281.495827	-825.963855	32.637815	-340.034992	-825.057348	-153.538362	-203.831001	4.059519	-273.597114	-179.783351	-449.800540	-303.365813	130.186072	-701.535520	-305.405553	41.342931	-785.555027	-309.364085	-16.660567	-804.795383	
-81.058198	-77.022797	664.570324	-55.111232	-98.447415	414.739931	97.323926	-156.362115	414.766061	132.009417	-301.225059	167.753199	66.307537	-516.700601	201.801476	6.900868	-607.949076	207.944332	-203.594830	-154.532648	413.669975	-299.588441	-288.221623	184.087061	-285.438382	-472.523666	317.346712	-227.545700	-527.734738	391.822193	-37.596701	9.110921	195.567738	0.000000	0.000000	0.000000	55.731323	-241.426373	37.391795	80.792723	-369.194343	-411.216829	92.032648	-189.116400	-766.847328	33.195075	-289.212901	-807.221045	11.911168	-346.484971	-805.984007	-156.724187	-201.411726	2.903686	-267.264505	-172.109736	-453.060762	-295.786694	149.905151	-689.345795	-301.322047	56.849104	-768.506858	-307.683379	-1.632710	-785.526785	
-82.754619	-76.831251	663.884012	-56.797648	-97.755961	414.012291	93.778876	-160.335149	412.941600	111.683940	-312.885456	168.786891	7.952030	-514.001527	142.371964	-36.867197	-598.516392	90.011238	-203.086903	-159.344165	413.361092	-265.886619	-316.767430	187.374497	-230.344819	-522.565923	278.530203	-177.149114	-598.137100	336.888034	-40.135335	10.272350	195.004858	0.000000	0.000000	0.000000	55.389567	-240.843062	41.441954	74.669495	-380.754733	-403.816885	87.884881	-197.464115	-757.734046	23.878530	-295.070236	-796.301376	0.306711	-351.431524	-794.752306	-157.057828	-201.170264	0.974172	-257.758279	-163.516432	-456.653356	-278.929054	164.576776	-685.223618	-291.873166	68.196411	-759.384370	-302.673932	9.873536	-774.617647	
-85.257664	-76.497334	662.985154	-56.282750	-99.030608	413.585494	93.316453	-163.893468	411.720396	105.739142	-319.645339	169.252375	-26.399253	-489.643040	94.781188	-55.203516	-553.622707	11.294136	-200.294645	-165.695739	416.812129	-241.445190	-348.754336	205.643920	-156.035747	-557.987312	234.839650	-99.817821	-651.650941	238.457898	-42.120098	9.453230	194.627323	0.000000	0.000000	0.000000	58.485912	-240.288885	40.391459	77.853125	-382.563119	-404.114310	89.284548	-202.484704	-759.738466	23.439359	-299.454720	-796.784839	-0.555266	-355.615299	-794.577499	-154.708617	-202.973813	-2.111912	-247.373810	-154.060033	-460.371610	-257.833551	172.345534	-692.077715	-280.923134	74.046064	-761.075014	-297.044433	16.624554	-774.972529	
-88.734912	-75.884229	661.665405	-54.994588	-102.118257	413.228591	94.698300	-166.744862	410.772607	110.789414	-319.515103	166.629126	-40.096237	-457.208693	65.734492	-63.080782	-507.168792	-28.440188	-196.488046	-173.448688	422.483199	-222.419933	-380.822145	232.431583	-79.891060	-555.747857	200.617788	-24.390748	-638.374931	155.463560	-43.880526	6.872887	194.346402	0.000000	0.000000	0.000000	62.571122	-240.196162	34.372643	86.563901	-374.406911	-412.409460	94.930094	-204.431033	-773.055631	30.272931	-302.717912	-808.697562	7.513305	-359.317322	-805.073858	-151.532635	-205.259747	-6.624381	-238.220569	-142.776263	-464.404201	-236.490395	174.040641	-709.275136	-270.605530	75.551821	-773.248973	-291.982019	19.650835	-786.225585	
-92.497989	-75.261716	659.974659	-53.564787	-106.266667	412.850433	97.159991	-168.449482	410.415419	123.419348	-313.081501	162.230538	-42.216736	-425.212753	53.157161	-66.981408	-464.923120	-45.346488	-192.493747	-181.299522	429.064360	-206.194830	-408.207632	261.371725	-21.661031	-523.410471	193.539692	37.188826	-590.631763	130.576096	-45.650322	3.136481	194.034717	0.000000	0.000000	0.000000	65.388003	-240.646522	24.586183	95.374463	-357.715662	-426.632228	103.042087	-203.887455	-794.471246	42.068665	-305.000339	-828.671147	21.761689	-362.327450	-822.683321	-149.443131	-206.522243	-12.365239	-230.733302	-129.895071	-468.984919	-217.057568	171.008654	-732.817521	-261.189469	73.864634	-792.583369	-287.216405	19.841771	-805.008982	
-95.344708	-75.290749	658.422912	-51.605456	-110.350713	412.648298	100.709744	-168.565144	411.325304	141.567398	-302.474023	159.129399	-36.402657	-396.996303	52.837681	-66.699636	-426.803794	-47.595271	-188.381434	-187.264360	436.537624	-192.992189	-429.213298	290.814317	15.723103	-478.948709	214.068517	84.946951	-530.311653	146.864878	-47.385626	-1.127435	193.640369	0.000000	0.000000	0.000000	66.753992	-241.191774	12.698534	102.181724	-334.689696	-443.596809	112.821624	-200.972623	-819.141733	58.042466	-306.125157	-851.597777	41.216880	-364.178171	-842.577117	-148.693382	-206.593994	-18.622161	-223.820072	-117.113339	-473.957795	-201.179414	164.495709	-757.720838	-252.800257	69.338338	-814.614643	-282.564959	17.230681	-826.826181	
-96.298795	-76.672206	657.707586	-48.550635	-113.434742	412.929904	105.489111	-166.929773	413.723013	164.079423	-289.381294	159.210714	-22.747821	-374.256396	60.228246	-60.684839	-396.232099	-39.626761	-183.542155	-190.254089	445.643115	-182.649881	-445.173738	323.942637	34.620528	-434.767194	256.039215	115.046973	-466.737194	189.286474	-48.698335	-5.508967	193.239190	0.000000	0.000000	0.000000	68.013855	-241.173675	0.440751	108.005002	-307.522099	-460.212068	124.212529	-195.507146	-842.595932	78.212798	-305.492342	-872.570722	65.786553	-364.075916	-860.397869	-148.127264	-206.382376	-24.540051	-216.339605	-105.666977	-478.615851	-190.127684	156.224091	-780.383514	-245.826205	62.427311	-835.668057	-278.115195	11.847231	-847.888679	
-94.811363	-79.698237	658.171836	-43.969967	-115.197630	413.831029	111.739261	-163.524628	416.950045	189.695069	-274.071663	162.183573	-1.585646	-357.331150	70.612413	-47.820396	-376.227048	-26.333263	-176.881747	-190.587041	456.784169	-173.810891	-457.583487	364.592531	40.541150	-400.602715	312.324028	129.270268	-413.659713	249.849387	-49.210041	-9.891668	192.934672	0.000000	0.000000	0.000000	70.917904	-240.095197	-10.759529	114.679515	-278.184360	-474.264182	137.417566	-187.632823	-861.963619	101.945530	-302.332570	-888.362657	94.376553	-361.072774	-873.298657	-146.100128	-207.158796	-29.623827	-207.726507	-95.725062	-482.134665	-184.398336	147.815674	-799.122718	-240.344261	53.633466	-853.494650	-273.507868	3.622378	-865.714847	
-90.684214	-83.947306	659.528044	-37.579976	-115.847466	415.172148	119.782924	-158.364364	419.624329	216.584673	-255.772160	165.961457	25.668098	-345.184154	79.578079	-27.072773	-366.433075	-13.481338	-167.472370	-189.073891	469.577420	-166.178015	-466.158205	414.637111	41.294591	-380.019134	376.416956	136.394038	-379.781392	322.542464	-48.775252	-14.232692	192.773614	0.000000	0.000000	0.000000	76.681931	-237.721061	-19.984966	122.904747	-248.604263	-484.686411	152.387672	-177.898217	-876.041576	127.982899	-296.340847	-898.108676	125.245192	-354.824411	-880.592890	-141.390510	-209.740674	-33.987623	-197.975556	-87.084732	-484.248657	-183.536763	140.088934	-813.674470	-235.942809	43.379335	-867.129139	-268.014116	-7.388444	-879.142918	
-84.097387	-88.524590	661.111835	-29.417891	-115.802630	416.543755	129.627382	-151.595397	420.294693	242.436301	-233.633570	167.811831	57.251366	-336.084214	83.454635	2.182439	-363.631576	-6.554960	-155.209978	-186.130443	483.060116	-161.339003	-468.364636	472.954410	42.059758	-369.917942	443.581051	142.505414	-363.031730	401.040804	-47.518109	-18.355985	192.739067	0.000000	0.000000	0.000000	85.466351	-234.011474	-26.924949	132.407773	-220.913382	-491.497192	168.676595	-167.035079	-884.955136	155.068836	-287.889367	-902.851412	156.982002	-345.799268	-883.424415	-133.678712	-214.046336	-38.101881	-187.417125	-79.739129	-485.377081	-186.517790	132.967488	-824.630387	-232.072228	32.071531	-876.604811	-261.077125	-20.618585	-888.125863	
-75.603075	-92.590002	662.324374	-19.888623	-115.450648	417.537170	140.723338	-143.629189	418.135733	264.705199	-207.492459	165.640800	91.657877	-328.091477	79.523249	39.679182	-363.217701	-9.681767	-140.910443	-181.734359	495.986297	-161.223273	-460.797161	534.808606	43.770020	-364.584614	509.382289	148.132813	-356.944463	477.815569	-45.761950	-22.037596	192.778238	0.000000	0.000000	0.000000	96.483316	-229.070026	-31.760244	143.151461	-197.070766	-495.441770	185.663538	-155.691397	-889.786700	181.969436	-277.685586	-904.448836	188.239775	-334.802191	-883.640153	-123.456549	-219.314335	-42.394438	-176.578872	-73.870081	-486.247268	-192.015889	125.788444	-832.997741	-228.322041	20.086811	-882.652247	-252.588483	-35.106545	-893.380728	
-65.816753	-95.798901	662.865437	-9.427647	-115.064244	417.923404	152.330476	-135.138491	413.240995	281.176901	-178.174011	158.780285	127.850884	-318.965713	66.181361	84.318929	-360.346402	-24.844891	-125.759281	-175.897529	507.144138	-165.974176	-442.005802	592.963592	45.240628	-359.986251	568.741674	152.108649	-356.938520	546.018120	-43.820332	-25.267217	192.833107	0.000000	0.000000	0.000000	108.571290	-223.141371	-34.799765	155.706850	-178.220568	-497.360881	202.879335	-144.042182	-891.865695	207.965492	-266.214445	-904.486146	218.230197	-322.399001	-882.747779	-111.571180	-224.706665	-46.865468	-166.011651	-69.815137	-487.349516	-198.358856	117.520506	-839.765087	-224.345029	7.458243	-886.322137	-242.817962	-50.115756	-896.030507	
-55.166626	-98.279708	662.744622	1.629550	-114.803259	417.696359	163.862062	-126.900485	406.522291	290.505047	-147.508485	148.180319	164.790102	-305.992484	43.374277	134.070858	-350.326324	-51.409740	-110.852431	-169.044868	515.674564	-173.889873	-414.057637	641.336230	45.024661	-355.228700	618.072851	152.987691	-361.357876	602.171915	-41.733337	-28.261440	192.880482	0.000000	0.000000	0.000000	120.609048	-216.628114	-36.284127	170.244263	-164.142132	-497.786016	219.831051	-131.762012	-892.146424	232.835504	-253.448842	-903.739787	246.807476	-308.601677	-881.433423	-99.026097	-229.636347	-50.976127	-156.094666	-68.019687	-488.702731	-203.811604	107.167939	-845.592222	-219.830737	-6.188028	-888.607964	-232.261760	-65.528158	-897.238464	
-44.277563	-100.211370	662.216574	12.656945	-114.586027	417.064956	174.682874	-119.641540	399.383584	292.380924	-118.140538	136.042311	200.381928	-286.489167	13.157587	184.814589	-328.892062	-86.103804	-97.182144	-162.101340	521.332623	-183.657859	-380.771032	677.861683	41.297595	-350.552736	657.675052	148.389561	-369.744597	647.215338	-39.363833	-31.050027	192.949852	0.000000	0.000000	0.000000	131.488270	-210.154317	-36.562522	185.301602	-153.333208	-497.081700	235.441598	-118.451787	-891.158749	255.755141	-239.167605	-902.395196	273.133508	-293.211992	-879.771719	-87.321501	-233.686976	-53.878918	-147.371510	-68.758592	-489.968325	-207.393782	94.469942	-850.650307	-214.827334	-21.030499	-890.158941	-221.620070	-81.407274	-897.825151	
-34.288968	-101.697844	661.722011	22.587352	-114.085534	416.448462	184.003056	-113.849423	393.307475	287.603811	-92.373767	124.961821	231.524419	-258.716996	-20.264772	230.209532	-293.128371	-123.740853	-85.652775	-156.090181	524.678593	-195.073160	-345.209892	703.722567	32.445097	-344.814930	691.038372	135.760928	-379.991223	685.131618	-36.640707	-33.322677	193.107014	0.000000	0.000000	0.000000	140.078086	-204.586836	-36.237774	198.487590	-144.167768	-495.737819	248.393258	-104.000687	-889.341024	275.522135	-223.355767	-900.725026	295.923411	-276.285820	-877.991298	-78.119983	-236.684008	-54.913875	-140.964660	-72.181212	-490.770186	-209.710031	79.775307	-854.804538	-209.961642	-36.950555	-891.294970	-211.690156	-97.773950	-898.208282	
-26.039159	-103.033623	661.783776	30.856419	-112.902683	416.400445	191.652439	-109.353104	389.518645	278.485881	-70.632913	117.187211	255.907342	-221.941181	-51.637399	264.520928	-242.206760	-158.446966	-76.578399	-151.000998	526.855662	-206.792338	-309.736290	720.874391	19.597532	-335.661436	721.930521	115.875374	-387.372820	720.218190	-33.280251	-34.884805	193.439231	0.000000	0.000000	0.000000	146.303160	-200.226274	-35.995060	208.439404	-135.009349	-494.348925	258.103468	-87.609083	-887.177321	291.978187	-205.159521	-899.243984	315.173380	-256.988794	-876.653400	-71.638986	-238.945154	-53.950479	-137.728533	-78.550855	-490.856862	-212.511344	62.906912	-857.919460	-205.762507	-54.307777	-892.149736	-202.558516	-115.129044	-898.535259	
-19.335353	-104.561277	662.753592	37.967840	-110.637591	417.341883	198.413820	-105.361726	388.708974	268.317966	-52.104654	113.971273	272.346839	-176.840014	-76.634576	284.156895	-178.306535	-185.039110	-69.360681	-145.722400	528.893314	-216.359455	-277.164244	731.156093	5.933420	-322.093724	753.355671	93.022880	-388.088593	755.910183	-28.608794	-35.717940	194.033571	0.000000	0.000000	0.000000	151.204281	-196.528610	-36.119119	215.355882	-124.254935	-493.134998	264.667646	-67.859889	-884.817780	305.624035	-182.982682	-898.253681	331.652048	-233.663958	-876.149928	-66.406105	-241.014732	-51.378141	-137.086520	-87.941709	-490.188209	-216.849380	43.171851	-860.032554	-201.721673	-73.702508	-892.714026	-193.078772	-134.026750	-898.759935	
-13.205577	-106.261627	664.529655	44.958573	-106.916647	419.246172	205.398156	-100.974859	390.708019	260.164470	-35.970610	115.065482	280.175807	-126.625420	-92.989759	288.068864	-107.596799	-200.082160	-62.949773	-139.095430	531.113913	-222.286692	-249.824367	736.410476	-7.280549	-304.909123	788.020845	69.966568	-381.848783	795.740560	-22.079026	-35.542982	194.916582	0.000000	0.000000	0.000000	155.979277	-192.711290	-36.381915	220.058859	-111.201167	-491.851269	268.351005	-44.164240	-881.981212	316.518232	-156.164242	-897.701404	345.494675	-205.619952	-876.508868	-60.703164	-243.236405	-47.841014	-137.133190	-100.000413	-489.002264	-222.045507	20.297755	-861.367634	-196.429709	-95.048881	-892.919599	-181.580382	-154.173507	-898.754237	
-6.642415	-107.599496	666.556555	52.625904	-101.398423	421.615139	213.303781	-95.361199	394.471772	255.904627	-21.204797	118.990910	279.985417	-76.782138	-100.638337	279.170881	-39.023910	-202.945834	-56.439389	-130.318389	533.250592	-224.358860	-228.380211	738.147542	-22.659523	-285.463585	827.503392	44.259075	-370.452420	843.162939	-13.932639	-33.808307	195.974848	0.000000	0.000000	0.000000	161.409535	-188.186147	-36.383462	223.291991	-96.198602	-490.157943	269.276937	-17.162491	-878.315296	324.288738	-125.422868	-897.409774	356.236076	-173.612158	-877.616214	-53.585656	-245.635438	-43.924873	-135.844539	-113.735574	-487.565774	-226.499951	-5.218257	-862.189995	-188.555973	-117.400455	-892.717862	-166.913455	-174.403696	-898.418646	
0.658620	-107.922489	668.177949	61.016575	-94.000826	423.820447	222.015183	-87.963253	398.649301	255.738798	-6.752337	123.929053	274.245728	-33.176800	-101.603590	263.830868	19.150079	-196.717204	-49.629602	-119.017025	534.841572	-223.119897	-212.252035	737.336462	-45.700386	-265.427249	870.077998	8.115139	-356.083167	898.919222	-5.243716	-30.244113	196.979842	0.000000	0.000000	0.000000	167.568484	-182.800978	-35.992021	225.296953	-80.168451	-488.027876	267.257773	11.649488	-873.820837	328.465915	-92.329307	-897.340619	363.344874	-139.228723	-879.493267	-45.109907	-247.990774	-40.040700	-132.345678	-127.666051	-486.015171	-228.892483	-32.327996	-862.747289	-177.691438	-139.422979	-892.169377	-149.107255	-193.291611	-897.771343	
8.068402	-107.079204	669.033989	69.331243	-85.291137	425.477776	230.619395	-79.061618	402.284763	258.523606	7.431058	128.525596	266.517351	-0.185541	-99.034987	248.828434	61.925935	-186.912390	-43.154260	-105.837822	535.563752	-220.035435	-200.341552	734.505766	-80.966421	-247.268399	908.813775	-48.102274	-339.934594	956.556278	2.681348	-25.292535	197.727992	0.000000	0.000000	0.000000	173.654865	-177.131017	-35.488175	225.654107	-64.542666	-485.846219	261.946515	40.057565	-868.950782	328.639702	-59.148395	-897.610912	366.404077	-104.666615	-882.230125	-36.358359	-249.979116	-36.415608	-127.349642	-140.644945	-484.464681	-228.817555	-59.524725	-863.227789	-164.676395	-159.759775	-891.430417	-129.574150	-209.640782	-896.906231	
14.495707	-105.547364	669.170278	76.471541	-76.471451	426.557270	237.982689	-69.899421	405.073601	262.823812	19.998592	132.117606	260.325282	20.135149	-95.696947	239.374000	87.782807	-178.630711	-38.066968	-92.577922	535.256803	-217.812381	-191.228402	729.564547	-126.343854	-233.088483	934.031766	-125.007373	-320.523434	999.604364	9.029190	-19.959914	198.149783	0.000000	0.000000	0.000000	178.372379	-172.412824	-35.326088	223.802153	-51.132201	-484.135147	253.436573	65.491680	-864.329998	324.870654	-28.611191	-898.286271	365.431954	-72.549560	-885.683664	-29.142383	-251.385687	-33.068763	-122.512149	-152.130994	-482.970907	-226.869715	-84.940883	-863.671192	-151.349750	-177.276964	-890.640154	-110.699150	-222.776900	-895.889110	
19.180779	-103.976104	668.844203	81.891786	-68.779240	427.232956	243.578442	-61.967676	407.192528	268.102408	29.163248	134.616961	258.407389	28.068084	-93.002324	238.831429	97.817542	-174.518985	-35.041034	-81.237506	533.842449	-219.723611	-183.354993	721.619430	-173.476594	-221.924331	941.390269	-204.136152	-297.766742	1013.877112	13.907646	-15.138996	198.294350	0.000000	0.000000	0.000000	180.812285	-169.748656	-35.820826	219.713834	-41.225085	-483.225326	242.686754	86.105282	-860.434387	318.155362	-2.834536	-899.233933	361.359910	-44.909319	-889.349367	-24.943952	-252.227071	-29.948105	-119.360383	-161.892629	-481.508259	-224.212516	-106.976151	-864.036598	-139.643717	-191.465110	-889.848921	-94.713146	-232.791371	-894.712143	
22.212829	-102.719822	668.286284	85.940184	-62.818407	427.674177	247.806365	-56.127147	409.095772	274.834283	33.970745	136.413592	262.188166	25.695121	-90.912872	248.194090	94.635908	-174.246568	-33.823572	-72.885284	531.353382	-227.567102	-175.163500	709.674556	-214.790177	-210.518010	934.424219	-265.725720	-275.216384	1006.299897	18.203177	-11.140869	198.211469	0.000000	0.000000	0.000000	181.076584	-169.208306	-37.022157	214.002396	-34.653017	-483.131102	231.000804	101.772037	-857.466129	310.022028	17.837752	-900.149715	355.700209	-22.040672	-892.544441	-23.800294	-252.648420	-27.201236	-118.396943	-169.985943	-480.191010	-221.843140	-125.053470	-864.401469	-130.579332	-202.620247	-889.116936	-82.597782	-240.431713	-893.398395	
24.340772	-101.779813	667.606693	89.424922	-58.433245	427.955670	251.525452	-52.386923	411.298817	283.718791	34.756094	138.217522	271.672729	16.036076	-88.520619	265.718137	81.515365	-175.527382	-33.572797	-67.427697	527.879329	-240.052560	-165.146810	694.050664	-245.862845	-196.718278	919.650054	-305.820927	-252.288216	992.199573	23.019816	-7.809712	197.869546	0.000000	0.000000	0.000000	180.134048	-169.822161	-38.768264	207.583046	-29.955184	-483.612290	219.308568	113.777046	-855.406603	301.646474	34.539909	-900.718323	349.615520	-2.846542	-894.730921	-24.359007	-252.801483	-25.211785	-118.984203	-176.636427	-479.333248	-220.094303	-139.698747	-865.014561	-123.994370	-211.555386	-888.635908	-73.929382	-246.646913	-892.149988	
26.324651	-101.032334	666.813189	92.899919	-55.058953	428.062971	255.295687	-50.205338	414.111361	294.899648	32.762384	140.703985	285.748614	2.255590	-84.887074	288.080180	62.127058	-176.008653	-33.587335	-64.038016	523.532485	-253.847890	-152.705898	676.565568	-265.061740	-180.734839	902.428867	-327.564682	-227.044816	979.209011	28.988362	-4.863469	197.178301	0.000000	0.000000	0.000000	179.155475	-170.380590	-40.799389	201.285792	-25.553989	-484.350886	208.058850	123.588599	-854.131993	293.538914	48.653651	-900.920013	343.550759	13.888392	-895.938325	-24.973115	-252.833111	-24.276462	-119.998490	-182.236744	-479.213467	-218.732258	-152.064722	-866.097185	-119.041500	-219.224293	-888.633523	-67.544129	-252.260299	-891.262228	
28.306329	-100.575352	665.804050	96.322551	-52.278324	427.920307	259.022556	-49.007539	417.499128	307.681692	29.248579	144.164208	302.542168	-13.128940	-79.629140	312.113775	39.875518	-174.455734	-33.677308	-61.860079	518.486877	-266.516156	-139.037961	658.577831	-273.415181	-164.238321	884.946881	-334.671722	-200.617312	967.836130	35.824381	-2.165532	196.099937	0.000000	0.000000	0.000000	178.768641	-170.279984	-42.863971	195.586170	-20.884210	-485.131423	197.325175	132.017180	-853.432378	285.723595	61.000733	-900.904370	337.499762	28.834825	-896.521674	-24.797351	-252.851377	-24.266389	-120.521441	-187.354798	-479.819288	-217.411550	-163.215702	-867.591554	-114.923418	-226.355900	-889.179520	-62.379007	-257.762093	-890.912376	
29.860158	-100.741755	664.456079	99.317230	-49.964916	427.506902	262.253632	-48.386295	421.196006	320.814460	25.172545	148.499404	319.897749	-28.415744	-72.934980	335.407346	17.418004	-170.668757	-34.085961	-60.288329	512.894798	-277.434429	-126.626644	640.081987	-273.758051	-149.026699	866.820434	-330.357662	-176.750341	956.119404	42.639479	0.243554	194.743617	0.000000	0.000000	0.000000	178.920340	-169.647844	-44.698336	190.612832	-16.278480	-485.769248	186.873718	139.221850	-852.965543	277.915812	71.802833	-900.685768	331.178033	42.105388	-896.708005	-23.914676	-252.899426	-24.648610	-120.064764	-192.595695	-480.828364	-215.913079	-173.820086	-869.155927	-111.152694	-233.345819	-890.096100	-57.753935	-263.311464	-891.044594	
30.436335	-101.832495	662.738523	101.552059	-48.186267	426.916301	264.605996	-48.225539	424.915588	333.056881	21.040640	153.400611	335.998393	-42.742287	-65.297393	356.022242	-3.658452	-165.120589	-35.082466	-59.160143	506.945405	-286.965812	-117.910968	620.518951	-269.784742	-135.961915	847.024086	-318.374318	-158.853794	942.215668	48.643819	2.258413	193.318233	0.000000	0.000000	0.000000	179.073095	-169.130839	-46.026143	186.320668	-12.678521	-486.108602	176.646190	144.875299	-852.319814	269.965827	80.711029	-900.127747	324.438183	53.244471	-896.525576	-23.097972	-252.963195	-24.772788	-118.795055	-198.325751	-481.760934	-214.322421	-183.983561	-870.356537	-107.725813	-240.260202	-891.011913	-53.593229	-268.892776	-891.337545	
29.647089	-103.883137	660.711036	102.880271	-47.095954	426.276394	265.923870	-48.699611	428.468094	343.539718	16.778948	158.482820	349.548710	-56.135181	-57.278978	372.603256	-23.088501	-158.617895	-36.758188	-58.719949	500.842206	-295.494559	-114.184233	599.710975	-265.000683	-125.034669	825.272482	-302.860868	-147.494478	925.315401	53.480017	3.813843	192.011987	0.000000	0.000000	0.000000	178.469343	-169.599685	-46.641831	182.712141	-11.336882	-486.115732	167.068121	148.483814	-851.136365	262.138984	87.035795	-899.062126	317.531343	61.418180	-895.892039	-23.476027	-252.983962	-24.198686	-117.569702	-204.533199	-482.216427	-213.153396	-193.222633	-870.898234	-105.224439	-246.893708	-891.569418	-50.522797	-274.425018	-891.413915	
27.227506	-106.716574	658.494926	103.195429	-46.849130	425.702640	266.115180	-50.130225	431.783731	351.710278	12.004211	163.424828	359.517692	-69.154428	-49.314569	384.422905	-41.509641	-151.826360	-39.126565	-59.389482	494.849342	-303.207493	-115.533843	577.945097	-261.979856	-116.219146	802.055369	-287.584330	-140.650309	905.466932	57.039663	4.896348	190.960110	0.000000	0.000000	0.000000	176.401323	-171.793563	-46.479727	179.830095	-13.191521	-485.838421	158.734442	149.716045	-849.216394	254.876242	90.147421	-897.377996	310.878105	65.831762	-894.701230	-26.075095	-252.853703	-22.862190	-117.523202	-211.053492	-482.069478	-213.246818	-200.834237	-870.747076	-104.598636	-252.959265	-891.606027	-49.568161	-279.822953	-891.100003	
22.956445	-110.096914	656.256260	102.303135	-47.515963	425.312086	265.008143	-52.737844	434.820141	357.163215	6.720794	168.032167	365.053155	-81.986616	-41.668752	390.989601	-59.350546	-145.148607	-42.343335	-61.421976	489.172076	-310.307657	-121.566628	555.305072	-262.004444	-110.181627	777.707372	-275.725554	-135.737758	883.087815	59.196301	5.549364	190.284691	0.000000	0.000000	0.000000	172.439088	-175.993605	-45.627097	177.643243	-18.537420	-485.380314	151.945617	148.563163	-846.551299	248.429804	89.849584	-895.076798	304.744739	66.214401	-892.924743	-31.410888	-252.418579	-20.875880	-119.493574	-217.812949	-481.337862	-215.293235	-206.347664	-869.961963	-106.566250	-258.227109	-891.021588	-51.475867	-284.962871	-890.303433	
16.748535	-113.765147	654.151889	99.963342	-48.971773	425.187702	262.391590	-56.465201	437.496382	359.640199	1.521079	172.196534	365.714599	-93.897978	-34.598139	391.838965	-76.037842	-138.961467	-46.688806	-64.701089	483.837619	-316.870403	-132.032471	531.421436	-265.197804	-108.305103	752.085335	-268.975865	-131.488931	858.831101	59.861078	5.985993	190.063358	0.000000	0.000000	0.000000	166.555034	-181.920471	-44.217450	176.039982	-27.201848	-484.869931	146.627134	145.306085	-843.204063	242.782557	86.457033	-892.215597	299.168856	62.950175	-890.591424	-39.310527	-251.509993	-18.302760	-123.749362	-224.940929	-479.979611	-219.425022	-209.733010	-868.505809	-111.213000	-262.651724	-889.631854	-56.323549	-289.794710	-888.811156	
8.671777	-117.481244	652.273074	95.977100	-51.002452	425.324104	258.088724	-61.133652	439.738369	359.092476	-3.076006	175.861008	361.571143	-103.832999	-28.461325	386.847960	-90.325219	-133.683916	-52.413338	-68.948952	478.730825	-322.638469	-146.719000	505.675727	-271.171459	-111.873362	724.907408	-267.676407	-128.278115	832.912459	59.157012	6.483378	190.267377	0.000000	0.000000	0.000000	159.035117	-188.978224	-42.259703	174.873598	-38.829950	-484.308415	142.600137	140.277336	-839.141414	237.834350	80.448001	-888.760986	294.106201	56.638931	-887.651031	-49.166913	-249.984776	-15.093436	-130.148878	-232.580506	-477.824848	-225.321037	-211.155912	-866.181599	-118.205766	-266.310443	-887.177749	-63.782940	-294.375583	-886.299678	
-1.151939	-121.109128	650.674698	90.224417	-53.547952	425.656180	251.973206	-66.739190	441.590766	355.689944	-7.291865	179.078739	353.067829	-111.339386	-23.585933	376.546838	-101.219471	-129.602416	-59.649851	-74.064470	473.727515	-327.065065	-165.010834	477.427784	-279.663964	-121.213055	695.969524	-272.300006	-127.621573	804.832398	57.340388	7.066862	190.801992	0.000000	0.000000	0.000000	150.240443	-196.595334	-39.609393	173.933667	-53.086321	-483.508278	139.762450	133.647941	-834.207717	233.529529	72.122236	-884.541890	289.518460	47.638410	-883.904024	-60.348635	-247.731016	-11.179050	-138.514011	-240.631297	-474.667038	-232.655318	-210.625568	-862.706714	-127.312145	-269.189336	-883.434544	-73.669440	-298.716133	-882.488246	
-12.603327	-124.589526	649.452912	82.645970	-56.798862	426.115764	243.948919	-73.518050	443.215999	349.742962	-12.108428	181.987768	340.901387	-116.813355	-20.161771	362.053467	-108.510343	-126.823951	-68.449699	-80.195030	468.739642	-329.571251	-185.532086	446.035685	-290.724099	-135.561826	664.940856	-283.781481	-131.685689	773.950938	54.582596	7.425245	191.595582	0.000000	0.000000	0.000000	140.415439	-204.367964	-36.167108	173.004944	-69.812123	-482.300581	138.120018	125.396281	-828.283491	229.852680	61.501163	-879.408232	285.361417	35.940360	-879.183598	-72.409526	-244.643023	-6.651111	-148.876778	-248.712725	-470.458769	-241.339321	-207.889301	-857.914374	-138.621442	-271.024927	-878.395385	-86.158866	-302.597992	-877.352953	
-25.515607	-127.820084	648.744566	73.245780	-61.055403	426.627141	233.976047	-81.746445	444.744881	341.617436	-18.643679	184.677424	326.041168	-121.054805	-18.238994	344.907273	-112.636689	-125.320162	-78.824265	-87.528812	463.612773	-329.719473	-206.186694	411.003538	-304.581874	-153.710038	631.321271	-302.552353	-142.339442	740.008956	50.889903	7.154999	192.619534	0.000000	0.000000	0.000000	129.707343	-211.984699	-32.082903	172.079529	-89.016115	-480.731709	137.784441	115.375481	-821.430073	226.807163	48.412373	-873.411836	281.574648	21.299018	-873.528227	-85.016035	-240.637299	-1.883945	-161.317744	-256.357371	-465.470264	-251.359261	-202.582594	-851.913685	-152.305700	-271.344391	-872.328120	-101.523587	-305.550995	-871.165304	
-39.603989	-130.554728	648.649804	62.100507	-66.511691	427.059711	222.099402	-91.526664	446.169795	331.673174	-27.570526	187.119779	309.751770	-124.847370	-17.727479	326.943579	-114.439252	-124.915556	-90.741139	-96.050106	458.059550	-327.271861	-224.603689	372.484881	-321.212804	-174.828338	594.771417	-327.859170	-160.503453	702.924299	46.195637	6.055098	193.836426	0.000000	0.000000	0.000000	118.289313	-219.162847	-27.678603	171.366940	-110.712004	-478.925327	138.953917	103.327685	-813.834062	224.423818	32.579317	-866.756371	278.101624	3.369671	-867.095232	-97.842007	-235.707126	2.584114	-175.825350	-263.210340	-460.172321	-262.613310	-194.334538	-844.960176	-168.439080	-269.593657	-865.547096	-119.968384	-306.997242	-864.194130	
-54.388012	-132.416085	649.220453	49.314902	-73.083963	427.245478	208.417554	-102.608621	447.375836	320.230972	-38.789993	189.250571	293.564833	-128.750616	-18.359002	310.154342	-114.960501	-125.259853	-104.142947	-105.373972	451.783622	-322.278135	-238.958470	331.916813	-339.849140	-199.110481	555.588446	-357.853454	-186.710947	662.679616	40.440261	4.200437	195.167115	0.000000	0.000000	0.000000	106.508933	-225.631023	-23.179914	171.096298	-134.582108	-476.766723	141.759819	89.067912	-805.624584	222.630647	13.829136	-859.571248	274.784586	-18.021093	-859.964388	-110.470659	-229.987079	6.305712	-192.312925	-269.096179	-454.946571	-274.786376	-182.861103	-837.176032	-186.882546	-265.267547	-858.119683	-141.479034	-306.327779	-856.432855	
-69.148313	-133.012681	650.525331	34.969136	-80.342772	427.068575	193.032574	-114.372395	448.246987	307.636774	-51.535718	191.106677	279.177259	-133.177467	-19.678551	296.470467	-115.394226	-125.875879	-118.958977	-114.827016	444.705179	-315.194935	-248.860395	291.988671	-358.884136	-227.977436	514.656041	-389.788889	-222.165596	619.334315	33.543257	1.822211	196.506464	0.000000	0.000000	0.000000	94.872775	-231.180607	-18.587723	171.451325	-159.905237	-473.843665	146.223838	72.607296	-796.843587	221.229717	-7.781470	-851.825140	271.305055	-42.810255	-852.089400	-122.417569	-223.764084	9.008820	-210.493799	-273.876783	-450.025647	-287.226293	-167.920539	-828.473950	-207.193517	-257.885392	-849.866050	-165.698684	-302.871101	-847.690772	
-83.047434	-132.034437	652.641023	19.085003	-87.520530	426.510614	175.999254	-125.947638	448.688663	294.327430	-64.939013	192.797865	268.209816	-138.727535	-21.162074	287.462280	-117.130294	-126.309936	-135.119566	-123.643892	437.004917	-306.857854	-255.555544	255.618295	-376.043735	-263.527704	472.586865	-420.189480	-268.817807	572.434701	25.433156	-0.747047	197.726724	0.000000	0.000000	0.000000	83.736322	-235.777410	-13.713553	172.463553	-185.941177	-469.615137	152.405876	54.061964	-787.457292	220.019812	-32.053579	-843.347145	267.229663	-70.858921	-843.327601	-133.386362	-217.337188	10.498113	-229.869939	-277.283362	-445.658354	-298.818744	-149.160827	-818.711162	-228.551667	-246.823187	-840.646136	-191.867422	-295.786419	-837.974976	
-95.366646	-129.317325	655.564200	1.584676	-93.620813	425.621414	157.301302	-136.235843	448.575331	280.695907	-78.502608	194.322789	261.800864	-146.294307	-22.363607	284.081478	-121.586271	-126.220520	-152.631945	-131.026578	429.102711	-298.369669	-261.322683	225.192754	-388.347765	-307.776423	429.328969	-445.259816	-328.766268	520.251282	16.037967	-3.043940	198.687642	0.000000	0.000000	0.000000	73.047236	-239.555260	-8.258266	173.836064	-212.338149	-463.563951	160.321395	33.408184	-777.337033	218.730563	-58.813973	-833.858264	261.986749	-101.980734	-833.460631	-143.435390	-210.830120	10.702099	-249.822892	-278.929496	-442.095340	-308.024688	-126.494589	-807.764411	-249.568968	-231.480590	-830.511065	-218.546625	-284.203801	-827.657234	
-105.714968	-124.842122	659.082128	-17.642418	-97.588158	424.459171	136.936493	-143.989748	447.758170	266.939490	-92.360826	195.493656	260.113014	-156.909591	-22.892670	286.465743	-130.043739	-125.249550	-171.569658	-136.220799	421.630618	-291.178905	-268.412413	202.507741	-391.819081	-362.060495	384.241596	-460.165977	-403.746898	458.655088	5.197513	-4.496561	199.238620	0.000000	0.000000	0.000000	62.363127	-242.688903	-1.938260	174.804586	-239.284827	-455.312009	169.595849	10.266487	-766.317578	216.838120	-87.993423	-823.101066	254.808745	-135.870458	-822.297238	-152.904220	-204.110339	9.841454	-269.709537	-278.284711	-439.420193	-313.376414	-100.623330	-795.604635	-268.366584	-211.777684	-819.591437	-243.661019	-267.761753	-817.206894	
-114.062991	-118.683449	662.621196	-38.404496	-98.572575	422.998933	115.220537	-148.127213	446.113383	252.976415	-107.286026	195.995360	261.962671	-171.668364	-22.361900	293.714113	-143.747343	-122.887686	-191.775028	-138.715745	415.247634	-286.920819	-278.179107	188.767881	-380.818005	-425.093825	335.481841	-455.005393	-491.977474	379.857861	-7.223880	-4.538576	199.174491	0.000000	0.000000	0.000000	51.190801	-245.238137	5.345830	174.151815	-267.318260	-444.760249	179.230592	-16.068428	-754.397425	213.523502	-119.637096	-811.043111	244.825204	-172.110627	-809.878200	-162.124893	-196.931396	8.433847	-288.805399	-274.692348	-437.533226	-313.958194	-72.800939	-782.417141	-283.232257	-188.376649	-808.004519	-265.274446	-246.912405	-806.842917	
-120.670154	-110.945540	665.318137	-59.876072	-96.191676	421.117630	93.030152	-148.211211	443.573037	238.277884	-124.235425	195.516657	264.449987	-191.733386	-20.503661	303.307683	-164.096179	-118.582382	-212.468593	-138.532320	410.307016	-286.678709	-290.588352	184.104338	-348.457739	-487.441587	280.839839	-411.859616	-576.466592	279.756936	-21.010569	-2.804007	198.227028	0.000000	0.000000	0.000000	39.344931	-247.110487	13.386694	170.344272	-296.844700	-432.223120	187.805983	-46.368787	-742.036546	207.773779	-153.881282	-798.193087	231.134265	-210.334148	-796.783571	-171.200962	-189.152823	7.001827	-306.435994	-267.359377	-436.367734	-309.393724	-44.016545	-768.703333	-293.314953	-162.136601	-796.010247	-282.523450	-222.415260	-796.552198	
-125.962729	-101.792341	666.443588	-80.569886	-90.656048	418.728112	71.753769	-144.730947	440.268770	222.010255	-143.434859	194.047287	263.061413	-217.990472	-17.286559	310.517603	-192.524089	-112.115587	-232.115473	-136.313213	406.751666	-289.393477	-304.488385	187.133426	-294.435412	-529.115694	225.117011	-327.062560	-623.764999	181.260419	-35.259211	0.700352	196.213044	0.000000	0.000000	0.000000	27.043768	-248.182176	21.565296	161.740852	-327.689806	-418.591106	193.907632	-81.114384	-730.349527	198.445332	-190.775094	-785.713273	212.747062	-250.170157	-784.192732	-180.005284	-180.839657	5.718524	-322.100661	-255.309734	-436.146227	-299.424840	-14.799359	-755.486619	-298.328112	-133.634699	-784.357036	-295.225397	-194.755365	-786.571618	
-130.274891	-91.673194	665.919373	-98.504720	-82.848659	415.998849	53.194410	-138.964131	436.711606	203.939293	-163.468290	192.009263	253.259292	-249.830342	-12.966016	309.270154	-229.253859	-104.248889	-248.628344	-133.073835	404.405484	-291.029622	-318.731827	195.769266	-232.633251	-538.683199	184.070559	-234.062252	-626.236794	118.658417	-48.354175	5.543164	193.324618	0.000000	0.000000	0.000000	15.086804	-248.452681	28.887257	147.584324	-358.679495	-405.275020	196.290870	-119.964077	-720.980698	184.632968	-229.679726	-775.181955	189.093343	-290.608440	-773.625669	-188.086067	-172.458056	4.408585	-334.806949	-238.390464	-437.300875	-283.651438	13.840411	-744.058791	-297.901805	-103.817273	-774.227291	-303.043057	-164.740245	-777.723857	
-133.567573	-81.547343	664.530821	-111.638897	-74.493073	413.499240	39.346639	-132.675651	433.716712	185.713809	-181.465588	189.995758	233.255774	-283.821661	-7.915150	295.023478	-271.223597	-96.905097	-260.017903	-129.970342	403.498229	-287.030177	-333.031032	208.992386	-175.454898	-527.713999	169.304838	-155.733444	-608.338562	98.191081	-58.536249	10.712774	190.268245	0.000000	0.000000	0.000000	5.159212	-248.169194	34.296558	129.652119	-387.638886	-393.783045	194.467023	-161.050899	-715.472905	166.887915	-268.693132	-768.044276	161.508439	-329.544817	-766.383332	-194.476393	-165.252874	2.829365	-342.689115	-218.896822	-440.043825	-262.193689	39.362626	-735.272996	-291.615246	-75.153957	-766.527849	-305.250915	-134.695481	-770.903056	
-135.477930	-72.751897	663.442340	-118.813302	-67.905133	411.954202	31.579730	-127.702147	431.875145	170.862625	-194.894377	188.381430	205.604850	-314.968905	-2.093809	267.503457	-312.519316	-91.847545	-265.500915	-128.096493	404.617923	-276.626820	-347.181275	226.646289	-123.903352	-509.711264	179.900735	-87.182083	-585.501849	110.231818	-64.889416	14.662018	187.929907	0.000000	0.000000	0.000000	-0.609028	-247.807900	37.171145	112.425931	-412.292097	-385.168140	189.453524	-201.113409	-714.558129	148.019860	-305.284751	-764.984210	134.029159	-364.737322	-762.916111	-198.046108	-160.979129	1.021987	-344.274498	-200.852921	-443.959682	-236.679426	58.737635	-729.220550	-279.922547	-51.044423	-761.383789	-301.601329	-108.099988	-766.379783	
-135.620919	-66.599366	663.357509	-120.185624	-64.969225	411.749523	30.077299	-125.262994	431.148133	162.823602	-203.104340	187.175074	175.470220	-339.720314	5.290852	230.596905	-347.750841	-88.462710	-265.723742	-128.217597	408.231485	-263.400845	-361.020530	248.252648	-78.676122	-488.622121	209.262748	-24.369507	-557.488803	144.035499	-67.732132	16.043926	186.810631	0.000000	0.000000	0.000000	-0.741555	-247.765200	37.452314	101.008566	-431.299968	-379.877685	183.532147	-236.724868	-718.046048	132.208409	-337.687412	-765.833549	112.125858	-395.324321	-762.783479	-198.088855	-160.928264	-0.696047	-339.744202	-187.330975	-448.153314	-209.977191	70.595498	-725.591914	-264.634932	-33.751909	-758.465793	-293.189083	-87.646377	-763.971577	
-133.772416	-63.797553	664.238991	-116.713577	-66.191309	412.741972	34.094486	-125.473552	430.993943	162.916456	-207.109252	186.158851	147.134121	-357.327304	15.597466	189.960234	-374.766145	-83.169847	-261.756961	-130.646084	414.182685	-251.835429	-374.875722	272.587216	-44.164867	-465.784526	249.475985	27.455233	-524.119219	191.046136	-67.992294	14.482224	186.843716	0.000000	0.000000	0.000000	4.574715	-248.024908	35.405328	98.375781	-444.437127	-377.905724	178.827127	-265.571230	-725.126152	122.971646	-365.524107	-769.856391	100.265033	-422.062312	-765.116549	-194.704167	-164.995959	-2.050814	-330.727015	-178.561937	-451.823086	-184.682073	76.179297	-724.064703	-248.050215	-22.960799	-757.415290	-281.999424	-73.573570	-763.420754	
-129.794910	-64.256221	665.665658	-109.538509	-70.727250	414.477903	42.397473	-127.632777	430.842778	170.140412	-208.402987	185.156750	122.596702	-368.750463	30.450532	150.401952	-394.399429	-71.834217	-254.388606	-135.219673	421.775421	-245.151448	-389.229374	298.529420	-23.918901	-443.610122	293.580044	62.115405	-489.484164	244.182749	-66.438177	10.571316	187.663201	0.000000	0.000000	0.000000	13.631897	-248.223582	31.464975	104.644987	-451.966145	-378.910477	176.208418	-286.791159	-734.752229	121.843086	-389.042730	-775.986117	100.358108	-445.831790	-769.056220	-188.766059	-171.743835	-3.002586	-319.330886	-172.607633	-454.592474	-162.216827	78.182791	-724.327631	-231.963613	-16.498524	-757.904055	-269.937023	-64.097292	-764.434319	
-123.681058	-67.311644	667.263910	-99.739625	-77.184129	416.511390	53.572224	-130.943497	430.511315	182.225191	-208.308680	184.205099	102.443244	-375.367253	51.419535	113.948075	-408.454341	-51.857057	-244.332672	-141.232296	430.104029	-245.154626	-403.499507	325.170409	-18.542122	-424.126633	337.290490	77.711175	-457.032660	297.304010	-63.410538	5.271611	188.930079	0.000000	0.000000	0.000000	24.121441	-248.049389	26.085949	118.072767	-454.393851	-382.322593	175.253209	-301.042651	-745.972507	127.531651	-408.069186	-783.109823	110.423202	-466.008761	-773.893982	-181.605225	-179.284765	-3.755101	-307.425048	-167.226855	-456.530239	-143.009069	79.077210	-726.047238	-217.449935	-11.953659	-759.640097	-258.406290	-56.934822	-766.678492	
-115.572125	-72.172978	668.806433	-88.193308	-84.550109	418.517218	66.416328	-135.069200	430.104826	196.807004	-208.105560	183.391082	87.200386	-378.506203	79.200191	80.620793	-418.125409	-22.191123	-232.389852	-147.916061	438.168927	-252.035276	-415.772947	350.632784	-26.005430	-407.724927	378.405792	76.440503	-427.683079	345.956982	-58.985884	-0.675111	190.429700	0.000000	0.000000	0.000000	34.260992	-247.451679	19.613027	136.285339	-452.530742	-387.493883	175.092490	-310.086335	-757.940977	136.559716	-422.172737	-790.545737	125.286755	-481.161099	-779.235630	-174.421725	-186.262129	-4.589828	-296.082554	-161.335204	-457.975578	-126.954529	80.225832	-728.866139	-204.961976	-7.810991	-762.345953	-248.179292	-50.548831	-769.829779	
-105.872916	-78.146822	670.056574	-75.644684	-92.429741	420.197140	79.996906	-140.150651	429.631169	211.751697	-209.215739	182.498819	77.403247	-379.507053	112.805967	49.841805	-423.945596	17.104587	-219.445142	-154.907964	444.935305	-264.176883	-423.947725	371.365555	-42.531980	-393.860026	414.884163	62.975730	-401.611357	387.416686	-53.315447	-6.827664	191.974236	0.000000	0.000000	0.000000	43.046473	-246.544153	12.401683	156.386731	-447.494276	-393.770030	174.885403	-315.529637	-769.629826	145.914630	-431.626809	-797.796250	140.612690	-491.083583	-784.704019	-168.005992	-192.039745	-5.684028	-285.711878	-155.010588	-459.286842	-113.848583	82.086631	-732.390552	-194.685854	-3.429961	-765.689050	-239.674586	-44.230468	-773.537590	
-95.246278	-84.730813	670.714162	-62.785210	-100.799755	421.243617	93.566985	-146.483551	428.831261	225.105295	-212.881408	180.854029	73.076410	-379.641980	149.487461	21.681504	-425.872810	65.140291	-206.373627	-162.277122	449.474392	-278.786087	-427.127368	383.092069	-63.824075	-382.676841	444.256488	42.865580	-380.027031	420.661611	-46.765091	-12.898918	193.364695	0.000000	0.000000	0.000000	50.069967	-245.477684	4.952270	175.560410	-440.417713	-400.575731	174.030471	-318.228548	-780.174099	154.064581	-437.069287	-804.452659	154.279476	-496.439817	-789.970981	-162.703435	-196.508270	-7.048221	-276.340477	-148.962942	-460.708239	-103.554683	84.708958	-736.171906	-186.702394	1.357793	-769.271504	-233.131379	-37.737060	-777.408380	
-84.414664	-91.695935	670.531047	-50.276976	-109.758760	421.420956	106.478071	-154.296827	427.320636	235.191009	-219.667857	177.594150	73.556160	-380.037318	185.439089	-1.839530	-423.833793	119.936952	-193.955554	-170.301858	451.171194	-293.254342	-425.685537	382.507107	-86.590754	-375.618819	464.416123	20.667218	-365.277113	446.107685	-39.804201	-18.751044	194.440955	0.000000	0.000000	0.000000	55.321794	-244.386595	-2.347572	191.885987	-432.279219	-407.624032	172.184676	-318.894216	-789.439633	159.843216	-439.347626	-810.649797	164.598420	-498.282819	-795.201299	-158.550388	-199.813139	-8.606348	-267.900315	-143.861107	-462.361029	-95.936108	88.029226	-739.836981	-180.980397	6.543390	-772.762186	-228.612981	-31.027815	-781.117332	
-73.929758	-98.984610	669.416844	-38.644346	-119.378949	420.646880	118.257903	-163.591290	424.835423	240.996154	-228.861908	172.092909	77.993816	-381.635949	216.770217	-16.606023	-418.831235	177.266389	-182.780388	-179.113400	449.813188	-305.658245	-420.031089	368.231761	-109.080681	-374.471191	474.095631	-1.218193	-359.693853	464.413882	-32.793582	-24.436184	195.117182	0.000000	0.000000	0.000000	59.087295	-243.334325	-9.376452	204.479165	-423.917008	-414.905149	169.423302	-318.150155	-797.804500	162.430532	-439.387126	-816.880786	170.261941	-497.826819	-800.815411	-155.390160	-202.200623	-10.314629	-260.439053	-139.786334	-464.242523	-90.856849	92.020276	-743.250213	-177.411853	12.092479	-776.057536	-226.037388	-24.152897	-784.548536	
-64.039191	-106.596482	667.414894	-28.136434	-129.668922	418.967437	128.725984	-174.157319	421.324339	242.512636	-238.423914	164.174359	85.661373	-385.193253	240.083341	-19.050035	-413.904788	229.868641	-173.140480	-188.560263	445.419537	-314.455401	-409.685150	340.874298	-130.667633	-380.316888	472.347348	-22.502909	-364.871535	475.220677	-25.895141	-30.145673	195.355934	0.000000	0.000000	0.000000	61.858320	-242.281415	-16.250669	213.124058	-416.186280	-422.548836	166.217383	-316.269402	-805.750916	161.927351	-437.817927	-823.604718	171.239240	-495.928920	-807.141841	-152.916195	-203.967076	-12.314813	-254.025041	-136.224536	-466.373505	-88.119141	96.768235	-746.600771	-175.797506	18.061721	-779.377756	-225.200677	-17.105607	-787.913142	
-54.814159	-114.580442	664.589312	-18.833142	-140.594187	416.443919	137.869423	-185.701587	416.912425	240.640903	-245.686197	154.150976	95.548066	-391.139155	252.625527	-9.925486	-413.369146	269.188388	-165.099212	-198.291460	438.154246	-318.303186	-393.288615	302.874973	-151.157660	-392.934202	457.755085	-44.081913	-381.448119	476.444028	-19.211726	-36.040417	195.128826	0.000000	0.000000	0.000000	64.060121	-241.140564	-23.202354	217.814211	-409.864938	-430.748904	163.026187	-313.259674	-813.754320	158.912003	-434.876348	-831.180295	168.272332	-492.901713	-814.445115	-150.852262	-205.322593	-14.960389	-248.728040	-132.290937	-468.907584	-87.476698	102.484582	-750.361275	-175.922928	24.671378	-783.208068	-225.893459	-9.693970	-791.707234	
-46.447680	-123.070176	660.948031	-10.902364	-152.119510	413.076791	145.600300	-197.898967	411.754743	236.795381	-248.193651	142.761040	106.151953	-399.268127	252.371847	5.575861	-420.380890	288.866670	-158.725797	-207.879971	428.343773	-316.380125	-369.291403	258.381152	-170.331009	-410.512275	428.369673	-67.043303	-408.868255	464.081986	-13.030535	-42.143516	194.415509	0.000000	0.000000	0.000000	65.770292	-239.879495	-30.379539	218.432033	-405.260251	-439.703402	159.959105	-309.011363	-822.253427	153.746815	-430.510916	-839.873666	161.964460	-488.650577	-822.936279	-149.141186	-206.274226	-18.585899	-244.604431	-127.018645	-472.002560	-88.795484	109.438841	-755.108809	-177.714790	32.226667	-788.096368	-228.061413	-1.607973	-796.504798	
-39.375339	-132.353922	656.463142	-4.619745	-164.231094	408.827565	151.739516	-210.424612	405.906777	232.574150	-244.444794	131.112128	116.097290	-408.528101	237.955661	21.778498	-435.143896	285.796398	-154.101364	-217.039873	416.609285	-308.866760	-337.165628	213.106693	-187.888256	-429.851765	382.514730	-91.849481	-444.719681	432.533939	-7.823480	-48.364104	193.243286	0.000000	0.000000	0.000000	66.762977	-238.558207	-37.729390	214.740918	-402.100636	-449.504606	156.716945	-303.327313	-831.479085	146.493156	-424.461534	-849.732342	152.611624	-482.811255	-832.629727	-147.919871	-206.680394	-23.248910	-241.601470	-119.705841	-475.621027	-92.195754	117.827844	-761.266610	-181.314244	40.900947	-794.382905	-231.863047	7.346151	-802.699225	
-34.066054	-142.942489	651.098836	-0.086313	-176.963648	403.640916	156.283128	-223.009261	399.283139	229.607776	-234.438692	120.542087	125.264417	-416.915393	208.408171	35.948220	-454.811399	258.204564	-151.097285	-225.847913	403.943734	-297.234182	-298.838565	173.482887	-203.809946	-446.875392	319.368499	-117.741586	-483.979093	375.599942	-3.959538	-54.580160	191.699215	0.000000	0.000000	0.000000	66.943591	-237.218351	-45.131247	206.736526	-399.926826	-460.084633	152.910275	-296.092221	-841.330699	137.245220	-416.504299	-860.481262	140.519236	-475.045497	-843.252389	-147.266858	-206.461064	-28.703428	-239.504899	-110.223656	-479.493680	-98.110413	127.606190	-768.945374	-187.072909	50.504817	-802.075338	-237.622369	16.938490	-810.340977	
-30.838555	-155.469144	644.886934	2.831487	-190.271350	397.495303	159.395693	-235.499527	391.781119	229.030974	-219.839721	112.300515	135.161955	-421.097286	163.189918	48.868231	-473.558485	204.352850	-149.416366	-234.744641	391.429448	-284.436135	-258.986566	144.492571	-219.412151	-456.167419	238.392490	-143.633607	-517.787352	287.453864	-1.536044	-60.682096	189.890981	0.000000	0.000000	0.000000	66.495296	-235.831330	-52.466937	194.664641	-398.250458	-471.268885	148.137167	-287.254625	-851.456434	126.179850	-406.501103	-871.689087	126.082555	-465.138680	-854.477166	-147.127939	-205.660282	-34.565929	-238.121599	-98.927866	-483.241415	-107.229596	138.460243	-777.947860	-195.524357	60.523458	-810.908966	-245.795547	26.540496	-819.169280	
-29.794929	-170.424711	637.979403	4.326709	-203.898480	390.466363	161.191782	-247.880569	383.429647	230.942885	-203.574655	107.068507	148.645212	-415.985843	103.285393	64.314046	-482.073885	123.627376	-148.813383	-244.224460	379.695841	-274.245602	-223.282987	127.457773	-237.774064	-447.847418	140.351373	-169.858551	-529.962389	164.662626	-0.396729	-66.547289	187.921691	0.000000	0.000000	0.000000	65.620595	-234.395841	-59.526021	179.186180	-396.423513	-482.671761	142.032414	-276.720667	-861.245769	113.698517	-394.364505	-882.886569	110.075971	-453.009604	-866.086135	-147.456219	-204.351611	-40.431028	-237.528566	-86.381101	-486.470576	-120.352407	149.893421	-787.770787	-207.294249	70.322931	-820.423430	-256.897235	35.375998	-828.701271	
-30.740540	-187.761192	630.586066	4.595222	-217.391896	382.753684	161.731887	-260.163083	374.429939	234.637159	-188.785537	104.626720	169.060099	-394.965009	33.244609	88.382807	-467.141426	20.019235	-149.119650	-254.379205	368.691185	-269.430133	-195.279877	120.037837	-262.153297	-406.584815	35.050352	-199.252147	-493.427792	13.880442	-0.216118	-72.006455	185.898587	0.000000	0.000000	0.000000	64.346326	-232.995053	-66.058123	162.028097	-393.805041	-493.610278	134.599289	-264.444436	-869.829560	101.006059	-380.290093	-893.546330	94.385178	-438.988833	-877.885969	-148.300988	-202.580166	-45.887673	-238.128553	-73.192305	-488.799783	-138.232721	161.298527	-797.624315	-222.924298	79.237681	-830.026420	-271.324418	42.652703	-838.347162	
-33.014698	-206.554036	623.049756	4.083312	-230.044992	374.817209	161.374454	-271.973715	365.221924	239.535944	-177.276240	104.210661	198.653539	-351.528306	-36.752377	127.892556	-412.981807	-92.515461	-149.948285	-264.610674	358.277630	-270.075732	-174.340274	119.077963	-292.871610	-324.827371	-50.508544	-239.575919	-377.971565	-129.765634	-0.555548	-76.912044	183.922510	0.000000	0.000000	0.000000	62.745980	-231.660577	-72.021797	146.359828	-389.680747	-503.578023	126.588998	-250.328413	-876.696629	90.376834	-364.706925	-903.481731	82.199033	-423.735324	-889.939328	-149.603956	-200.476518	-50.649850	-240.477969	-60.128342	-489.996695	-161.602207	171.850411	-806.701907	-242.759711	86.359859	-839.280534	-289.189653	47.333562	-847.734858	
-35.187337	-225.048675	616.019379	3.982835	-240.898833	367.499853	161.375841	-282.113445	356.573369	246.092570	-168.043097	105.545998	236.110290	-283.345447	-90.697355	186.659730	-307.712571	-184.793352	-150.203202	-273.854612	349.206152	-273.968192	-156.652232	123.947059	-326.140440	-221.709584	-88.117081	-296.203827	-206.670296	-192.155734	-0.818043	-81.195654	182.071023	0.000000	0.000000	0.000000	61.519787	-230.205342	-77.534742	136.332669	-382.699680	-512.679471	119.524067	-233.754715	-882.220161	84.612542	-347.533560	-912.989732	77.104470	-407.255470	-902.428128	-150.697351	-198.596776	-54.655414	-244.927262	-48.699474	-490.123977	-191.366444	179.901828	-814.485508	-266.930928	89.843927	-848.191965	-310.197503	47.407602	-856.991325	
-34.917866	-241.044022	610.279294	6.542595	-249.037902	361.754421	164.272913	-288.517463	349.380986	255.713122	-156.740346	109.636977	274.908490	-197.629521	-113.668519	257.161602	-162.802884	-215.478757	-147.820754	-281.125690	343.413020	-278.483597	-139.313509	136.985414	-358.794326	-129.915576	-76.057932	-350.421433	-69.030415	-166.442190	-0.170428	-84.727315	180.456405	0.000000	0.000000	0.000000	62.352764	-228.202095	-82.624189	135.697428	-370.699390	-521.392359	115.199899	-213.618210	-887.360674	85.996827	-327.797633	-922.309875	81.630760	-388.306400	-914.944303	-150.005409	-198.194836	-57.920373	-251.285000	-41.846422	-489.520842	-228.221380	181.909754	-820.789559	-295.002726	86.106247	-857.100462	-333.275398	39.253954	-866.604786	
-30.284629	-252.448416	606.525890	13.644254	-253.703152	358.299857	172.225717	-289.115715	344.571749	268.711701	-137.939660	118.651486	306.776958	-109.201114	-104.128368	313.031692	-27.145650	-175.689184	-141.085880	-285.684081	343.137978	-282.581531	-123.420263	160.257514	-391.937340	-68.442421	-31.951606	-396.990699	10.314172	-107.570948	2.095926	-87.194020	179.265364	0.000000	0.000000	0.000000	66.753476	-225.307180	-87.014184	144.832596	-351.450182	-529.952125	113.990698	-189.162371	-892.910658	94.540406	-304.313762	-931.290989	95.495618	-365.228501	-926.483986	-146.096448	-200.388447	-60.314869	-258.729548	-42.976443	-488.703235	-270.685895	172.902239	-825.736112	-324.809854	71.058169	-866.416875	-355.807765	19.339096	-877.118927	
-22.739117	-257.771775	605.396957	23.719394	-254.113317	357.655747	183.491240	-283.424153	343.358098	282.232185	-110.628140	134.562807	328.411495	-31.012421	-73.846742	340.789838	70.886819	-110.677336	-131.443634	-286.477383	349.224913	-287.924816	-111.588128	191.988728	-427.289741	-38.865639	27.020673	-442.345995	43.727466	-42.965830	5.546032	-88.014198	178.790390	0.000000	0.000000	0.000000	73.682346	-221.916685	-90.081724	158.025692	-324.699606	-537.881118	113.313990	-161.488126	-898.977130	106.036012	-277.254003	-939.677245	113.527410	-337.820265	-936.478511	-139.773568	-204.511103	-61.450336	-265.896203	-52.599243	-488.061652	-312.957953	150.998714	-829.632702	-351.635286	44.803728	-876.357756	-373.671134	-10.946327	-888.872538	
-17.343903	-256.743610	607.232971	31.692475	-250.159515	360.049704	192.559315	-273.407539	346.935605	292.705620	-80.769101	157.028103	343.885391	29.266433	-35.789282	353.040236	136.757661	-51.757873	-123.701587	-282.513072	360.149148	-297.305642	-103.629400	227.265388	-463.951775	-32.250106	89.208644	-488.514671	47.578283	18.706766	8.310824	-86.800611	179.275891	0.000000	0.000000	0.000000	79.633379	-219.427857	-91.108510	166.388416	-293.699515	-544.054103	109.638308	-133.670323	-904.883060	114.226313	-249.063576	-947.008516	127.977387	-308.562869	-944.691818	-134.239896	-208.350734	-60.886841	-271.661932	-66.627616	-487.514417	-347.125060	121.537857	-832.821223	-370.577715	14.332654	-886.798619	-383.882364	-43.520629	-901.840262	
-18.128655	-250.509054	611.811013	33.701971	-242.593760	365.237660	195.342492	-261.847911	355.635030	300.022691	-55.688748	183.170062	360.901592	68.429770	2.078692	366.269315	177.034172	-6.254524	-121.694085	-273.928525	373.254836	-311.794902	-97.435486	261.416934	-500.051330	-37.905064	147.657328	-535.359135	36.797348	76.107828	8.784622	-83.714752	180.715057	0.000000	0.000000	0.000000	82.077158	-219.091624	-89.738623	165.298133	-263.017472	-547.283391	102.207596	-108.554308	-909.482464	116.301566	-222.829351	-952.538024	134.959798	-280.996131	-950.771337	-132.048047	-210.427442	-58.490941	-275.902979	-79.995174	-486.596686	-368.755090	93.150794	-835.504523	-380.034082	-11.874400	-897.140833	-386.716301	-70.016096	-915.172976	
-24.824233	-240.773230	618.296142	30.099570	-232.238063	372.414034	192.133281	-250.136969	368.502975	306.907399	-38.485876	209.649499	384.947982	87.285505	36.453199	390.628394	195.783243	27.011534	-125.234303	-261.717574	386.429135	-330.079414	-91.954753	291.482334	-534.278590	-50.286138	199.330151	-582.634271	19.102165	130.095666	7.017446	-79.123710	182.848174	0.000000	0.000000	0.000000	81.447665	-220.741877	-86.198154	156.699635	-235.326744	-546.987530	93.207376	-87.119702	-911.721486	114.137772	-200.031518	-955.585446	136.228858	-256.997263	-954.355441	-132.869848	-210.944190	-54.641902	-278.798803	-90.798520	-485.049970	-378.473314	70.613957	-837.681113	-381.481080	-30.548169	-906.337645	-384.202358	-88.053221	-927.218992	
-34.366993	-229.250983	625.710529	23.684992	-219.727915	380.584515	185.659440	-238.273222	383.892162	315.766052	-28.713512	234.357191	416.666339	88.993622	67.414404	427.746165	196.394840	52.072079	-131.621051	-247.062387	398.665905	-349.802077	-87.771339	316.087267	-565.235962	-69.238092	244.182037	-628.132574	-5.664446	181.342321	4.216856	-73.494219	185.267587	0.000000	0.000000	0.000000	79.964581	-223.188984	-81.136696	145.602972	-211.438446	-543.474183	85.343723	-69.042549	-911.060478	111.232255	-180.530512	-955.909386	135.763766	-236.498982	-955.309056	-134.544256	-211.011184	-50.096995	-280.006913	-100.294486	-483.183332	-379.340411	53.472656	-839.310053	-377.237199	-43.683806	-913.557882	-378.091808	-100.399496	-936.641796	
-43.729792	-217.488608	633.265355	16.995737	-205.834873	388.880239	178.424405	-225.974051	400.095820	327.097304	-24.722355	256.576364	453.068773	77.442203	96.578479	473.081496	182.054560	73.149501	-138.309711	-231.158573	409.689006	-368.881848	-86.134109	334.854360	-590.730462	-96.264754	283.803752	-667.714449	-40.695847	229.655949	1.599815	-67.388601	187.615239	0.000000	0.000000	0.000000	79.702548	-225.316769	-75.303899	136.515438	-191.606262	-537.730459	80.173631	-53.643304	-907.621356	110.090578	-163.578077	-953.779004	136.648253	-218.617276	-953.818376	-135.081752	-211.663195	-45.707742	-278.940490	-110.684151	-481.699993	-374.389050	39.019600	-840.609562	-369.309744	-54.886704	-918.791073	-369.597489	-111.074575	-943.144867	
-51.362341	-206.543981	640.387712	11.155490	-191.463508	396.642795	171.641153	-213.243796	415.631249	339.709958	-24.862285	276.099916	490.062719	55.943535	125.201943	520.889534	155.497059	93.077583	-144.165693	-215.022547	419.322715	-386.118256	-87.983175	347.797999	-608.101285	-131.234995	319.897877	-697.168424	-87.210230	274.342558	-0.237977	-61.191932	189.733370	0.000000	0.000000	0.000000	81.502500	-226.634858	-69.172275	131.889129	-175.902981	-530.788880	77.966405	-40.178235	-901.866482	111.537672	-148.392613	-949.551122	140.002826	-202.467288	-950.089251	-133.702195	-213.284214	-42.085062	-275.270852	-123.405064	-481.244943	-365.513452	25.207120	-841.950378	-359.189723	-66.849685	-922.213053	-359.789812	-123.030725	-946.576911	
-57.173947	-196.815985	646.707473	6.068528	-177.403053	403.456549	165.402697	-200.398694	429.426026	351.774067	-28.055432	292.432516	524.098574	26.258480	153.652133	567.180717	117.970980	113.329464	-149.326926	-199.347976	427.221024	-401.121391	-93.623330	354.987537	-615.318467	-171.356722	353.334000	-713.625979	-142.307923	315.410094	-1.339318	-55.016607	191.610647	0.000000	0.000000	0.000000	84.906904	-227.265933	-62.704333	132.080348	-164.314596	-523.154353	78.287790	-28.057932	-894.055870	115.217575	-134.481138	-943.264597	145.462600	-187.577575	-944.059538	-130.796721	-215.580622	-39.430931	-269.223073	-138.651076	-482.038361	-353.794003	11.655080	-843.415638	-348.106124	-80.682717	-923.402645	-349.712704	-137.491616	-946.215687	
-61.830014	-188.182379	652.058464	1.127869	-164.144338	409.147036	159.306179	-187.915222	440.851262	361.627628	-33.868028	304.692521	552.167986	-11.057486	181.892754	608.865003	69.303787	134.768607	-154.459681	-184.594839	432.987509	-413.892939	-103.091423	356.519166	-611.983636	-212.310832	384.029135	-716.375353	-200.424784	353.904167	-2.117986	-48.810087	193.277910	0.000000	0.000000	0.000000	88.832217	-227.618710	-55.582193	136.153630	-156.870859	-514.883675	80.571940	-17.016692	-884.178870	120.423559	-121.704775	-934.809496	152.235464	-173.878194	-935.559270	-127.331205	-217.967220	-37.611710	-261.651769	-155.700665	-483.775592	-340.330495	-1.087484	-844.666353	-336.920078	-96.044871	-921.659895	-339.848484	-153.894807	-941.536422	
-66.102665	-180.372127	656.414528	-4.270251	-151.978582	413.684136	152.899039	-176.390581	449.634925	368.083719	-42.367195	312.023169	571.241772	-55.423134	209.738862	642.181548	9.272080	158.016056	-160.173693	-171.246179	436.420741	-424.391957	-116.616905	352.753655	-599.411030	-250.281983	411.299133	-706.649405	-256.137110	390.999610	-3.099032	-42.558875	194.736743	0.000000	0.000000	0.000000	92.209793	-228.074971	-47.644326	142.696536	-153.575807	-506.014689	84.416290	-6.973408	-872.264061	126.598951	-110.061414	-924.270722	159.752265	-161.396646	-924.691204	-124.314762	-219.914526	-36.345927	-253.862504	-173.407809	-485.829914	-326.121977	-12.567601	-845.338906	-325.960333	-111.883545	-916.703176	-330.137667	-170.781416	-932.946871	
-70.486475	-173.300779	659.812723	-10.461519	-141.217423	417.088296	145.886770	-166.591613	455.843345	370.458769	-53.786175	314.259234	578.378172	-105.107978	236.533268	662.534998	-60.674165	183.275066	-166.713325	-159.993858	437.749744	-432.194166	-134.766843	344.586711	-579.786648	-283.419225	434.278015	-686.504818	-305.947231	427.196798	-4.689636	-36.480553	195.934779	0.000000	0.000000	0.000000	94.186412	-228.874439	-39.194786	150.338468	-154.281112	-496.890327	89.613667	2.125773	-858.659367	133.510187	-99.444925	-912.210235	167.855202	-149.992321	-912.134801	-122.609883	-221.036432	-35.317097	-247.059906	-190.621409	-487.609552	-311.653696	-23.005221	-845.478488	-315.130913	-127.312170	-909.232007	-320.395845	-186.985773	-921.944544	
-75.090579	-167.064094	662.335491	-17.420269	-132.227129	419.419856	138.223787	-159.314579	459.815258	368.604249	-67.985825	312.208986	571.907243	-156.964377	260.668311	666.022387	-136.414758	209.548609	-173.914069	-151.585585	437.558696	-436.356903	-158.040835	333.261436	-555.378362	-311.721024	452.181131	-657.942015	-348.293961	461.643675	-7.010809	-30.997267	196.807721	0.000000	0.000000	0.000000	94.053453	-230.171022	-31.081645	157.872181	-158.591989	-488.253427	96.203247	10.334092	-844.186532	141.258473	-89.598027	-899.817502	176.761387	-139.336103	-899.277131	-122.971169	-221.002226	-34.259207	-241.643779	-206.284407	-488.881626	-296.895483	-32.892556	-845.561083	-303.973793	-141.723220	-900.899370	-310.315123	-201.841764	-910.687890	
-79.764757	-161.678632	664.104614	-24.846009	-125.228761	420.788312	130.113712	-154.983178	461.931356	362.922829	-84.010497	307.120169	552.667981	-207.016812	279.336090	651.558359	-211.538958	233.582243	-181.368984	-146.417859	436.461772	-435.629219	-185.901843	319.891717	-528.079912	-335.943096	464.342725	-622.868944	-382.701815	492.183053	-9.939027	-26.410572	197.349838	0.000000	0.000000	0.000000	91.187079	-232.128668	-24.331420	164.046632	-166.019661	-480.975166	104.530726	17.601678	-829.928621	150.168157	-80.290563	-888.627349	186.855352	-129.159985	-887.953284	-126.047963	-219.458601	-32.976032	-237.276122	-219.164224	-489.713984	-281.670266	-42.166393	-846.138797	-291.889550	-154.426493	-893.570623	-299.373250	-214.722475	-901.229323	
-84.334396	-156.945543	665.279898	-32.351670	-120.128476	421.374621	121.917503	-153.356733	462.453759	354.146532	-100.301839	299.792866	524.057138	-251.694882	289.010277	622.039639	-279.364439	249.933479	-188.654374	-144.264279	434.828416	-429.076556	-216.098513	305.086952	-499.265184	-356.513440	470.262031	-583.182634	-409.309773	516.271063	-13.249194	-22.788903	197.606644	0.000000	0.000000	0.000000	85.139390	-234.862994	-19.531473	167.317139	-176.373726	-475.632611	115.300975	23.617314	-816.697643	160.615776	-71.564000	-879.929700	198.374710	-119.614847	-879.866506	-132.136601	-216.099089	-31.283985	-233.789684	-227.558897	-490.104941	-266.084478	-49.913153	-847.507733	-278.642575	-164.436888	-888.533946	-287.188447	-224.749991	-894.823991	
-88.677584	-152.522413	666.044005	-39.579173	-116.564991	421.413887	114.071321	-153.579985	461.563687	342.853693	-115.071494	290.159393	490.503224	-288.543049	286.558413	583.187937	-335.029165	252.768530	-195.454882	-144.296629	432.718602	-416.644016	-245.055414	288.778114	-469.670431	-373.182800	469.601714	-540.405902	-428.534164	531.884472	-16.719081	-20.051983	197.640207	0.000000	0.000000	0.000000	75.886484	-238.243562	-16.494444	165.845848	-189.819636	-472.306754	129.620855	27.750138	-804.539499	172.946388	-63.821444	-874.172465	211.194083	-111.450009	-875.977644	-140.862978	-210.835070	-29.047893	-231.772729	-229.902619	-489.865853	-250.961892	-55.022162	-849.568955	-264.835615	-170.893233	-886.147042	-274.016453	-231.190895	-891.639875	
-92.779292	-148.077248	666.535700	-46.341098	-114.038300	421.112945	106.869658	-154.569191	459.509579	329.018508	-126.533015	277.664669	455.511824	-315.877118	270.317347	540.766844	-375.745445	238.060003	-201.677642	-145.412542	430.073537	-399.299409	-269.088552	270.556417	-439.453837	-385.529507	462.271643	-495.882156	-440.892025	537.751830	-20.173160	-17.947211	197.520131	0.000000	0.000000	0.000000	63.971828	-241.839512	-14.562825	157.756193	-206.881749	-470.835631	148.656427	28.527935	-792.591638	187.479953	-58.153215	-870.632131	224.804916	-106.220132	-876.203817	-151.305154	-203.858652	-26.191329	-232.194517	-226.004878	-488.736249	-237.466589	-57.057459	-851.733073	-251.718385	-173.675876	-885.697361	-260.831560	-234.025475	-890.711632	
-96.973902	-143.405071	666.771653	-52.862745	-112.038257	420.564802	100.119880	-155.451547	456.650718	312.073094	-133.389977	262.246932	420.678078	-332.514950	240.800861	498.358940	-400.258344	205.168188	-207.653853	-146.609095	426.781455	-379.007133	-285.543253	250.341146	-408.812680	-393.426400	448.831593	-451.861134	-447.240815	533.668270	-23.586835	-16.073747	197.303210	0.000000	0.000000	0.000000	50.188721	-245.153932	-13.094347	141.097777	-227.708680	-470.952002	172.909644	23.266691	-779.216210	204.112937	-56.521698	-867.371607	237.903962	-106.049543	-879.194644	-162.548961	-195.453258	-22.659315	-235.858783	-217.171867	-486.486135	-225.919318	-56.228445	-853.005085	-240.447420	-173.220186	-885.538280	-249.032034	-233.677361	-890.175233	
-101.998462	-138.398589	666.655097	-59.739288	-110.077833	419.755155	93.189947	-155.644948	453.324155	291.619541	-134.804601	245.009283	386.110980	-337.388572	200.999808	456.984296	-407.797298	157.264747	-214.067757	-147.069082	422.661750	-358.052950	-293.514108	228.708280	-378.196012	-397.118195	430.663850	-410.640318	-449.283889	521.065895	-27.184230	-13.996586	196.998412	0.000000	0.000000	0.000000	35.254969	-247.812299	-11.703496	114.179699	-250.481014	-472.101358	201.036543	8.838583	-762.336932	221.484990	-60.923998	-861.464374	247.829947	-112.108291	-881.976235	-173.910088	-185.876438	-18.515306	-243.071781	-205.573450	-483.068893	-215.908863	-53.106205	-852.329823	-231.714692	-170.226586	-883.786684	-239.929959	-230.766413	-887.994502	
-108.705972	-132.937852	666.051034	-67.587246	-107.645735	418.630251	85.379955	-154.740384	449.834743	268.197165	-130.254792	228.064517	351.806036	-329.526750	155.912075	416.664928	-397.560015	100.613159	-221.586024	-146.080037	417.508897	-338.339707	-293.778519	206.915531	-348.187862	-396.858923	409.900865	-373.063056	-448.552650	502.935297	-31.246886	-11.315005	196.567708	0.000000	0.000000	0.000000	19.706934	-249.595181	-10.232415	76.970424	-271.427238	-473.316295	228.880304	-16.952160	-740.136977	236.412073	-72.415231	-849.582520	251.046635	-123.353403	-880.008779	-184.909810	-175.359516	-13.963795	-253.657974	-193.719678	-478.633507	-207.241527	-48.375026	-848.847182	-225.769728	-165.439980	-878.997539	-234.267122	-225.976195	-882.661955	
-117.619387	-126.922149	664.854411	-76.741773	-104.300319	417.135300	76.249628	-152.497002	446.483241	243.478250	-119.760254	213.746043	319.006265	-308.829943	111.501712	378.430576	-369.747813	43.303944	-230.520862	-143.182727	411.284914	-321.557553	-288.471240	186.786810	-319.691509	-392.809009	389.359635	-339.212085	-445.440999	483.142593	-35.816091	-7.768734	195.959474	0.000000	0.000000	0.000000	3.954446	-250.401328	-8.623078	32.476342	-287.067906	-473.428940	249.903316	-53.488064	-712.580402	244.900460	-90.302233	-829.759303	245.454718	-137.102971	-869.053180	-195.214143	-164.145980	-9.226107	-267.248245	-183.648580	-473.351180	-200.169154	-42.631999	-842.068469	-222.474425	-159.469884	-870.492499	-231.995502	-219.889472	-873.507358	
-128.589535	-120.541995	663.008895	-87.044480	-100.045552	415.215859	65.885939	-149.067664	443.495011	219.984875	-104.245191	203.811525	290.656375	-277.178703	73.407266	345.222291	-327.257863	-6.641530	-240.631047	-138.625294	404.406290	-309.630149	-280.912740	170.335282	-294.052230	-385.704156	372.081879	-309.225035	-440.087544	465.669567	-40.637305	-3.478664	195.140384	0.000000	0.000000	0.000000	-11.404781	-250.228009	-6.833340	-13.582125	-296.429588	-471.659220	258.754745	-95.355670	-682.441957	245.417018	-111.272887	-803.602816	233.406754	-150.441677	-848.947987	-204.468157	-152.678122	-4.443983	-283.113216	-176.241959	-467.305784	-195.072458	-36.461629	-832.063243	-221.300392	-152.954225	-858.485063	-232.298913	-213.152387	-860.826164	
-140.764843	-114.627824	660.536262	-97.779529	-95.678822	412.865750	54.976136	-145.309002	441.028541	200.554700	-85.900708	199.199580	270.864486	-239.173910	46.001699	321.523387	-276.553616	-43.046628	-251.156495	-133.702925	397.907447	-304.774889	-275.371046	159.472883	-272.912950	-377.794679	360.519688	-283.593949	-434.032506	453.630619	-45.280809	0.845912	194.144775	0.000000	0.000000	0.000000	-25.276903	-249.254262	-4.920493	-54.752625	-301.464842	-468.178157	255.947433	-134.198391	-653.959914	240.630690	-130.819765	-775.882794	220.325997	-161.437630	-824.718139	-212.186397	-141.825559	0.169746	-299.750486	-171.400282	-460.741539	-191.819901	-30.676499	-819.747842	-221.401514	-146.786520	-844.241374	-233.964080	-206.697468	-846.009771	
-152.752774	-110.673225	657.640184	-107.791794	-92.589755	410.255903	44.650580	-142.646248	439.346464	187.868172	-68.043000	200.334358	263.849077	-201.551986	32.084591	312.272986	-226.638417	-62.355693	-261.014397	-130.421585	393.354326	-308.908771	-276.267414	156.223660	-257.902746	-373.281236	356.004304	-263.163014	-431.364558	448.443904	-49.268004	4.071916	193.130381	0.000000	0.000000	0.000000	-36.134947	-247.941658	-3.165429	-85.704567	-305.622432	-464.053926	247.334591	-163.436311	-631.073325	234.905092	-145.933105	-752.111963	210.639870	-169.472522	-803.020900	-217.845932	-132.906127	4.086172	-314.816006	-168.495888	-454.511168	-189.552352	-26.181058	-807.205406	-221.800063	-141.898965	-830.139945	-235.837222	-201.492641	-831.488640	
-162.856716	-110.340468	654.771056	-115.714024	-92.110238	407.804034	36.259977	-142.402303	438.871732	184.067929	-54.242236	207.388856	272.631551	-171.341579	33.176456	321.229047	-186.599884	-63.252993	-268.947642	-130.554932	392.456702	-322.698192	-286.666568	163.249666	-250.170614	-377.558244	359.219193	-249.027192	-438.460312	449.971896	-52.248287	5.106494	192.320829	0.000000	0.000000	0.000000	-42.498865	-246.942711	-1.990965	-102.843193	-311.683909	-460.651586	239.515149	-179.948363	-617.061192	231.488033	-155.635291	-737.292828	206.315289	-175.109971	-789.462694	-221.074585	-127.366103	6.441195	-325.694342	-166.916913	-450.145912	-186.926179	-23.682009	-797.370449	-221.502870	-138.928775	-819.260566	-236.965449	-198.174721	-820.306285	
-169.428085	-114.793522	652.433952	-120.402980	-94.969760	405.956687	31.009452	-145.137425	439.839889	190.299233	-47.033644	220.280959	297.509047	-153.779730	49.937012	348.936012	-163.276295	-45.761754	-273.735537	-134.870501	396.410237	-344.866955	-306.567008	183.674578	-249.968451	-395.284995	370.888345	-242.247637	-461.812025	457.265226	-54.207095	3.386147	191.816021	0.000000	0.000000	0.000000	-43.599541	-246.752522	-1.758728	-104.163849	-320.517430	-459.025749	236.362144	-182.851984	-614.324579	231.725244	-159.788934	-734.980293	207.501941	-179.172816	-787.631236	-221.759189	-126.172748	6.394146	-330.257892	-166.493869	-449.219270	-182.548699	-23.524195	-792.846082	-219.603056	-138.076887	-814.321586	-236.568130	-196.913317	-815.174710	
-171.219446	-124.210417	650.855343	-121.311130	-100.995730	404.851841	29.551772	-150.497903	442.007064	206.250294	-47.466262	238.621167	334.952237	-151.393659	81.966649	391.454264	-160.216938	-10.892609	-274.384598	-142.977006	405.255032	-371.968192	-332.099104	219.496845	-256.589352	-427.798909	391.121064	-244.330776	-504.049975	468.463966	-55.378939	-0.746123	191.509471	0.000000	0.000000	0.000000	-39.763414	-247.393121	-2.516878	-89.391728	-330.981011	-459.411309	237.758497	-172.975085	-623.832447	234.642263	-159.052057	-745.929314	212.840444	-182.577599	-797.947144	-220.034922	-129.259810	3.757636	-327.543659	-167.137124	-452.299957	-175.443119	-25.483131	-794.553213	-215.523443	-138.927739	-816.471938	-234.185039	-197.248509	-817.308339	
-167.757641	-137.705004	649.870813	-118.534784	-109.160809	404.290228	31.824281	-157.569519	444.778980	229.970753	-55.627874	261.613518	378.277711	-164.417094	127.167681	441.115865	-177.982034	39.073810	-270.310896	-153.666656	417.606317	-398.838124	-356.833088	269.282406	-269.118261	-471.610718	417.351493	-257.973953	-560.447034	480.043883	-55.951882	-6.170365	191.244803	0.000000	0.000000	0.000000	-32.048459	-248.494116	-3.793477	-60.216114	-340.513803	-460.894545	240.189380	-153.406729	-644.674129	237.382307	-155.433254	-767.553013	219.815068	-186.469981	-817.179001	-216.188131	-135.646032	-0.656601	-318.540357	-168.591349	-458.280874	-165.597217	-28.781262	-800.916620	-209.430661	-140.481902	-824.541566	-230.096291	-198.118690	-825.636680	
-159.506606	-153.608302	649.164703	-112.657462	-117.899586	404.057523	37.177450	-165.211396	447.665807	258.097279	-71.033237	287.889046	419.786393	-191.446190	181.761374	488.610631	-214.827612	100.461285	-261.669772	-165.332764	431.251311	-420.124946	-374.740622	327.154545	-288.112068	-519.392135	443.662663	-286.923906	-619.358989	487.840018	-55.848099	-11.593123	191.023167	0.000000	0.000000	0.000000	-21.510920	-249.609709	-4.805580	-20.179650	-346.275259	-461.813703	239.010967	-129.673979	-673.784368	236.787322	-151.819099	-794.680421	225.559513	-191.654692	-839.643593	-210.516713	-144.188292	-5.480449	-306.405083	-170.922713	-464.906219	-154.494753	-32.455780	-808.545390	-202.482387	-141.629797	-835.651899	-225.508940	-198.349330	-837.366376	
-147.994285	-169.661636	648.537531	-104.792641	-125.401288	404.156427	44.374527	-172.171812	450.548933	286.454329	-92.888221	315.215303	452.339188	-230.324619	241.058836	524.867649	-267.809653	168.756238	-249.801759	-176.164733	444.025028	-433.269382	-382.465018	384.228259	-317.086948	-561.796732	463.395046	-335.008342	-666.328874	489.819981	-54.824548	-15.937336	191.006626	0.000000	0.000000	0.000000	-9.226012	-250.362010	-4.956255	25.227313	-346.514145	-460.774377	230.919205	-108.765633	-706.118919	230.710203	-151.265713	-821.465814	227.379483	-198.744051	-859.797768	-203.436636	-153.815966	-9.579629	-295.520219	-174.239903	-470.106309	-145.142634	-35.144639	-814.165619	-196.631585	-141.109072	-846.982819	-222.198713	-196.689633	-849.701298	
-135.687194	-183.365836	648.035646	-96.504439	-130.083623	404.780221	51.739593	-177.317031	453.599303	311.040373	-120.620770	340.673003	469.870995	-278.933578	300.478230	541.892638	-333.799416	239.685187	-237.166448	-184.405749	454.352217	-440.661247	-379.043980	431.954543	-361.130681	-588.524850	473.406393	-404.365410	-687.978191	487.052391	-52.779686	-18.514646	191.349872	0.000000	0.000000	0.000000	3.347490	-250.523582	-4.189177	69.197748	-341.655504	-457.577688	215.565162	-96.625948	-736.081817	218.654857	-156.369238	-843.470828	223.478552	-208.966611	-874.209621	-195.725626	-163.325528	-12.403085	-289.586664	-177.880138	-472.793806	-141.216099	-34.764733	-816.074850	-194.012311	-137.243363	-856.906603	-221.793924	-191.670318	-860.926002	
-124.838049	-192.836556	647.922877	-88.903165	-131.365594	406.101684	58.151395	-180.093274	457.005123	329.039647	-153.730937	361.463027	468.075607	-334.144989	356.412938	533.444318	-408.003899	309.883763	-226.186925	-188.794695	461.320742	-447.474848	-364.335464	464.915690	-421.543947	-590.502143	475.006449	-491.334955	-674.344309	481.798260	-49.805042	-19.220837	192.076230	0.000000	0.000000	0.000000	14.894122	-250.121468	-2.869934	106.183433	-334.092406	-453.222650	195.581392	-95.008990	-759.612236	202.068347	-167.854265	-858.418571	214.037833	-223.118385	-881.596869	-188.261590	-171.766162	-13.839970	-289.382721	-180.826632	-472.832096	-145.027406	-29.244729	-814.185562	-195.706892	-128.497566	-864.554263	-224.753752	-182.130579	-870.035760	
-115.536816	-197.887780	648.507497	-81.530566	-130.152741	408.084902	64.261695	-180.761041	460.753748	339.735631	-190.187807	375.730481	446.786627	-388.919981	406.574262	498.277889	-480.380442	376.963367	-217.573505	-189.024586	464.834365	-456.397822	-338.928329	481.794418	-490.938897	-563.919196	471.229101	-582.618779	-623.299269	475.131469	-45.892722	-18.691585	193.100346	0.000000	0.000000	0.000000	25.653181	-249.260330	-1.421979	134.794533	-326.102869	-449.066722	175.448426	-100.345935	-775.269912	184.281817	-182.939425	-865.887202	201.634799	-239.232696	-882.152706	-180.975381	-179.409280	-14.064384	-291.360194	-183.704259	-470.986798	-156.271015	-17.845406	-809.482699	-200.559295	-114.825400	-869.399066	-229.136552	-168.525213	-876.465706	
-105.328154	-200.235736	649.872114	-72.531522	-128.407494	410.471677	72.339148	-180.173926	464.539378	345.265538	-225.566397	382.964757	412.756939	-432.777595	449.403918	444.528320	-536.554091	438.717976	-209.608539	-186.134299	465.893551	-464.764930	-305.827809	484.985689	-554.942883	-514.121182	464.801298	-659.755308	-545.072731	466.468510	-40.837589	-18.075042	194.290620	0.000000	0.000000	0.000000	37.715852	-247.726300	-0.121366	157.825111	-317.879829	-446.052610	160.169388	-106.448152	-784.162952	169.659471	-196.645266	-867.142621	190.273686	-253.231197	-877.521043	-172.298766	-187.794452	-13.563346	-288.835684	-189.824962	-468.971263	-173.466114	-2.222092	-803.385294	-206.037445	-98.566678	-871.307094	-231.085962	-153.760871	-880.050083	
-91.561679	-202.154610	651.684088	-60.282607	-127.843440	412.839046	84.281638	-179.356621	467.958570	349.760279	-254.971032	384.249182	378.001959	-458.039232	483.604329	388.311578	-566.276208	492.068361	-199.503113	-182.281194	466.208124	-467.340708	-271.037711	479.666692	-600.618693	-454.591059	457.969941	-709.806476	-458.841999	455.444126	-34.522685	-18.253516	195.494896	0.000000	0.000000	0.000000	53.086358	-244.891337	0.944229	179.042806	-308.160264	-444.403322	153.009618	-108.666074	-788.716834	161.688576	-205.159334	-864.380121	183.387850	-262.000657	-870.109918	-160.366750	-198.119898	-12.984478	-275.537005	-202.590257	-468.722533	-195.965035	13.459948	-796.332561	-210.406447	-83.470425	-869.493277	-227.168536	-141.470867	-879.752322	
-73.944861	-204.745225	653.358109	-44.885901	-128.719633	414.772336	99.766290	-179.034596	470.761075	356.874322	-275.451133	382.426364	353.451204	-465.097605	508.633454	345.428976	-570.954392	533.596539	-185.882673	-179.458437	467.113152	-461.405956	-241.561339	472.210200	-623.817303	-400.247964	453.060499	-731.387576	-383.166683	443.934238	-27.178223	-19.271401	196.553347	0.000000	0.000000	0.000000	71.411499	-240.182425	1.902755	200.031343	-296.559265	-443.609325	153.260353	-105.692496	-790.610485	160.848629	-207.380847	-859.262534	182.105391	-264.629093	-861.589229	-144.888351	-209.720166	-12.743751	-249.108555	-221.277388	-470.985965	-222.597277	23.394759	-786.850511	-213.245080	-73.021564	-861.502845	-216.567536	-133.155164	-872.601421	
-55.183637	-207.641788	654.415071	-28.564866	-130.032980	416.054423	116.059682	-179.363893	472.982377	367.802781	-286.409192	381.492346	344.109099	-461.159174	525.737917	324.279182	-562.051380	562.079468	-170.151226	-178.392408	469.052020	-449.146733	-222.628340	468.331176	-629.222934	-361.442561	453.205830	-732.474511	-329.681614	436.569233	-19.700487	-20.552480	197.313830	0.000000	0.000000	0.000000	89.625230	-233.985099	3.018586	219.730311	-284.906625	-442.719108	157.277484	-98.993982	-789.941784	164.726250	-204.423329	-852.714193	185.259949	-261.981787	-852.841097	-128.074464	-220.388899	-12.776943	-213.185432	-240.645094	-474.650472	-248.052928	23.189446	-773.838226	-214.080315	-69.350531	-846.217477	-202.264621	-128.425224	-857.210066	
-39.852505	-210.057956	654.767940	-15.062869	-130.757664	416.767054	129.060163	-180.149943	474.900908	380.690314	-288.751851	384.947574	348.952372	-454.741469	537.741164	325.056976	-552.604755	579.513864	-155.965179	-178.801118	471.834672	-436.001023	-215.891873	471.656485	-625.050708	-342.739296	461.881516	-724.369251	-303.171519	439.151796	-13.678283	-21.546650	197.716735	0.000000	0.000000	0.000000	103.609164	-228.116387	4.344538	235.671970	-276.789298	-441.068516	162.321330	-91.419889	-786.445584	170.495322	-198.612938	-846.061377	190.806349	-256.243402	-845.157592	-114.086126	-227.944188	-12.782339	-177.376478	-255.131681	-477.794724	-265.341076	14.639629	-760.325057	-212.625177	-72.192834	-828.425712	-189.166767	-127.799515	-838.811621	
-31.943912	-211.799508	654.680689	-7.956064	-130.780422	417.177057	135.232264	-181.165494	476.750856	391.945057	-283.589384	394.218447	364.371105	-450.486109	546.831985	344.432566	-549.391897	588.223662	-147.193005	-180.249299	475.142402	-426.733394	-220.130510	483.047459	-617.372065	-344.947149	481.229347	-715.640706	-304.428478	455.774802	-10.659152	-22.188310	197.831550	0.000000	0.000000	0.000000	110.398307	-224.886049	5.412821	245.341508	-275.497118	-438.919575	167.818592	-85.452227	-780.826858	176.456787	-192.128776	-841.297529	197.022593	-249.670600	-840.515806	-106.898754	-231.408100	-12.670153	-153.104134	-262.658668	-479.435417	-272.691019	4.724222	-752.461214	-210.335872	-78.877494	-816.329285	-180.775243	-131.603898	-826.145728	
-32.682492	-213.315275	654.410955	-8.719518	-130.754898	417.436179	133.497113	-182.259524	478.364778	398.497420	-271.965809	408.141353	387.471357	-447.765546	552.635678	379.876781	-550.707184	587.828187	-145.785270	-182.489009	478.515129	-422.902679	-232.645969	500.561688	-607.686037	-365.619584	510.498003	-708.496765	-331.021149	486.278844	-11.204974	-22.911765	197.718893	0.000000	0.000000	0.000000	109.030028	-225.547990	5.601545	246.591041	-282.346127	-437.177593	174.194576	-82.361104	-774.508582	182.046220	-186.075278	-840.029024	202.910865	-243.512191	-840.570016	-108.265042	-230.777358	-12.572875	-147.557507	-264.069723	-479.829836	-273.325126	-1.152957	-754.411335	-209.848184	-86.503412	-814.764625	-179.006083	-138.570430	-824.148517	
-40.463029	-214.980586	653.939673	-16.322075	-131.292002	417.379069	125.342468	-183.312992	479.149324	399.048518	-255.454062	423.612182	416.206239	-442.302501	552.836813	429.273197	-548.028002	576.172281	-151.247168	-185.290115	481.203044	-423.423901	-249.975910	520.336201	-594.252827	-398.597221	545.924987	-699.487802	-376.450304	526.392028	-14.820686	-24.086779	197.340911	0.000000	0.000000	0.000000	100.169494	-229.643074	4.577240	237.664528	-296.353543	-436.837820	182.392388	-82.312219	-768.739545	187.660561	-180.490854	-842.525781	208.106308	-237.992880	-845.705952	-117.392383	-226.266510	-12.652289	-160.543936	-261.022652	-479.461995	-269.826172	-2.745130	-765.272830	-212.038830	-94.130549	-822.420623	-183.560312	-147.609673	-831.321424	
-52.357938	-216.599350	653.106746	-28.311260	-132.547135	416.665492	113.530012	-184.064060	478.452631	394.206193	-236.009901	436.904816	447.825429	-428.946197	545.561591	487.113674	-530.409240	552.968066	-161.671809	-188.120615	482.396983	-426.692641	-268.681540	537.802093	-575.219229	-435.698084	582.197236	-683.749387	-431.177287	570.065068	-20.547693	-25.593367	196.636804	0.000000	0.000000	0.000000	85.651003	-235.476817	2.322626	217.518569	-314.630712	-438.753367	193.735384	-84.876422	-763.829942	194.509422	-174.991462	-847.435486	212.766303	-232.858615	-854.695233	-131.644470	-218.262581	-12.990938	-185.906633	-254.933040	-478.493078	-262.461566	-2.957496	-780.130918	-215.459126	-102.257137	-833.860742	-192.072694	-158.259951	-842.047718	
-65.570866	-217.531218	651.899483	-42.026930	-134.280028	415.124469	100.814413	-184.025047	476.053728	385.908209	-215.064282	445.040775	478.471435	-404.588505	531.170616	543.039927	-491.962036	521.686581	-174.932587	-190.014417	481.636430	-431.872372	-286.356366	548.688691	-550.581090	-469.449619	614.344634	-658.647965	-485.651896	612.008149	-27.380454	-26.978333	195.616311	0.000000	0.000000	0.000000	68.140832	-241.136945	-0.787851	186.298418	-332.917380	-443.300634	209.468172	-89.644311	-758.433668	204.121279	-169.458506	-851.773432	217.285597	-227.784706	-864.398020	-147.531733	-207.829961	-13.367141	-215.712693	-246.906163	-476.838557	-251.405292	-4.262973	-793.363501	-218.599414	-111.008566	-843.220241	-202.239494	-169.582389	-850.412409	
-78.318821	-217.097286	650.526119	-55.434087	-135.879736	412.981422	88.988569	-182.666888	472.509981	376.100348	-193.239226	446.843623	504.026654	-370.080463	512.171784	586.745649	-436.824832	487.760144	-189.261533	-189.845910	479.102097	-438.650942	-302.118455	549.781858	-522.122182	-494.432718	639.075631	-624.228192	-532.068057	649.291614	-34.443426	-27.773107	194.385097	0.000000	0.000000	0.000000	50.456269	-245.416089	-3.991036	145.702513	-346.518224	-449.983118	229.798883	-96.997856	-749.474086	217.085239	-164.769733	-851.241185	221.671091	-222.835416	-869.733655	-162.043681	-196.733550	-13.241638	-244.259181	-237.898997	-474.248541	-238.108565	-7.016367	-801.346539	-221.054086	-119.263176	-846.803556	-212.674944	-179.623737	-852.858275	
-90.079860	-214.848333	649.285635	-67.492164	-136.363883	410.795653	78.510707	-179.652241	469.104058	365.681134	-171.341333	443.262525	521.247160	-330.505839	491.961632	613.363409	-376.404466	455.891091	-203.294741	-186.864017	475.614426	-446.442673	-315.696869	539.465890	-492.663830	-506.744396	654.748365	-582.281428	-563.454547	681.188248	-40.975460	-27.569835	193.142892	0.000000	0.000000	0.000000	34.570661	-248.100850	-6.454254	98.968867	-351.873331	-457.327373	252.234641	-108.464181	-733.532082	231.254563	-163.314004	-841.525322	224.603575	-219.396880	-864.872708	-173.818813	-186.490918	-12.072402	-269.346459	-228.665061	-470.414149	-225.172831	-9.885078	-802.862234	-223.025233	-125.175884	-843.604838	-222.172641	-186.204228	-848.612968	
-101.082687	-210.833502	648.384514	-78.039128	-134.797723	409.146058	68.916456	-175.125936	467.182962	354.796473	-151.443409	436.926332	528.889630	-293.637757	474.048720	623.824463	-323.479481	429.439078	-216.080591	-181.315726	472.191332	-454.123407	-326.195535	518.465390	-465.647004	-503.866302	660.683206	-536.479956	-573.059730	706.958303	-46.364153	-26.126401	192.122454	0.000000	0.000000	0.000000	20.972714	-249.579259	-7.820412	50.950712	-348.052051	-463.459364	270.784922	-124.685509	-710.051662	241.467186	-167.144835	-821.626223	223.200785	-219.455918	-847.404396	-183.127828	-177.498764	-9.796576	-290.914516	-219.712497	-465.407569	-215.392440	-11.006440	-798.688107	-225.001137	-127.408425	-834.948175	-229.869472	-188.310027	-839.138782	
-111.385352	-205.811883	647.807970	-87.146753	-131.087760	408.274507	59.798272	-169.924457	467.346169	344.072368	-136.766307	431.395017	528.367339	-267.133509	462.143800	622.905737	-287.761138	411.843069	-226.976083	-174.578279	469.515097	-460.792529	-331.592667	491.244843	-444.573869	-486.236670	657.821519	-493.768019	-557.814757	724.176139	-50.235730	-23.637580	191.470356	0.000000	0.000000	0.000000	9.136896	-250.275902	-8.325266	8.201599	-337.758917	-467.180660	280.031099	-142.322015	-683.838439	243.737599	-174.881447	-796.682898	216.007187	-222.955618	-822.266551	-190.836281	-169.322999	-6.987211	-309.315960	-211.391113	-459.948784	-210.041568	-9.147031	-790.976949	-227.390831	-125.724194	-823.616034	-235.779879	-186.280037	-827.205006	
-119.919144	-201.427370	647.379177	-94.099885	-126.546374	408.059962	51.939345	-165.473381	469.279419	335.596599	-130.274064	430.507259	523.495230	-255.641830	460.218524	617.279454	-273.511760	407.508411	-234.969614	-168.581460	467.916857	-466.491093	-330.419637	466.488903	-431.373929	-459.861331	650.709517	-462.479461	-525.882164	732.073623	-52.319375	-20.959501	191.224066	0.000000	0.000000	0.000000	-0.735268	-250.445073	-8.218550	-21.944209	-327.098199	-468.519436	280.804770	-155.341729	-663.122169	240.011246	-182.942057	-775.751281	206.503026	-228.246001	-799.402432	-197.047114	-162.144302	-4.386946	-324.464882	-204.628374	-454.876860	-207.811177	-4.919772	-781.750088	-229.714437	-121.305613	-812.264430	-240.015896	-181.587898	-815.457081	
-124.473650	-200.127114	646.972617	-97.114723	-123.493856	408.380251	47.481636	-163.496700	472.272786	332.195454	-133.295129	437.206889	518.482178	-259.871429	471.578799	612.691564	-280.218049	420.551573	-238.237219	-165.321240	467.785538	-471.407336	-324.146797	453.573975	-425.396920	-435.841378	646.791376	-446.076522	-495.724235	735.857754	-52.239340	-19.480654	191.402237	0.000000	0.000000	0.000000	-6.374959	-250.393265	-7.307038	-33.584639	-323.396448	-467.885581	278.732022	-160.093315	-654.480981	236.066363	-189.827604	-765.866439	200.969214	-235.235013	-786.866019	-200.517534	-157.876039	-2.336683	-335.995547	-201.665823	-450.342832	-206.759301	-0.885771	-771.781913	-230.977500	-116.762444	-802.483988	-242.276840	-176.870663	-805.581375	
-123.248444	-203.979661	646.505080	-94.468319	-123.919118	409.208855	48.561775	-165.430916	475.614829	335.353156	-145.558009	451.961481	514.947063	-278.226872	497.246501	610.588055	-305.572467	452.545379	-235.016264	-166.405487	469.501977	-474.710761	-315.418173	457.771793	-424.942542	-424.076879	651.787287	-443.274127	-483.078506	741.949271	-49.581114	-20.358413	192.016950	0.000000	0.000000	0.000000	-4.572285	-250.481487	-5.379484	-24.617300	-331.324394	-465.015261	277.106840	-157.831998	-659.669789	235.310473	-196.919044	-768.465346	202.813776	-245.370085	-786.661123	-199.509319	-159.163737	-0.722235	-343.799748	-205.026945	-445.759520	-206.734344	0.330920	-761.003776	-230.905346	-114.624877	-795.025376	-242.497389	-174.660226	-798.438338	
-116.185760	-213.031798	645.772495	-85.676750	-128.269565	410.332378	56.003004	-171.415088	478.566548	344.317965	-165.345809	472.135612	510.995872	-307.487283	534.745580	607.229033	-346.294637	501.184603	-224.860865	-172.049748	472.823613	-473.907363	-305.244035	478.387246	-428.466857	-427.889901	664.985086	-452.660637	-492.184157	749.998803	-44.185301	-23.699744	192.948807	0.000000	0.000000	0.000000	6.506149	-250.481087	-2.777632	2.766008	-349.908902	-459.179370	273.481221	-152.927016	-675.833156	235.990661	-206.056784	-780.154257	209.997199	-259.180248	-795.544599	-192.766553	-167.267096	0.599909	-347.553076	-215.720634	-440.619689	-208.613149	-2.062026	-749.461745	-229.714248	-115.451013	-790.133886	-240.764373	-175.541460	-794.293189	
-104.898477	-225.000938	644.595117	-71.809848	-135.350173	411.324100	68.960309	-179.970943	480.485797	356.982374	-189.723891	492.809755	502.625037	-342.578436	578.421869	595.573498	-396.848469	560.857183	-209.149754	-180.693776	476.713585	-466.074133	-293.537644	509.147435	-435.390584	-443.333427	678.101112	-473.664565	-515.074255	751.140679	-36.417260	-28.649363	193.897545	0.000000	0.000000	0.000000	25.738042	-249.255215	-0.459246	43.207745	-373.278512	-450.476420	263.167190	-150.234613	-697.249019	234.007425	-218.321365	-795.356658	217.708870	-275.835946	-808.047409	-180.103352	-180.826707	1.438809	-346.114908	-232.382421	-435.326022	-212.914644	-6.608438	-738.016487	-227.396398	-117.353441	-787.839825	-236.765580	-177.644208	-793.084706	
-91.842535	-236.483965	643.120944	-55.046715	-143.147413	411.859533	85.361838	-188.825647	481.065947	371.211984	-215.777602	508.760637	485.725128	-377.429768	621.281962	567.949398	-449.013583	624.127658	-190.722438	-189.802764	479.752486	-451.306842	-280.660678	540.055372	-446.487595	-460.337345	680.122042	-504.203082	-534.857085	735.458769	-27.098058	-34.014612	194.555808	0.000000	0.000000	0.000000	49.019460	-245.738749	0.616159	89.563382	-394.025272	-440.484423	244.692857	-153.040328	-717.772281	227.331922	-233.852995	-808.761937	222.608658	-293.926391	-818.935578	-163.046704	-196.344469	1.485733	-338.404951	-251.763954	-431.133629	-219.930818	-10.508769	-727.945918	-224.273926	-117.032755	-787.865195	-230.401413	-177.611349	-794.419191	
-79.325864	-244.589288	641.792340	-37.824122	-149.805447	411.920390	102.790528	-195.971633	480.380555	385.291977	-241.806399	516.377994	457.573403	-405.933554	656.889217	519.108215	-492.172236	682.764450	-172.929537	-196.924753	480.625372	-434.500250	-267.064747	560.980667	-462.083250	-467.236807	666.317869	-538.483150	-536.081385	703.330051	-17.236022	-38.670095	194.809662	0.000000	0.000000	0.000000	71.230102	-240.243718	0.220821	134.747545	-407.130469	-431.423445	221.258508	-161.359080	-733.317020	217.027593	-251.231789	-817.079793	223.998263	-311.443380	-824.864337	-144.724899	-210.218146	0.787301	-324.572910	-270.321034	-429.356492	-230.576914	-11.274184	-719.868457	-221.605231	-111.529770	-789.329728	-222.351284	-172.235609	-797.361634	
-68.455555	-247.848902	641.077245	-21.876238	-154.128179	411.742822	119.493727	-200.060574	478.790107	397.820546	-266.955027	514.329157	418.439188	-421.807622	680.164246	450.634757	-514.264116	728.210194	-158.219607	-200.244026	478.659869	-422.183346	-251.960275	564.940830	-480.311847	-458.778334	640.920891	-569.779713	-516.934950	664.579529	-7.653772	-41.669316	194.803359	0.000000	0.000000	0.000000	89.155368	-234.181782	-1.016625	174.035032	-411.429508	-424.786741	198.330079	-171.731555	-742.563542	205.616016	-267.408568	-819.401234	222.524727	-325.876129	-824.902583	-128.185182	-220.694678	-0.059279	-305.255549	-285.706465	-430.641326	-246.044790	-8.127603	-713.098015	-220.772996	-99.534194	-790.316622	-213.161188	-159.531162	-799.944252	
-58.558535	-246.265413	641.241701	-7.663625	-155.553163	411.614873	134.957301	-200.285710	476.798165	407.858930	-289.976469	502.951140	373.463290	-419.598284	687.127296	373.525485	-506.739134	752.698934	-147.001553	-198.781974	474.147173	-417.205918	-233.482703	548.855207	-497.064701	-437.819032	610.457492	-593.029996	-487.125607	627.948806	1.244181	-42.272221	194.819846	0.000000	0.000000	0.000000	102.782521	-228.521760	-2.092545	206.069785	-408.511607	-420.587255	180.676270	-179.503340	-746.068186	195.509037	-279.232240	-816.391313	219.136909	-335.486488	-819.827624	-114.431846	-228.129070	-0.255559	-280.055451	-296.906562	-434.789591	-266.181386	-2.353786	-705.684204	-222.169764	-81.758447	-787.625761	-202.843798	-138.796338	-798.736697	
-48.065702	-240.871426	642.250491	5.106156	-153.888216	411.698633	149.321464	-196.464866	474.784009	414.723889	-309.140368	483.120293	331.728740	-398.965703	675.341379	303.540294	-471.231058	751.998416	-138.106358	-192.690384	468.078102	-416.331027	-210.593293	513.535215	-505.227008	-409.690929	579.741241	-601.906677	-457.203471	598.235084	9.256175	-39.984503	195.086708	0.000000	0.000000	0.000000	113.959066	-223.159569	-1.989569	231.420375	-401.336698	-417.511142	170.257434	-181.997310	-744.889792	187.898690	-285.369461	-809.031752	214.602859	-340.311650	-810.725364	-102.493414	-233.735215	0.731073	-248.103282	-302.982576	-440.838759	-288.002729	3.877703	-694.969675	-224.946406	-60.454216	-777.685129	-192.447929	-110.958382	-789.661989	
-36.010596	-233.408594	643.779811	16.451972	-149.374911	411.974928	162.450566	-189.437195	472.555573	417.668365	-322.746716	455.346374	301.205842	-367.061525	646.077624	252.547929	-420.074558	728.023930	-130.314744	-183.612389	461.788612	-412.764823	-185.701600	465.451655	-494.834340	-379.191895	553.495406	-586.015225	-433.723508	579.161955	15.890169	-34.874393	195.638800	0.000000	0.000000	0.000000	124.399165	-217.521595	0.153192	250.858806	-393.097562	-413.831669	165.584561	-179.614060	-739.685242	182.408618	-286.529194	-797.971706	209.239848	-341.434723	-798.276688	-90.922734	-238.458056	2.897782	-210.396144	-302.812696	-447.175469	-306.236918	9.149370	-679.192570	-227.305033	-38.919734	-759.290389	-183.868601	-80.413360	-771.199309	
-23.257632	-226.150172	645.265988	25.456852	-143.335856	412.207685	173.465956	-181.401348	469.083990	415.871339	-329.803103	419.887862	283.459640	-334.619166	605.224526	222.578573	-369.455270	688.729691	-123.732612	-174.607673	456.464370	-403.351164	-164.431039	417.660617	-460.162905	-351.119010	535.328070	-537.533023	-419.625572	570.924953	20.058553	-28.059692	196.350628	0.000000	0.000000	0.000000	134.264415	-211.524817	4.597675	264.165937	-386.494461	-408.577402	163.145536	-174.880351	-731.132514	177.387773	-284.770997	-784.352916	202.626288	-340.423265	-783.669140	-79.499035	-242.457171	5.657647	-171.652894	-296.269757	-452.155872	-316.573048	13.995872	-659.691671	-227.451855	-20.119539	-736.177575	-177.201469	-53.294148	-747.340508	
-12.543246	-221.521770	646.032417	30.740836	-138.777217	411.880091	181.145937	-175.677294	462.941630	408.871298	-330.743188	377.504879	274.482301	-310.235033	560.329234	207.971600	-331.927877	643.988772	-119.482888	-169.625032	452.810787	-392.991025	-152.454884	384.295717	-408.072144	-332.460052	523.206844	-463.431599	-417.409091	564.016327	20.544569	-21.847259	197.088505	0.000000	0.000000	0.000000	141.991967	-206.208909	10.343452	269.971032	-383.398297	-402.485454	159.893348	-170.952010	-721.510424	170.888178	-282.914337	-771.055934	193.785629	-339.561171	-769.844310	-70.020301	-245.301532	7.867733	-139.278161	-285.192546	-455.374539	-319.343357	20.242456	-641.448999	-225.569644	-5.275400	-715.690979	-171.917805	-33.023136	-725.781087	
-6.787125	-221.441941	645.560906	31.677910	-139.387230	410.327086	184.886242	-175.594991	452.833505	396.912764	-327.052783	329.103958	269.832153	-298.934707	516.094930	202.266382	-314.680895	600.238232	-118.210058	-172.488578	450.724793	-388.960495	-153.814356	372.358317	-351.813717	-331.899403	509.585993	-382.696841	-431.132174	543.431409	17.032276	-18.992308	197.718119	0.000000	0.000000	0.000000	145.520870	-203.452126	14.890563	267.175109	-384.101115	-398.351030	154.160852	-170.317973	-715.450382	161.629075	-283.549298	-762.716640	181.927271	-341.175863	-761.379731	-65.331522	-246.589534	7.935961	-119.666353	-272.199221	-458.297046	-319.217525	29.003271	-630.906743	-224.460176	5.850374	-704.673469	-169.489181	-19.631728	-713.568369	
-6.385993	-226.589997	643.505940	29.557407	-147.506969	406.859725	185.705576	-182.793793	437.894867	381.378397	-318.665414	275.245676	268.291895	-302.370765	472.353917	202.817570	-320.370289	557.690317	-118.659368	-185.428094	449.142731	-392.008421	-171.905782	379.190802	-299.028372	-352.410491	482.623690	-310.835116	-460.377358	494.878439	10.784238	-21.413111	197.910181	0.000000	0.000000	0.000000	144.184238	-204.368925	15.331929	257.333739	-386.296733	-399.760698	146.131949	-173.665298	-718.272060	150.390973	-287.672544	-764.047764	168.243195	-346.104249	-762.759710	-66.768930	-246.293619	4.352972	-114.232697	-258.915968	-463.160893	-320.814340	39.167587	-632.889906	-226.819551	13.371537	-706.755225	-171.729543	-12.227970	-714.502689	
-8.736738	-236.066813	639.449890	27.294915	-163.124002	400.852843	186.001694	-196.397252	418.047016	364.007114	-303.120586	217.727495	271.145616	-318.532060	425.200289	210.155445	-346.817932	511.068092	-117.968643	-208.159947	446.287844	-395.541128	-207.883788	393.854369	-255.629557	-384.110925	429.831452	-259.013470	-491.484875	409.686819	4.105208	-29.443524	197.128098	0.000000	0.000000	0.000000	139.146125	-208.165892	9.804963	244.195728	-385.936524	-409.199344	137.608667	-179.703717	-733.444130	139.682306	-294.320633	-777.827339	155.656658	-353.290962	-776.432570	-73.061039	-244.511121	-3.739206	-119.397756	-245.346393	-471.535698	-325.339079	48.585773	-649.101945	-232.704672	17.037675	-722.451288	-178.271582	-10.165324	-729.328976	
-10.738708	-247.732956	633.013168	27.423656	-184.105525	392.092708	187.773229	-213.647910	394.511892	345.017651	-278.432168	161.529272	278.419879	-341.799384	369.988055	223.942338	-386.257151	453.347971	-113.997233	-237.730450	440.244305	-393.172177	-255.549084	401.005589	-232.566193	-409.989485	353.261665	-239.961339	-504.912345	299.583134	-1.013842	-41.917243	194.897865	0.000000	0.000000	0.000000	132.216153	-212.850874	-2.052835	230.245833	-379.600337	-427.243644	130.156367	-186.079963	-761.248760	131.301245	-301.387646	-803.840239	146.141537	-360.633236	-801.754370	-81.702566	-241.249153	-16.159270	-130.458670	-229.922357	-483.573319	-331.223743	56.799742	-678.050934	-240.370087	17.827832	-750.046387	-187.221101	-11.893137	-756.536093	
-11.449846	-258.845796	624.428521	30.066083	-206.965892	381.257002	190.916376	-231.323140	370.099117	323.224495	-246.523193	114.233469	286.103638	-364.779730	305.396135	238.804855	-427.316665	381.192757	-107.784111	-268.867743	429.832321	-385.596672	-300.335105	389.510912	-234.481646	-422.045723	270.027122	-256.299992	-495.595545	192.175945	-3.925298	-56.642225	191.100788	0.000000	0.000000	0.000000	124.508497	-216.629012	-18.982246	214.328253	-365.795556	-452.438333	123.362793	-190.237807	-798.750641	124.196608	-306.457752	-838.793563	138.420943	-365.765777	-834.939787	-90.841295	-236.426719	-31.430096	-144.599579	-209.870046	-497.676959	-336.023468	66.460330	-715.245655	-248.008286	19.093371	-785.717215	-196.913954	-13.983146	-792.468527	
-12.655544	-266.987084	615.044295	32.390054	-228.102127	370.082382	192.923884	-247.174265	348.734468	298.844374	-213.278177	82.584858	287.510179	-382.080662	235.172499	244.964008	-460.629320	297.727298	-104.023441	-295.349840	415.504628	-379.025674	-326.227375	358.793259	-256.012203	-418.770295	190.778094	-297.569699	-467.842274	102.396322	-5.589906	-71.136555	186.149414	0.000000	0.000000	0.000000	115.814793	-218.877887	-38.343505	193.213435	-344.940190	-481.423827	114.992428	-190.270385	-840.570285	114.779634	-307.653215	-877.072783	128.372309	-366.810800	-869.984455	-100.287286	-229.877430	-47.290726	-160.811883	-182.262253	-511.026551	-337.183630	82.348879	-754.361044	-254.332698	25.693373	-824.235349	-206.590013	-11.860729	-832.019464	
-16.741586	-270.850229	607.078259	30.686697	-244.722200	360.876373	190.833147	-260.063066	334.261284	275.598929	-184.263853	69.170824	278.874499	-390.832364	165.214838	235.306844	-480.700452	209.018461	-107.645010	-312.071522	399.895398	-377.409262	-324.220403	316.976864	-290.847741	-396.276190	118.884288	-351.958478	-420.349340	31.520774	-7.838851	-83.317938	180.941799	0.000000	0.000000	0.000000	105.540929	-219.968460	-57.147257	165.986768	-318.321395	-509.778925	103.369128	-185.405332	-880.507673	100.180373	-304.065806	-912.456545	112.666034	-362.722008	-900.701408	-110.606737	-221.573916	-61.714950	-177.641962	-145.571202	-520.747860	-332.275223	107.872046	-789.435027	-258.242986	41.358870	-860.510812	-215.872159	-1.813628	-870.056251	
-24.199132	-270.203539	602.639284	23.605041	-254.945494	355.597916	183.870774	-268.889066	328.932164	258.981332	-161.454136	71.988883	263.448650	-387.481569	100.226692	211.992166	-481.680965	119.510764	-119.317527	-316.591938	386.693454	-378.085429	-296.356364	275.223617	-332.397799	-352.324332	59.108303	-408.379394	-350.146438	-19.431345	-11.780770	-91.852318	176.543553	0.000000	0.000000	0.000000	94.065882	-220.430559	-73.162823	136.236687	-287.490512	-533.518133	89.436111	-175.976041	-913.520346	81.161374	-295.708117	-940.109165	91.926649	-353.354855	-922.916507	-121.520815	-212.096781	-73.384141	-191.927472	-101.227920	-524.751337	-319.892872	141.323584	-816.524097	-258.484249	66.011496	-890.777799	-223.760592	16.975402	-902.609793	
-32.934072	-265.421301	602.809027	13.573682	-257.813169	355.166887	174.423517	-272.136519	332.522623	253.029348	-143.869105	86.408211	251.179915	-367.753974	44.243340	188.217945	-455.988152	32.256208	-134.625596	-309.621473	378.553864	-375.648945	-253.686726	242.264175	-373.453482	-290.765796	17.439967	-456.443690	-261.619206	-47.440876	-16.561493	-96.203583	173.821312	0.000000	0.000000	0.000000	83.146487	-220.503473	-85.180398	109.897896	-254.796317	-550.272635	76.268068	-163.451382	-936.992935	61.693739	-283.700197	-957.945688	70.247276	-339.950517	-935.644038	-131.463253	-203.009640	-81.498983	-200.479126	-54.598387	-522.171488	-301.623419	175.498527	-833.881227	-254.593485	94.838041	-912.866119	-228.783436	41.214330	-927.309314	
-39.758592	-257.301004	607.388861	5.000313	-253.636057	359.335050	166.521047	-268.854570	342.902159	258.508534	-129.607912	107.631294	253.747062	-331.209546	1.613178	183.836557	-399.310791	-47.048027	-147.491303	-294.305891	376.256892	-368.005745	-208.610321	221.901847	-408.511562	-220.686647	-2.015645	-490.072924	-166.774795	-50.879525	-19.943902	-96.599243	173.245744	0.000000	0.000000	0.000000	74.993641	-220.360331	-92.779838	91.090428	-223.437712	-559.613694	66.587723	-150.003411	-950.809903	46.003048	-270.139699	-966.770794	52.296639	-324.988760	-940.567812	-138.675355	-196.382379	-85.677841	-202.994304	-13.667557	-513.999815	-282.785225	202.175460	-841.693148	-248.386385	120.807591	-926.265789	-230.673135	64.796258	-943.564294	
-42.479216	-246.961952	615.185822	1.210854	-243.864580	366.933795	163.234621	-259.462703	357.156875	273.260861	-116.772555	131.907107	277.500325	-282.509975	-24.358264	214.075331	-318.086952	-105.627692	-154.036786	-274.558710	379.186040	-357.494380	-168.641308	214.315358	-435.747878	-153.545196	0.834447	-509.297045	-79.880845	-32.489804	-20.142541	-93.760211	174.775747	0.000000	0.000000	0.000000	70.974268	-220.242058	-96.160850	80.322225	-196.263957	-562.572784	61.239711	-137.430525	-956.529556	36.367745	-257.177429	-968.909827	40.986013	-310.969434	-940.279130	-142.248898	-193.631098	-86.080395	-202.514407	14.365128	-503.317720	-269.698610	217.259902	-841.929168	-243.492622	138.889154	-932.083557	-231.222983	82.422681	-952.363111	
-40.978423	-235.462742	624.601507	2.762458	-230.225428	376.394355	165.085892	-245.310127	372.633341	293.684904	-103.575106	156.815853	320.774745	-227.608563	-32.360185	274.908120	-230.395895	-131.262434	-153.952465	-253.411799	386.238233	-348.435400	-136.230229	218.188545	-457.523519	-99.331927	21.557166	-519.724469	-12.033301	0.193319	-17.003260	-88.434579	177.858020	0.000000	0.000000	0.000000	71.056836	-220.297185	-95.973415	75.786668	-174.787362	-560.848571	59.536120	-126.625190	-956.378314	32.801633	-246.164855	-966.709933	36.772333	-299.377340	-936.922519	-142.298443	-194.768127	-83.391336	-202.756655	25.988598	-493.991653	-265.949708	221.578033	-837.632643	-242.984372	147.828003	-932.448614	-232.777399	92.029339	-955.526606	
-37.033006	-223.503790	634.197096	7.672262	-214.140195	386.283307	170.136210	-228.078276	387.619727	316.268591	-89.259089	181.274700	376.085967	-171.867095	-22.449453	348.668090	-151.508994	-126.020582	-149.673955	-232.492201	396.255700	-344.672826	-111.369924	231.632906	-478.316972	-63.144560	53.478034	-529.575136	32.242705	38.635776	-11.846596	-81.230138	181.671637	0.000000	0.000000	0.000000	73.997939	-220.567853	-93.085698	74.986461	-159.367818	-556.179645	60.002894	-117.917124	-952.518876	33.570971	-237.595164	-961.991297	37.908481	-290.623194	-931.927381	-139.812603	-198.542324	-78.555501	-205.331942	22.312792	-488.325657	-270.994478	218.108687	-831.385591	-247.471285	148.922539	-929.449234	-236.309677	94.277925	-954.740569	
-33.160975	-211.441886	642.997173	12.874713	-196.831351	395.581062	175.335461	-209.598864	401.419438	338.433881	-74.973810	205.259529	434.247199	-121.849617	3.943364	421.744171	-88.025206	-98.977745	-144.597240	-212.503957	407.870501	-347.897324	-93.315895	252.117133	-501.602376	-44.648210	91.083548	-545.245209	54.645930	77.578019	-6.549012	-72.729326	185.501527	0.000000	0.000000	0.000000	77.993390	-221.200876	-88.193105	75.669942	-149.838242	-549.825428	61.030613	-111.525266	-946.493122	36.085451	-231.524149	-955.938406	41.399589	-284.596137	-926.109744	-136.304292	-203.265093	-72.401846	-209.388843	8.005920	-485.928816	-281.344855	209.986616	-824.106062	-255.204171	144.512645	-924.037866	-241.130137	91.290399	-950.862876	
-31.074680	-199.498667	650.515290	16.132154	-179.499463	403.697480	178.414143	-191.653996	414.061563	358.899502	-63.233113	229.300036	488.211460	-85.276512	43.025407	487.945508	-45.252493	-58.420038	-141.143585	-193.885060	419.555390	-357.255385	-81.095326	276.831897	-527.861805	-40.344616	131.372518	-568.664974	59.863053	115.882301	-2.527824	-63.564943	188.934828	0.000000	0.000000	0.000000	81.774339	-222.345712	-81.646568	76.570349	-145.659687	-542.400948	61.589847	-107.524382	-939.073024	38.330343	-227.815143	-949.089758	44.777862	-281.042710	-919.766036	-132.975991	-207.768810	-65.475895	-213.082572	-11.471632	-485.037214	-292.614310	200.027370	-815.613369	-263.478299	137.097950	-916.348283	-245.891460	85.494347	-944.241620	
-30.898815	-187.889293	656.600409	17.101044	-163.150300	410.365805	178.971860	-175.530624	425.700636	377.062445	-55.778734	253.586386	534.581729	-67.668478	89.415620	545.933434	-27.773572	-11.444216	-139.777457	-177.098049	430.080599	-369.956497	-73.559532	303.221563	-554.850340	-46.363927	172.836489	-597.522167	52.478358	153.975410	-0.107657	-54.246496	191.834739	0.000000	0.000000	0.000000	85.194045	-223.826687	-73.718442	77.557038	-145.792867	-534.212552	61.520973	-105.658954	-930.646111	39.732072	-226.140099	-941.634476	47.226453	-279.576952	-912.947162	-130.090542	-211.716618	-58.224652	-214.817378	-32.310022	-484.388920	-301.387966	190.241072	-805.814282	-270.088048	128.702842	-906.759332	-249.555720	78.695646	-935.533815	
-31.773769	-176.888878	661.270529	16.660582	-148.436237	415.522599	177.868255	-161.757712	436.143346	392.267956	-52.547955	277.053098	572.092541	-69.762366	138.227617	595.682901	-36.210586	37.178401	-139.719421	-162.504364	438.791874	-382.638810	-69.151273	328.922857	-579.379115	-60.062283	214.309400	-627.823883	35.213105	191.459296	1.189663	-45.061816	194.193920	0.000000	0.000000	0.000000	88.661332	-225.219727	-64.854165	78.999781	-148.791354	-525.579445	61.170550	-105.400679	-921.593108	40.838959	-226.023301	-933.759293	49.333615	-279.686070	-905.781211	-127.287732	-215.213509	-51.171911	-213.879164	-52.748912	-483.709222	-305.734978	181.871218	-794.922370	-273.843291	120.609767	-895.850546	-251.737042	71.818758	-925.532498	
-32.878358	-166.919849	664.638445	15.656844	-135.752837	419.239920	176.037600	-150.351483	444.842329	403.813622	-52.374252	297.457607	599.512468	-88.119986	186.417364	635.655407	-66.084812	85.912089	-140.200769	-150.304012	445.521939	-392.958818	-66.163631	351.556014	-598.734320	-80.277624	254.690956	-656.187968	8.408716	226.758292	1.817847	-36.294024	196.017092	0.000000	0.000000	0.000000	92.357907	-226.198152	-55.634820	81.158597	-153.184096	-516.878735	60.912175	-106.226808	-912.368999	42.436851	-227.021975	-925.725514	52.057367	-280.881818	-898.500744	-124.258226	-218.377759	-44.817774	-210.542478	-72.357057	-483.240321	-304.910534	175.281675	-783.419347	-274.324207	113.144397	-884.216059	-252.403673	64.898065	-914.908869	
-33.824403	-158.351627	666.914527	14.466004	-125.284355	421.716492	174.069500	-141.059640	451.186056	411.392408	-53.836083	312.356672	615.232520	-117.010460	232.582376	663.133206	-109.540779	134.894612	-140.915241	-140.468257	450.355534	-400.118186	-63.238533	368.837235	-610.692434	-106.437537	293.220214	-679.850765	-29.323274	258.335577	1.891351	-28.313593	197.327201	0.000000	0.000000	0.000000	96.075967	-226.695851	-46.574884	84.053036	-157.824345	-508.434809	61.040525	-107.800288	-903.397429	45.060370	-228.832078	-917.790032	56.053254	-282.823392	-891.356728	-121.075230	-221.188411	-39.421577	-205.488290	-91.420107	-483.286387	-298.935876	169.832439	-771.994501	-271.313496	105.718396	-872.408322	-251.267046	57.277620	-904.061095	
-34.443466	-151.340947	668.375227	13.254848	-117.116465	423.220092	172.373333	-133.660952	454.814052	415.265342	-55.884158	320.062605	617.905572	-150.256374	276.056319	675.759594	-159.073241	184.032701	-141.771594	-132.879435	453.426182	-404.287243	-59.801601	378.988328	-612.804542	-137.366260	329.694703	-694.930870	-79.761350	286.296974	1.495995	-21.555436	198.182709	0.000000	0.000000	0.000000	99.441626	-226.837147	-38.040662	87.605047	-162.126375	-500.506700	61.880323	-110.033694	-895.034322	48.827436	-231.315954	-910.247539	61.363687	-285.403424	-884.712992	-118.069162	-223.536385	-35.053430	-199.334600	-110.437816	-484.036714	-288.085968	164.162498	-761.625585	-264.140531	97.116680	-861.064090	-247.095174	47.906777	-893.283777	
-34.600154	-145.946757	669.305463	12.178386	-111.418634	424.015713	171.227647	-128.297735	455.780775	415.905859	-58.182863	320.059785	606.724892	-182.591728	316.027119	671.260931	-209.983856	232.493041	-142.693812	-127.620599	454.775677	-405.989551	-56.505447	381.197020	-602.567784	-170.475282	364.065847	-695.266644	-142.782396	313.208717	0.870348	-16.536466	198.668188	0.000000	0.000000	0.000000	102.086140	-226.830855	-30.282065	91.761526	-166.277798	-493.347023	63.702104	-113.077787	-887.567622	53.437550	-234.533220	-903.518271	67.407492	-288.826444	-879.193149	-115.574649	-225.324920	-31.761085	-192.644742	-129.673308	-485.514671	-272.504434	156.655536	-753.797995	-251.488651	85.962500	-851.355021	-237.658592	35.578962	-883.300218	
-34.381891	-142.287761	669.933435	11.184443	-108.457177	424.318522	170.515722	-125.512900	454.538325	413.420011	-61.277664	312.851872	581.546142	-210.276736	350.780915	646.663411	-259.785058	278.657144	-143.780624	-125.065207	454.386415	-405.906634	-55.116302	375.691209	-579.223998	-201.717549	395.559960	-674.190689	-213.070697	342.655746	0.177650	-13.750552	198.882256	0.000000	0.000000	0.000000	103.629930	-226.929803	-23.548291	96.486482	-171.462640	-487.309858	66.399154	-117.381271	-881.260885	58.237585	-238.848165	-898.301686	73.160233	-293.707058	-875.886478	-113.926884	-226.466162	-29.518264	-186.096701	-148.677200	-487.472128	-252.095797	146.225532	-750.177700	-232.292311	71.437268	-844.893482	-221.134304	19.518637	-875.393016	
-34.365844	-140.555161	670.342868	9.749142	-108.410587	424.237040	169.526640	-125.893373	451.734198	407.127621	-66.418585	299.378582	543.538201	-231.403664	377.338885	599.316162	-305.847578	320.417062	-145.526917	-125.618583	452.296039	-404.709518	-57.404670	363.037588	-545.291938	-226.760198	422.036658	-629.247752	-279.378950	375.894372	-0.737719	-13.397228	198.905080	0.000000	0.000000	0.000000	103.599594	-227.446403	-18.057622	101.664333	-179.939141	-482.752942	69.348605	-123.847776	-876.246151	62.252502	-245.048132	-895.515960	77.230327	-301.053545	-876.185064	-113.633587	-226.809079	-27.975612	-180.426314	-166.199898	-489.328628	-226.781300	133.007933	-751.366046	-207.294481	53.860545	-842.538941	-198.438787	0.085762	-870.469504	
-35.315634	-140.872768	670.442129	7.167511	-111.105212	423.750906	167.376533	-129.536352	447.916025	395.797416	-74.992702	280.426920	496.171725	-246.329657	392.115671	530.164008	-343.070403	354.981803	-148.548436	-129.248168	448.599526	-402.590080	-64.339242	343.501931	-506.037379	-243.028161	439.910064	-565.506417	-329.488765	409.341783	-2.206963	-15.152646	198.768175	0.000000	0.000000	0.000000	101.666710	-228.611773	-13.833193	107.132842	-194.585373	-479.681614	71.844050	-133.770713	-872.216621	64.495636	-254.178793	-895.861952	78.211415	-311.842095	-880.980889	-115.152152	-226.229000	-26.419819	-176.151112	-180.572374	-490.290433	-197.332891	118.239293	-755.998241	-179.683867	34.569963	-843.431054	-173.817874	-21.134500	-868.187266	
-37.514898	-143.097176	670.054499	3.212563	-115.860480	422.775465	163.742670	-135.769359	443.374293	378.319177	-87.710592	256.690101	444.922265	-257.878122	392.751749	447.659456	-365.939617	378.315954	-152.961148	-135.233790	443.476285	-398.581799	-75.796519	317.248173	-467.282157	-251.385475	445.210595	-494.204612	-356.897505	435.786408	-4.327059	-18.148222	198.482190	0.000000	0.000000	0.000000	97.978963	-230.385333	-10.655577	112.778461	-218.141924	-477.381942	73.870192	-148.543995	-868.111680	64.795175	-267.144834	-899.138953	75.865721	-326.487193	-889.623044	-118.455410	-224.765166	-24.218199	-173.460605	-190.142665	-489.789953	-165.951807	103.600597	-761.812439	-153.650773	15.566080	-845.807381	-152.366356	-41.717770	-867.421678	
-40.572888	-146.782734	669.080095	-1.641919	-121.640951	421.290356	159.073725	-143.406269	438.241557	354.323356	-103.807247	229.643357	394.987125	-270.494752	379.534868	365.784254	-375.319856	386.750205	-158.201737	-142.394506	437.177150	-390.443975	-90.406719	285.004081	-432.777118	-256.013056	435.695978	-427.633766	-364.420895	448.646218	-6.804491	-21.282140	198.101061	0.000000	0.000000	0.000000	93.095799	-232.500784	-8.208399	118.579727	-252.481547	-474.206000	76.552420	-169.563539	-862.002032	64.238418	-284.583034	-903.596355	71.857570	-345.097306	-899.775816	-123.043969	-222.580330	-21.348623	-172.056265	-193.865352	-487.990447	-135.618813	90.655426	-767.378990	-132.428148	-1.117171	-848.151212	-137.387179	-59.170826	-867.004546	
-43.859810	-151.370765	667.586820	-6.674892	-127.444151	419.408893	154.082657	-151.326005	432.722723	324.669833	-120.774057	202.135855	349.347212	-287.999932	354.884881	295.829703	-379.838709	379.271078	-163.497763	-149.581213	429.926237	-375.848702	-105.861520	248.842010	-403.297987	-262.451963	412.095101	-372.990875	-362.114061	445.191437	-9.268384	-23.704968	197.725650	0.000000	0.000000	0.000000	87.682388	-234.657040	-6.220328	124.448935	-297.867137	-467.582583	81.470908	-198.075030	-851.277616	64.492032	-306.867790	-905.931614	68.613207	-367.787351	-908.470928	-128.260485	-219.884024	-18.380678	-171.016931	-192.128124	-485.695179	-109.020031	80.068682	-772.754411	-116.722035	-14.843207	-849.493933	-128.485951	-72.685506	-865.807904	
-47.078241	-156.301611	665.789733	-11.545326	-132.544462	417.353636	149.099075	-158.755840	427.198988	291.842526	-135.204028	177.652742	308.965134	-311.366962	321.107154	241.667527	-389.343323	356.938570	-168.473919	-155.921466	421.937208	-354.174033	-119.537752	212.205181	-378.114307	-274.943651	377.133868	-332.108330	-361.107168	426.182015	-11.555471	-25.084085	197.434852	0.000000	0.000000	0.000000	82.194249	-236.674814	-4.467448	129.434654	-352.151716	-454.618372	88.916512	-234.347816	-833.442836	66.708991	-334.021447	-901.876746	67.735158	-394.219218	-912.355312	-133.576024	-216.889921	-15.930889	-169.377266	-187.036781	-483.700499	-87.635509	71.806223	-778.074928	-105.528411	-26.314184	-848.847604	-123.166290	-83.337751	-862.540124	
-50.478232	-160.969460	663.953572	-16.550999	-136.527755	415.359465	143.818808	-165.277727	422.108879	259.634992	-144.416756	158.755236	273.899175	-337.819431	278.328101	201.395153	-408.070068	319.573536	-173.393758	-160.827425	413.371523	-327.639234	-128.967131	178.874007	-356.895920	-294.331640	332.900716	-304.789289	-369.424003	392.837837	-13.651407	-25.477749	197.250562	0.000000	0.000000	0.000000	76.727431	-238.529879	-2.686647	131.137902	-410.763037	-433.473910	96.772473	-275.872715	-807.173083	70.576153	-365.077728	-887.593386	69.447618	-422.860323	-907.455993	-138.719746	-213.766445	-14.082773	-167.197902	-181.578683	-482.200588	-71.664358	65.540797	-782.438867	-97.762469	-36.267217	-844.973327	-119.564607	-92.444254	-855.885443	
-54.486643	-164.844713	662.205364	-22.210452	-139.407524	413.491309	137.726483	-170.921015	417.694548	231.998316	-147.592724	146.083941	244.081521	-360.955609	225.052333	171.334240	-432.092196	264.302687	-178.723954	-164.192504	404.364138	-300.457479	-132.652598	151.417477	-339.630022	-317.430813	278.885609	-289.139342	-388.884317	344.395229	-15.487088	-25.083746	197.165455	0.000000	0.000000	0.000000	71.268943	-240.231415	-0.651722	127.368798	-468.120190	-404.535292	102.114617	-316.701526	-772.587011	74.152355	-396.509781	-861.805623	72.255725	-450.452644	-890.462130	-143.539506	-210.668834	-12.354677	-165.712329	-178.395605	-480.807611	-60.496284	60.408175	-784.518095	-92.725653	-45.108971	-837.281165	-117.077961	-100.693083	-845.505431	
-59.121845	-167.717615	660.403138	-28.612976	-141.749187	411.520969	130.757145	-176.194045	413.824711	211.659585	-145.550565	138.652979	220.321546	-371.995645	162.175900	150.190971	-450.908908	189.517636	-184.523593	-166.592859	395.127429	-276.891814	-130.629231	130.607942	-325.005538	-336.721797	215.085902	-281.361548	-412.850697	280.247355	-16.838044	-24.160932	197.169954	0.000000	0.000000	0.000000	66.149368	-241.687155	1.549234	118.499087	-519.061304	-370.640925	103.780010	-350.003381	-731.515171	75.297081	-422.618158	-826.525820	73.349866	-472.797758	-861.351689	-147.827433	-207.801609	-10.155126	-166.308507	-179.111491	-479.001234	-53.385793	55.134563	-783.492557	-89.997670	-53.305303	-826.584409	-115.791645	-108.522279	-832.586364	
-64.001576	-169.756185	658.236901	-35.366174	-144.569384	409.051983	123.357010	-181.939049	410.076474	199.022778	-139.717665	134.947857	204.194400	-364.245121	96.654155	139.650924	-451.963740	102.377325	-190.456483	-169.133975	385.864620	-259.922170	-123.964513	115.808944	-311.478043	-343.385885	149.303050	-277.349462	-429.203074	207.758780	-17.558758	-23.238172	197.217997	0.000000	0.000000	0.000000	61.890352	-242.794239	3.370730	107.253075	-559.324339	-337.148499	102.407281	-371.544543	-688.919334	72.774054	-438.706320	-787.521434	70.196078	-486.297605	-825.771253	-151.451721	-205.293857	-7.375221	-169.519769	-183.802332	-476.622498	-49.893801	48.941317	-779.702918	-89.281893	-61.333895	-814.980359	-115.826760	-116.340568	-819.441628	
-68.547951	-171.396865	655.538396	-41.745264	-148.857453	405.896502	116.343148	-188.839639	406.159892	192.622251	-130.989474	134.059604	196.535038	-338.447393	39.976485	139.831616	-429.783023	21.654478	-195.955067	-172.863467	376.963389	-250.380755	-114.464937	105.996074	-300.738883	-336.497173	96.438511	-275.515840	-431.449712	144.336692	-17.775944	-23.226131	197.199958	0.000000	0.000000	0.000000	58.973088	-243.508806	4.056638	97.011185	-585.825533	-311.498091	99.156026	-380.665180	-653.451424	67.082841	-443.708540	-753.990233	62.943927	-490.002453	-793.668540	-154.201778	-203.314822	-4.741323	-174.424789	-190.823644	-474.226517	-49.445894	42.042608	-775.044243	-90.013258	-69.286160	-805.321895	-116.770653	-124.254256	-808.902005	
-71.986250	-173.102320	652.464837	-46.638234	-154.994912	402.310716	110.969564	-196.832338	402.359228	190.895038	-119.650969	136.166318	196.843535	-303.304366	1.474906	146.836998	-392.961466	-35.323489	-200.174984	-178.140837	369.374273	-247.403244	-105.074086	100.624257	-296.676605	-324.978206	66.861621	-276.365419	-425.108911	105.690991	-17.690595	-24.908589	197.002198	0.000000	0.000000	0.000000	57.930051	-243.773322	3.081672	90.898747	-596.885289	-300.937125	95.615583	-379.102109	-634.966602	60.568123	-440.115132	-735.764881	54.593351	-486.321771	-775.310723	-155.482621	-202.360083	-3.624461	-178.708935	-197.073944	-473.107094	-50.706730	35.487876	-772.887271	-91.147465	-76.541353	-800.645886	-117.639120	-131.664120	-803.798620	
-73.824058	-175.089332	649.444350	-49.221667	-162.437541	398.880707	108.171719	-205.070051	399.498617	193.166416	-107.016145	141.884482	203.391637	-269.324985	-17.668071	156.444791	-354.797574	-66.490211	-202.573008	-184.505440	364.377792	-250.585960	-99.605445	99.269178	-301.085059	-318.657858	61.966593	-280.362247	-420.361126	96.221997	-17.563444	-28.389507	196.542164	0.000000	0.000000	0.000000	58.903369	-243.559451	0.083553	90.632008	-592.062198	-309.337769	93.403950	-369.705588	-640.362402	55.907765	-432.105744	-739.415232	48.632244	-479.587647	-777.193014	-154.917949	-202.751337	-5.468959	-179.945031	-199.241220	-474.875682	-52.283640	30.772761	-776.759529	-91.709797	-81.858002	-803.525765	-117.537069	-137.304565	-806.508660	
-74.452461	-177.162193	646.951324	-49.912608	-169.954221	396.165907	107.496785	-212.479239	398.286424	199.169351	-95.793760	150.931721	213.881421	-242.183195	-23.020628	166.481360	-321.843588	-80.471714	-203.634275	-191.107421	362.755308	-260.894069	-101.025345	101.216849	-312.146280	-321.875777	78.328003	-285.776161	-422.745258	111.136341	-17.943776	-33.089442	195.771220	0.000000	0.000000	0.000000	60.943285	-243.004908	-5.034973	94.881308	-571.901564	-335.001071	93.148214	-355.586675	-670.011994	54.346620	-423.477961	-764.861434	46.627117	-473.659447	-798.873972	-153.163926	-203.861099	-10.910974	-177.119925	-195.109951	-480.305131	-53.588744	29.184015	-788.152468	-91.571859	-84.016587	-814.599557	-116.493494	-139.877731	-817.551121	
-74.752042	-178.916859	645.310567	-49.941102	-176.396894	394.460908	107.591132	-218.291379	398.824148	208.107138	-88.017323	161.908735	226.383263	-222.486184	-21.093560	176.447793	-294.326147	-86.198397	-204.409220	-197.304390	364.518399	-279.231552	-110.757457	106.241267	-324.715848	-333.998584	110.733465	-288.026687	-432.217438	141.610392	-19.443513	-38.316682	194.671628	0.000000	0.000000	0.000000	62.605963	-242.353124	-11.673760	100.311266	-538.080122	-371.293390	94.764180	-339.773685	-717.228702	55.796427	-416.438783	-805.064820	48.255600	-470.231944	-833.065835	-151.417622	-204.550158	-19.222954	-170.696966	-183.861404	-488.458107	-54.704612	31.344416	-805.585760	-91.206584	-82.371719	-831.906634	-115.157837	-138.653922	-834.892957	
-75.382418	-179.891816	644.572144	-50.279767	-181.092776	393.741725	107.418688	-222.005698	400.664199	218.293094	-83.592573	173.172698	239.542094	-208.280994	-16.318750	186.943139	-270.579271	-88.744200	-205.606868	-202.719074	369.249445	-304.918549	-129.188931	115.229095	-332.515005	-352.284096	152.546449	-282.722135	-446.362367	177.373278	-22.306951	-43.451557	193.281202	0.000000	0.000000	0.000000	62.955733	-241.811814	-18.826642	103.985214	-493.925235	-409.924878	98.352050	-325.227537	-771.223657	59.654695	-411.667906	-849.593192	52.277030	-468.891402	-869.734357	-150.558995	-204.049338	-28.869396	-161.949324	-166.121212	-497.284879	-55.971141	37.037840	-825.663843	-91.160676	-77.112543	-851.892236	-114.192316	-133.774239	-854.935720	
-76.598972	-179.637661	644.595877	-51.361336	-183.612582	393.807627	106.539740	-223.247992	403.128297	227.429521	-80.649074	183.458273	252.167717	-196.750305	-11.000610	198.471389	-249.270869	-90.066822	-207.380044	-207.096184	376.465194	-335.414796	-155.923187	129.920559	-331.138369	-373.807330	196.507452	-268.728858	-462.607695	209.390408	-26.460420	-47.745703	191.737985	0.000000	0.000000	0.000000	61.722558	-241.486921	-25.791724	104.487129	-444.108950	-444.501564	104.085310	-313.768543	-821.381744	65.151182	-408.538788	-889.307740	57.297308	-467.992905	-901.061448	-151.016531	-202.095978	-38.585081	-152.418630	-143.596204	-505.015309	-57.837287	45.581929	-845.020783	-91.909864	-68.916977	-871.204785	-114.109941	-125.906504	-874.305958	
-78.477696	-177.905780	645.169372	-53.388501	-183.746063	394.402732	104.747658	-221.953314	405.527124	233.191211	-76.931073	191.811161	262.970069	-185.434580	-6.294720	210.456691	-229.797850	-90.955316	-209.618287	-210.401427	385.695146	-366.812747	-189.711080	151.905409	-319.520328	-396.058670	236.224451	-248.396014	-478.944142	232.011038	-31.781910	-50.504569	190.216876	0.000000	0.000000	0.000000	58.912013	-241.379292	-32.499728	101.781245	-393.461511	-472.085503	111.120269	-304.691467	-860.750031	71.089308	-405.112123	-919.268578	62.040417	-465.374932	-923.866025	-152.897985	-198.718848	-47.650928	-143.485482	-118.218997	-510.697929	-60.703653	56.427766	-861.387816	-93.797027	-58.350704	-887.603715	-115.234263	-115.628807	-890.755036	
-81.012888	-174.829472	645.988888	-56.400260	-181.719174	395.201658	101.996219	-218.547891	407.234600	233.890508	-71.041325	197.355065	270.702831	-173.105347	-2.978456	221.508548	-212.380808	-92.031990	-212.023821	-212.929028	396.354483	-394.520801	-228.431715	181.295540	-299.565444	-417.043642	266.937953	-226.136415	-494.337254	242.848584	-38.033324	-51.399161	188.824928	0.000000	0.000000	0.000000	54.683008	-241.380394	-39.193036	96.778938	-345.832964	-492.536194	117.567349	-295.306962	-887.558242	75.907559	-398.900125	-938.979298	65.353118	-459.092557	-938.663281	-156.036927	-194.164242	-55.590556	-136.083458	-91.760205	-513.953533	-64.773932	69.166183	-873.613607	-96.951166	-45.858316	-899.891587	-117.652178	-103.405264	-903.067094	
-83.840783	-170.956455	646.705253	-59.881305	-178.294892	395.867506	98.807750	-213.903536	407.716503	229.157934	-62.996062	199.295118	274.679499	-160.268362	-1.631779	230.395266	-198.374765	-93.718586	-213.775010	-215.309082	407.731495	-414.134914	-269.283442	216.058578	-274.887307	-435.680268	285.684735	-206.487443	-508.886191	241.995218	-44.560385	-50.601158	187.609051	0.000000	0.000000	0.000000	49.725584	-241.283219	-45.832243	90.925393	-303.818017	-506.911846	121.716550	-283.422016	-903.980305	78.539206	-388.784197	-950.302380	66.678885	-448.645756	-947.054079	-159.763101	-189.123736	-62.012493	-130.585179	-66.187546	-514.800179	-69.893505	83.097443	-881.362905	-101.190924	-32.170664	-907.636030	-121.163341	-89.975194	-910.799229	
-86.072652	-167.148492	647.098194	-62.582476	-174.595502	396.219263	96.439239	-209.133666	406.697819	220.238781	-54.226514	197.219521	275.157043	-149.185223	-2.461623	236.721161	-190.296118	-95.873338	-213.424252	-218.359683	419.143748	-422.751236	-309.028567	252.538834	-249.656051	-451.969631	291.673359	-192.594633	-523.244617	231.587642	-50.267012	-48.708683	186.665349	0.000000	0.000000	0.000000	45.393744	-240.942949	-51.737060	85.790981	-269.371738	-516.239259	122.890029	-269.310746	-913.292291	78.676607	-375.915629	-955.621698	65.983288	-435.495486	-950.748774	-162.936526	-184.757655	-66.737416	-126.864802	-43.956641	-513.789149	-75.385670	97.151693	-884.971121	-105.956368	-18.339478	-911.119998	-125.265318	-76.370632	-914.253139	
-86.786973	-164.271539	647.170608	-63.152270	-171.679114	396.304083	96.204478	-205.308929	404.369631	209.548147	-47.169175	191.417193	273.073539	-143.306084	-5.122754	240.753156	-191.134085	-97.648676	-209.625947	-222.712649	429.995581	-420.546742	-344.143768	286.598470	-228.175603	-466.286818	286.746887	-186.150612	-537.726220	215.495682	-54.119515	-46.526389	186.144122	0.000000	0.000000	0.000000	42.960145	-240.466965	-55.864880	82.229258	-244.257241	-521.317344	121.333701	-255.192004	-918.027221	76.186320	-362.636663	-957.124100	62.818137	-422.010043	-951.581677	-164.594021	-182.124084	-69.837036	-124.459597	-27.421786	-511.920483	-80.000910	110.340063	-885.260566	-110.370889	-5.237941	-911.259243	-129.272481	-63.402269	-914.406886	
-85.725403	-162.711281	647.049449	-61.068078	-170.019083	396.278445	98.523279	-203.110093	401.394540	199.785562	-44.274909	182.943070	269.264800	-145.945213	-8.737696	242.398206	-202.938144	-97.749848	-202.175691	-228.328554	439.668815	-411.593515	-371.054484	314.891759	-214.632452	-478.527890	275.124833	-188.673369	-551.919093	198.402740	-55.750477	-44.645135	186.123500	0.000000	0.000000	0.000000	42.635396	-240.145586	-57.472953	79.892169	-229.366836	-522.981468	117.340341	-243.362498	-919.754967	70.634726	-350.994045	-956.432509	56.284192	-410.127991	-950.787712	-164.659090	-181.450751	-71.418445	-122.842116	-17.834709	-510.123903	-82.129157	122.213497	-883.040347	-113.482520	6.933150	-909.192787	-132.584517	-51.158569	-912.468888	
-83.391018	-162.289266	646.870034	-56.900349	-169.359651	396.279255	102.708602	-202.669494	398.734416	193.006855	-46.643027	173.555205	263.859471	-158.593040	-11.789967	240.438775	-225.376563	-94.763476	-192.333578	-234.350171	447.544737	-402.229799	-387.100876	336.159690	-212.188286	-488.301393	261.538776	-202.278321	-564.894369	184.197126	-55.544269	-43.216922	186.521829	0.000000	0.000000	0.000000	43.546990	-240.205875	-56.529793	77.731858	-223.292644	-522.091564	111.052117	-235.027516	-919.306250	61.549202	-341.913491	-954.463840	45.601986	-400.645508	-948.908523	-163.891260	-182.114748	-71.494465	-121.956343	-14.953517	-508.850079	-80.510765	132.844679	-878.682036	-114.604473	18.583514	-905.858257	-134.819484	-39.112025	-909.442259	
-80.702720	-162.590290	646.750822	-51.856714	-169.067991	396.404199	107.513319	-203.579577	397.260801	189.887966	-53.225031	165.287445	256.221976	-179.840382	-12.121921	232.873005	-255.411514	-87.201884	-182.234716	-239.490633	453.292730	-397.399406	-391.707233	351.655666	-222.594114	-495.599488	248.820306	-229.641143	-575.566187	174.644240	-54.303205	-42.135368	187.133732	0.000000	0.000000	0.000000	44.489267	-240.656459	-53.814441	74.628348	-222.906565	-519.624491	102.731461	-229.802507	-917.355700	49.002565	-334.893802	-951.710203	30.752887	-392.957780	-946.219408	-163.276404	-183.227483	-70.043491	-122.648483	-17.229964	-507.965336	-75.226933	142.478370	-872.083674	-113.665645	30.252500	-901.821887	-135.869419	-26.669029	-905.969046	
-78.495653	-163.195731	646.707909	-47.000909	-168.761834	396.658746	111.996111	-204.958451	397.244676	189.797573	-61.376392	159.474125	245.720260	-205.867473	-7.560936	218.579732	-288.297888	-73.604783	-173.801102	-242.659089	457.115205	-398.181338	-386.570441	363.633323	-246.749154	-500.635836	237.209507	-273.275712	-582.375240	169.671119	-52.750449	-41.330594	187.756313	0.000000	0.000000	0.000000	44.700766	-241.300075	-50.664931	69.834666	-225.140990	-516.829705	92.840915	-226.200509	-914.946576	33.884310	-328.582236	-948.906953	12.804990	-385.684904	-943.468880	-163.394625	-184.169001	-67.242553	-126.156046	-22.367978	-507.032348	-68.090679	151.356411	-863.102523	-111.288521	42.235186	-897.497967	-135.923444	-13.606732	-902.504736	
-77.394159	-163.617159	646.753233	-43.101089	-168.352155	397.055316	115.578165	-205.899667	398.347337	191.314404	-68.815705	156.116622	232.277652	-232.651768	3.193476	198.175900	-319.759335	-52.864649	-168.289446	-243.442340	459.372378	-403.663562	-373.597883	373.033567	-286.148218	-502.052297	226.012449	-335.097196	-581.102159	168.553427	-51.207350	-40.815510	188.295412	0.000000	0.000000	0.000000	43.824263	-241.921374	-48.418001	62.960022	-228.170344	-514.944697	81.605785	-222.754552	-913.254197	17.017219	-321.736707	-947.048526	-7.158155	-377.610155	-941.725545	-164.441527	-184.490335	-63.717233	-132.921472	-27.837498	-505.811931	-61.502004	160.046460	-852.130566	-108.253095	54.859743	-893.441967	-135.167334	0.199730	-899.620453	
-77.583755	-163.379375	646.990104	-40.526083	-167.782679	397.681411	118.005570	-205.897083	400.047418	192.945521	-74.807983	154.276465	216.421096	-257.453241	20.129760	173.466149	-347.129088	-24.661825	-166.217506	-241.931221	460.113267	-412.844756	-353.333149	379.116722	-341.533659	-495.164510	215.641359	-413.816548	-564.094996	171.254487	-49.607516	-40.539318	188.782730	0.000000	0.000000	0.000000	41.860402	-242.408639	-47.713506	54.147566	-231.618047	-514.548610	68.987270	-218.604484	-912.842325	-1.292415	-313.615932	-946.677174	-28.649465	-368.017455	-941.510826	-166.349113	-183.913015	-60.345346	-142.243411	-31.482741	-504.378311	-57.098289	169.447919	-840.108704	-104.842454	68.558597	-890.092514	-133.364291	14.903361	-897.700893	
-78.426770	-162.348001	647.426732	-38.885151	-167.134869	398.507004	119.722654	-204.864109	401.771894	194.123984	-79.708153	152.765591	199.624081	-278.685419	41.934512	147.171132	-368.803182	9.986930	-167.032751	-238.456098	459.215748	-423.874515	-326.096595	380.811147	-408.963778	-473.670958	207.822479	-501.508240	-523.670972	178.124945	-47.773283	-40.415628	189.281672	0.000000	0.000000	0.000000	39.561173	-242.711405	-48.134264	44.136028	-236.030772	-515.185509	55.440880	-213.215037	-913.154221	-20.371569	-303.772955	-947.256166	-50.840979	-356.510079	-942.252593	-168.532677	-182.757293	-57.741614	-152.627405	-32.169609	-502.771634	-55.586368	180.349697	-827.973574	-100.786977	83.391013	-887.239588	-129.704723	30.203541	-896.465842	
-78.869802	-160.855763	647.945087	-37.423581	-166.593016	399.355507	121.508623	-202.902705	402.926431	195.231031	-84.185973	150.587266	184.032581	-295.659377	66.567472	122.600045	-383.944095	48.539070	-169.401948	-233.526735	456.763389	-433.959057	-293.602214	378.046791	-479.122494	-434.016279	204.352357	-584.758887	-457.503885	188.999596	-45.802177	-40.450824	189.760777	0.000000	0.000000	0.000000	38.063937	-242.837961	-48.699913	33.634073	-242.355939	-515.800084	42.155244	-206.323696	-912.859929	-38.802703	-292.123645	-947.434284	-72.177501	-343.090454	-942.624679	-170.070830	-181.856558	-56.050782	-162.157235	-29.807470	-500.797673	-57.386815	193.285885	-816.376876	-95.852384	99.003196	-884.109559	-123.254794	45.347914	-895.086156	
-78.289386	-159.485849	648.417282	-35.803158	-166.236053	400.028796	123.663674	-200.155677	403.250503	196.642981	-88.959871	147.294993	171.390874	-308.573407	92.177325	102.531706	-393.031035	87.876718	-172.092777	-227.731896	453.296778	-440.901378	-258.985974	372.297096	-541.466960	-378.307903	206.241555	-650.499333	-371.287255	203.229159	-44.128679	-40.607929	190.123425	0.000000	0.000000	0.000000	37.975933	-242.868409	-48.616708	22.667401	-251.429586	-515.408719	30.351073	-198.204850	-910.548620	-55.213411	-279.148466	-945.734650	-91.222764	-328.317661	-941.224457	-170.366588	-181.862767	-55.124811	-169.037118	-25.039661	-498.279517	-63.193774	208.558492	-805.796685	-90.416095	115.105663	-879.837591	-113.530236	59.843965	-892.571335	
-76.854825	-158.709986	648.823195	-34.272155	-165.904757	400.463706	125.810687	-196.848616	403.023399	198.203049	-94.579882	143.207769	162.417301	-318.089630	117.352327	88.185533	-397.565993	125.496258	-174.461424	-221.701024	449.736641	-444.275808	-225.743997	366.192148	-588.836033	-314.008274	213.754093	-691.603470	-277.293420	219.861113	-43.177620	-40.719128	190.317910	0.000000	0.000000	0.000000	38.989120	-242.903535	-47.629205	10.681187	-263.465930	-513.438474	20.625545	-189.653484	-905.204074	-68.972212	-265.803079	-941.046614	-107.367132	-313.177031	-937.026195	-169.527982	-182.768226	-54.714023	-172.307213	-19.118698	-495.386753	-74.014248	225.837095	-796.506118	-85.615498	131.629285	-873.621883	-101.026342	74.062551	-887.723091	
-75.124804	-158.650261	649.236649	-33.167802	-165.351782	400.756903	127.468515	-193.322491	402.807250	199.674434	-101.011062	139.238255	157.137301	-324.828201	140.725555	79.520991	-399.170774	159.220461	-176.274745	-216.064036	447.046718	-445.139823	-197.079334	362.506902	-619.308176	-252.209783	226.302570	-709.413986	-191.365504	237.498061	-42.942273	-40.587506	190.399256	0.000000	0.000000	0.000000	40.356619	-243.025976	-45.831628	-2.482480	-277.735988	-509.687696	13.084460	-181.573906	-896.389102	-79.919816	-253.255950	-932.763485	-120.433728	-298.885276	-929.414960	-168.130280	-184.119039	-54.497466	-172.457886	-13.815383	-492.629048	-90.759371	243.486124	-788.363737	-83.044055	148.312422	-864.776970	-87.642462	88.970329	-879.186606	
-73.363671	-159.192127	649.777132	-32.312382	-164.455295	401.111543	128.721057	-190.049040	403.056315	201.466481	-107.213582	136.504068	155.947494	-329.171199	160.348764	76.533778	-399.315699	186.163140	-177.137985	-211.459028	445.947584	-444.875574	-176.114197	363.103414	-635.829803	-205.669587	242.320289	-712.968900	-129.183711	254.398899	-42.885631	-40.192662	190.495757	0.000000	0.000000	0.000000	41.706310	-243.240059	-43.424385	-15.262040	-292.576102	-504.426541	7.893985	-174.474912	-884.615127	-87.629160	-242.662112	-921.180700	-129.760805	-286.849753	-918.534597	-166.595044	-185.627396	-54.093869	-171.424888	-11.097855	-490.554015	-113.884036	258.456743	-781.014147	-84.461160	164.235430	-853.216504	-76.546632	104.997933	-866.578622	
-71.270305	-160.166622	650.568906	-30.974931	-163.256118	401.743219	130.272827	-187.450329	403.838800	204.859370	-111.190622	135.836907	160.137659	-331.383483	173.530457	80.069967	-399.452537	202.667026	-176.316369	-208.429911	446.790657	-444.289821	-165.740502	368.281594	-643.696070	-185.886770	259.852457	-713.822732	-102.525989	268.777350	-42.247852	-39.718506	190.737569	0.000000	0.000000	0.000000	43.359123	-243.423589	-40.691065	-24.108765	-305.821847	-498.683387	5.447454	-168.227026	-871.807426	-91.195015	-234.953039	-908.126552	-134.010981	-278.509329	-906.060704	-164.858698	-187.433127	-53.179112	-171.740695	-12.710145	-489.534317	-143.076499	267.176991	-774.454085	-92.029838	177.686606	-840.349845	-71.833010	121.034716	-851.878873	
-68.293636	-161.396805	651.679875	-28.439571	-161.847175	402.764357	132.871300	-185.614425	404.888374	211.194249	-110.935516	137.507959	171.115470	-331.616891	177.497375	91.319293	-400.632174	205.113168	-173.242257	-207.099061	449.439036	-443.299322	-167.597323	376.606183	-645.817737	-199.814770	277.238535	-718.346374	-118.071211	279.241003	-40.483969	-39.348841	191.196176	0.000000	0.000000	0.000000	45.913654	-243.381606	-38.054572	-25.248919	-315.410298	-494.070122	6.133734	-162.425059	-861.000768	-89.673417	-230.641644	-896.759598	-131.869253	-274.815580	-895.086328	-162.598520	-189.829989	-51.612805	-175.161901	-19.923569	-489.739860	-176.701767	266.776633	-769.272224	-107.472012	185.843816	-829.385966	-76.985694	133.661765	-839.279651	
-64.132231	-162.704486	653.062890	-24.520167	-160.308493	404.119869	136.773807	-184.216369	405.924808	220.676168	-105.696963	141.351932	189.427869	-329.531306	170.117576	111.017339	-402.510971	190.585320	-168.103475	-206.901954	453.180646	-441.072992	-181.129216	385.215663	-638.946393	-247.153379	293.495825	-722.478636	-177.129423	285.406803	-37.490480	-39.122218	191.851966	0.000000	0.000000	0.000000	49.668094	-242.968378	-35.920299	-17.265762	-319.566924	-491.831417	9.935324	-156.642138	-854.795696	-82.711963	-229.372128	-889.981425	-122.832484	-275.446518	-888.525603	-159.586525	-192.942928	-49.424212	-181.584490	-33.273030	-491.015607	-211.316092	256.206647	-766.070633	-129.630871	185.745792	-823.684298	-91.725678	138.532898	-832.871572	
-58.947150	-163.971669	654.609747	-19.644647	-158.670363	405.662576	141.615677	-182.832797	407.031959	232.083136	-96.614447	147.059373	214.430128	-323.730182	150.601401	139.109004	-402.273640	157.730538	-161.920505	-206.824339	456.973896	-436.520285	-203.453316	390.796657	-615.107787	-318.615396	308.517854	-712.465010	-272.996723	288.847312	-33.553742	-38.975789	192.609178	0.000000	0.000000	0.000000	54.459782	-242.146117	-34.499425	-2.222618	-316.710011	-492.134386	16.064328	-150.245724	-854.049683	-71.030503	-229.677978	-888.923943	-107.725166	-278.526323	-887.521821	-155.811378	-196.656320	-46.762071	-189.134474	-52.037151	-492.807152	-241.873086	236.940707	-764.925060	-154.185096	176.300845	-824.843050	-111.860110	133.120001	-834.552698	
-53.296963	-165.047815	656.227429	-14.618365	-156.867472	407.260499	146.592616	-181.355281	408.659576	243.717253	-86.407887	154.188542	244.272505	-311.704564	120.323661	174.349883	-394.496891	108.099552	-156.115548	-205.984789	459.797278	-428.924550	-230.346139	390.677069	-568.687431	-397.016180	322.757730	-673.513261	-387.504550	293.304437	-29.134267	-38.740395	193.374345	0.000000	0.000000	0.000000	59.740248	-240.989349	-33.853456	15.503656	-306.201493	-494.280352	23.106629	-142.704770	-857.926429	-56.433289	-229.683113	-892.845990	-88.718243	-281.547932	-891.313856	-151.589233	-200.580381	-43.883942	-195.472851	-73.739121	-494.402387	-263.280768	213.088737	-765.455124	-175.996434	159.499580	-832.284678	-132.108675	118.355063	-843.741566	
-47.904007	-165.622929	657.866581	-10.262556	-154.718493	408.845099	150.822965	-179.942480	411.252608	254.476760	-78.104227	162.076825	276.051908	-290.799856	83.331576	213.851838	-372.775667	47.216635	-151.889028	-203.959633	460.915525	-418.142719	-257.884393	383.475729	-502.685789	-464.224633	336.552633	-601.914976	-495.136270	302.722745	-24.662402	-38.107788	194.120641	0.000000	0.000000	0.000000	64.757890	-239.678787	-33.931030	31.742330	-289.180024	-497.247364	29.731442	-134.068791	-864.621717	-41.070507	-228.190814	-899.825912	-68.491469	-282.772471	-897.939483	-147.555197	-204.162725	-41.019884	-199.374042	-94.702283	-495.238516	-272.521020	190.205923	-766.926854	-191.575863	139.959142	-843.605954	-148.862437	98.466220	-857.894679	
-43.236634	-165.377056	659.530135	-6.967967	-151.990438	410.426007	153.848143	-178.617066	414.874821	264.073503	-73.411305	169.954777	306.637305	-259.590907	45.732356	253.599137	-332.341653	-15.809928	-149.687983	-200.645222	460.002072	-403.859947	-283.799483	369.019594	-426.558061	-509.722500	349.805342	-507.598819	-576.126334	318.670977	-20.388850	-36.816466	194.864321	0.000000	0.000000	0.000000	68.981119	-238.404828	-34.576916	44.574736	-267.856261	-500.129671	35.327981	-124.743939	-872.232901	-26.418948	-224.952084	-907.684998	-48.968911	-281.696236	-905.189925	-144.221418	-207.042690	-38.354821	-201.018914	-111.538737	-495.119953	-269.801876	172.871089	-768.465293	-200.259273	122.580012	-855.592647	-161.640640	78.545309	-873.475967	
-39.337196	-164.128896	661.288661	-4.694862	-148.446515	412.087024	155.672848	-177.114979	419.221976	272.524159	-72.169298	177.280072	333.248566	-218.997813	14.002195	289.502338	-272.776085	-70.184123	-149.263782	-196.044087	457.124510	-385.054478	-306.913633	348.007503	-349.633531	-531.549516	362.487777	-405.233646	-623.085256	340.664445	-16.308797	-34.782850	195.620647	0.000000	0.000000	0.000000	72.197180	-237.297083	-35.615751	54.062751	-244.242901	-502.333357	39.886409	-115.039686	-879.338680	-13.124719	-220.150454	-914.732935	-31.068439	-278.471461	-911.370171	-141.788490	-209.113830	-36.124998	-201.344029	-121.919167	-494.198764	-257.974630	163.133409	-769.654248	-203.617137	110.086271	-865.507291	-172.601692	61.889422	-887.079796	
-36.091564	-161.770839	663.229207	-3.373232	-143.837459	413.919381	156.371651	-175.022911	423.900893	279.581180	-72.887689	183.918563	353.711714	-172.721879	-6.983322	317.932193	-200.317149	-106.238035	-150.210622	-190.121856	452.527831	-361.033742	-325.612579	322.175593	-278.851025	-531.490999	374.955123	-307.752413	-636.658222	367.814584	-12.309564	-31.973428	196.391027	0.000000	0.000000	0.000000	74.180490	-236.482142	-36.936045	60.637563	-219.862490	-503.565236	43.539837	-105.194324	-885.123008	-1.594537	-214.061436	-920.080794	-15.417146	-273.425094	-915.663027	-140.432142	-210.280923	-34.616933	-201.429446	-124.595858	-492.785838	-241.243364	160.978185	-770.634784	-203.991084	103.143381	-871.748310	-184.213196	50.513646	-896.022022	
-33.594975	-158.236513	665.304472	-3.160898	-138.034313	415.878887	155.798694	-172.073129	428.677232	284.728189	-73.731402	190.119482	367.186442	-127.097907	-15.448959	336.993344	-128.146317	-120.236596	-152.269235	-182.935070	446.614904	-333.490837	-337.683850	294.933079	-220.545700	-512.720383	387.297629	-226.368475	-621.297141	398.415423	-8.454741	-28.280201	197.159855	0.000000	0.000000	0.000000	74.397731	-236.167548	-38.479694	64.111299	-196.342717	-503.786687	46.296001	-95.672313	-889.241662	7.522094	-207.163599	-923.556146	-2.983443	-267.118466	-918.108883	-140.604615	-210.258954	-34.045558	-202.171726	-119.399359	-491.140047	-223.924768	165.345775	-771.826230	-203.333442	101.548900	-874.112582	-196.526940	46.010445	-899.000703	
-32.185786	-153.698709	667.251722	-4.283400	-131.286511	417.718889	153.729295	-168.354515	433.484102	287.750086	-73.538233	196.309040	375.264542	-89.612519	-13.425480	348.571503	-70.684816	-117.456221	-155.198783	-174.973426	440.303786	-307.825000	-341.971537	271.150901	-180.583334	-481.546688	398.641832	-170.394332	-586.141862	428.682742	-5.103563	-23.661500	197.882157	0.000000	0.000000	0.000000	72.198841	-236.582746	-40.084305	63.978639	-175.838586	-503.166372	48.060801	-87.229679	-891.653872	13.464260	-200.255494	-925.409629	5.096121	-260.479295	-919.270165	-142.835217	-208.702551	-34.335567	-203.986853	-107.541949	-489.317278	-209.252213	174.556800	-773.448041	-202.540713	104.747292	-873.638511	-207.022777	48.387291	-897.169943	
-32.127932	-148.887916	668.738147	-6.550779	-124.359525	419.155191	150.367148	-164.366200	438.307760	289.364917	-72.404522	202.879682	381.750356	-66.424816	-5.290693	357.718057	-37.079384	-107.537773	-158.487240	-167.372360	435.257507	-291.669121	-339.923509	255.578578	-161.537047	-448.419246	407.959416	-143.512654	-546.001431	453.777107	-2.756543	-18.542049	198.473814	0.000000	0.000000	0.000000	67.499320	-237.745581	-41.372705	60.458506	-160.715471	-502.045273	48.791569	-80.673214	-892.538004	15.876015	-194.262048	-926.084233	8.287962	-254.574255	-919.800584	-147.105122	-205.606059	-34.983091	-206.422901	-92.025775	-487.268694	-198.579070	186.285006	-775.052125	-201.559055	111.606447	-871.854885	-213.790362	55.572004	-893.321212	
-33.118704	-145.258345	669.536711	-8.897969	-118.575156	420.039520	146.866065	-161.044871	442.941039	291.348589	-71.308619	209.969120	390.639113	-60.888261	5.180108	369.544360	-30.648292	-97.453838	-161.016948	-161.868802	433.439276	-290.776336	-334.860617	251.691750	-160.944768	-424.656169	416.027154	-141.992599	-516.910249	471.492659	-1.685904	-13.985018	198.858839	0.000000	0.000000	0.000000	61.552635	-239.275918	-41.822582	55.237843	-152.779884	-500.822566	48.725261	-76.630520	-892.212798	15.238566	-189.953218	-926.092200	7.222763	-250.248124	-920.184887	-152.269821	-201.763167	-35.257785	-208.384960	-77.313654	-485.085260	-191.585474	197.536726	-775.796053	-199.928691	120.019422	-870.019194	-216.499309	64.500071	-889.850565	
-34.209742	-144.471014	669.551931	-9.638320	-115.486403	420.345948	145.102148	-159.612592	446.781865	295.807019	-71.386516	217.199829	404.012955	-73.503622	16.718596	386.545333	-50.956440	-88.541453	-161.126167	-160.199237	436.038988	-305.539267	-329.053795	261.600390	-173.556834	-417.433626	424.987184	-158.886149	-509.010354	482.822262	-1.625482	-11.233309	199.033745	0.000000	0.000000	0.000000	56.757913	-240.589849	-41.059519	50.844403	-152.616858	-499.784065	48.489785	-75.390347	-891.010310	12.786625	-187.764304	-925.775014	3.439497	-247.931346	-920.561247	-156.394101	-198.697882	-34.606682	-209.344156	-67.686539	-482.952159	-187.205251	205.360170	-775.001954	-197.184583	127.575157	-868.844623	-215.483038	72.399415	-888.107828	
-34.395528	-147.294998	668.736641	-7.559439	-116.039285	420.039256	146.482974	-160.943033	449.111221	303.909906	-73.344990	223.840153	421.089041	-102.126043	30.587901	407.595480	-94.784235	-77.380579	-157.444111	-163.110913	442.687077	-330.653897	-321.891853	285.898004	-194.839810	-427.632833	435.226436	-189.524653	-523.046070	488.278162	-1.895006	-10.957266	199.046749	0.000000	0.000000	0.000000	55.125554	-241.275874	-39.216657	48.974530	-159.392033	-499.064052	48.599014	-76.827081	-889.205489	9.654105	-187.692455	-925.307701	-1.686803	-247.582570	-920.927869	-158.009818	-197.705054	-32.911916	-209.967934	-65.092835	-480.902653	-184.461603	208.209180	-772.438509	-193.013186	132.972573	-868.474259	-211.168532	78.001298	-888.444470	
-33.183182	-153.147194	667.076721	-2.654082	-120.163772	419.029240	151.089779	-165.153493	449.514330	315.204383	-77.285831	229.175091	438.613133	-142.486192	49.105868	428.383309	-156.247038	-58.593533	-149.733387	-170.184090	451.582625	-357.550764	-311.557945	322.659389	-223.315828	-450.861203	443.080258	-233.376627	-551.159169	485.335681	-1.847701	-13.102177	198.917520	0.000000	0.000000	0.000000	56.975023	-241.189187	-37.046495	49.713758	-171.454714	-498.876338	48.978226	-80.387562	-887.120701	6.193656	-189.225920	-925.000760	-7.624796	-248.652971	-921.522100	-156.917569	-198.941676	-30.605086	-211.380897	-68.352973	-478.892587	-183.067642	206.672137	-768.542838	-187.373815	136.614992	-868.692702	-203.890608	81.837901	-890.531495	
-30.608588	-160.677620	664.666869	4.163757	-127.188972	417.246419	157.966385	-171.854638	447.911066	328.086175	-83.100590	232.537702	452.324631	-189.325219	73.833998	443.155550	-227.253029	-28.002048	-139.036741	-180.462081	460.254210	-378.025311	-298.097098	366.220727	-261.269033	-478.341326	442.415159	-292.695125	-579.182131	470.521298	-1.184052	-17.287710	198.602603	0.000000	0.000000	0.000000	61.182546	-240.371430	-35.624313	52.193044	-187.125127	-499.614017	49.238200	-85.310012	-885.168689	2.199171	-191.560272	-925.286249	-14.459512	-250.302174	-922.736302	-153.890179	-201.583744	-28.625029	-214.152907	-74.300886	-477.121210	-183.438585	202.984635	-764.361683	-180.597315	139.929446	-869.111443	-193.980001	85.424953	-893.615135	
-27.044567	-168.523600	661.734259	11.604088	-136.149744	414.740941	165.732457	-180.331600	444.456260	340.620290	-90.841357	233.246762	458.476494	-237.348195	104.594545	446.881635	-298.840537	15.278128	-127.353496	-192.745663	466.526737	-388.220420	-284.085580	408.206096	-312.292820	-497.808030	430.190546	-368.495272	-590.359306	445.089135	-0.072686	-22.958065	198.030763	0.000000	0.000000	0.000000	66.119149	-239.024810	-35.863887	55.254768	-205.056576	-501.621926	49.095432	-90.914876	-883.670598	-2.643244	-193.930450	-926.356747	-22.425388	-251.728263	-924.712144	-150.090266	-204.512155	-28.022773	-218.038633	-79.349261	-476.016765	-186.490582	200.197923	-760.965553	-173.572835	144.571965	-869.110948	-182.047168	90.477035	-896.537054	
-23.129749	-175.776038	658.582373	18.282776	-145.967133	411.714156	172.924547	-189.594038	439.520744	350.934409	-100.862793	230.611756	454.809580	-282.009357	139.498625	436.938209	-363.046698	68.740341	-117.150668	-205.554235	469.170543	-390.270056	-271.859122	440.792876	-376.255515	-497.210274	410.034903	-456.410561	-571.217169	416.711012	0.959886	-29.417888	197.172329	0.000000	0.000000	0.000000	70.272878	-237.483489	-38.133124	57.523507	-224.228612	-504.892364	48.432099	-96.627261	-882.599518	-8.625714	-195.674080	-927.824955	-31.790906	-252.218623	-926.980153	-146.723430	-206.743917	-29.441013	-222.212305	-80.341425	-475.877108	-193.264821	201.552655	-758.782552	-167.874685	152.244360	-867.780602	-169.336396	98.871022	-897.770886	
-19.746336	-182.036383	655.515662	22.867326	-155.674205	408.459807	178.185802	-198.516341	433.585751	357.269828	-113.659274	223.986371	440.699276	-320.123283	175.842089	413.316880	-414.192167	127.941978	-110.823826	-217.195414	467.923188	-389.816411	-260.610204	459.313696	-447.321412	-469.663989	389.204555	-546.392591	-515.539795	394.375077	1.308834	-35.887571	196.095972	0.000000	0.000000	0.000000	72.497851	-236.144829	-42.077328	57.367720	-243.794842	-508.890976	47.052242	-101.945489	-881.449434	-16.090542	-196.254785	-928.671803	-42.910665	-251.165981	-928.413767	-144.829527	-207.561675	-32.865555	-225.641172	-75.061559	-476.593562	-204.078552	209.997929	-756.975197	-165.539607	164.789220	-863.874515	-158.131210	112.849946	-895.460817	
-17.673171	-187.356688	652.734737	24.477871	-164.686300	405.233570	180.695177	-206.091065	426.968089	358.340764	-129.622295	212.962756	417.187546	-349.711020	211.028584	378.482166	-449.015955	187.928918	-109.863705	-226.198996	463.221553	-391.617819	-246.457128	462.981801	-516.462634	-414.598139	373.159897	-624.836789	-424.854804	382.971398	0.548429	-41.744693	194.936761	0.000000	0.000000	0.000000	72.300999	-235.311760	-46.816249	53.249860	-262.992198	-512.727478	44.650404	-106.409914	-879.381935	-25.203792	-195.381456	-927.503267	-55.879252	-248.236362	-927.515114	-144.898409	-206.659624	-37.866030	-227.237642	-62.755892	-477.744779	-217.484381	227.623476	-753.285004	-168.070221	183.912125	-856.261216	-151.705832	134.286836	-888.195594	
-16.830757	-192.194876	650.202003	23.321269	-172.897126	402.083289	180.784779	-211.500737	419.564564	353.814860	-148.403694	197.566671	387.672316	-369.122327	242.762790	337.701092	-466.040626	244.463148	-113.838054	-231.834736	456.006894	-396.240678	-225.297038	454.648184	-573.108820	-336.612471	363.806911	-677.303518	-308.718437	381.465055	-1.384230	-46.725234	193.799116	0.000000	0.000000	0.000000	70.404194	-234.919471	-51.448147	44.745516	-281.016016	-515.580851	41.283061	-109.577340	-875.614523	-35.342155	-193.136161	-923.129851	-69.790344	-243.613272	-923.037417	-146.308256	-204.429828	-44.044581	-225.995809	-44.674401	-478.911738	-230.362632	254.639269	-744.862819	-175.029751	210.369779	-844.537421	-152.366610	163.178143	-876.311602	
-15.988699	-197.332643	647.591492	20.895790	-180.624319	398.778609	179.971724	-214.326444	411.009902	344.459405	-168.615277	178.506134	357.820758	-377.196440	269.176440	298.654574	-465.222952	294.550976	-120.094253	-234.647733	447.741404	-399.835568	-196.227625	439.708846	-607.254585	-246.572023	359.906623	-694.581662	-185.354107	383.839253	-4.130519	-50.958874	192.689888	0.000000	0.000000	0.000000	68.800912	-234.482745	-55.453556	33.413358	-297.069864	-517.008536	37.711196	-111.201791	-869.800318	-44.930670	-190.070330	-915.201662	-82.600814	-238.187776	-914.656950	-147.318574	-202.020494	-51.210772	-221.552793	-23.844980	-479.841282	-239.882427	288.271836	-730.010898	-184.201660	243.166027	-829.115187	-158.876302	197.810318	-861.545926	
-13.373283	-203.603605	644.485348	19.464591	-188.273441	395.017625	180.208073	-215.013218	401.109242	332.018043	-188.273439	157.301065	333.773954	-374.186378	288.978807	269.235122	-448.529193	335.894222	-124.909935	-236.480596	440.030327	-397.190020	-163.057943	423.644378	-615.249893	-161.119693	357.525265	-680.432271	-76.736813	381.550446	-7.019864	-54.827545	191.540917	0.000000	0.000000	0.000000	69.822002	-233.395822	-58.669399	22.602552	-310.844747	-516.899050	35.139281	-111.577087	-862.098533	-52.055086	-187.193939	-904.412130	-91.952245	-233.468837	-903.197387	-145.907522	-200.881245	-59.121111	-214.667535	-4.154655	-480.490375	-245.826945	322.572197	-709.872969	-193.513645	278.479779	-811.242191	-167.840577	234.792315	-845.630650	
-7.355410	-211.291332	640.688468	21.366231	-195.835036	390.721161	183.331840	-214.738432	390.093624	319.640144	-205.155433	136.062283	320.336060	-361.908346	301.391564	254.843143	-419.996796	366.426793	-125.110819	-239.241251	433.784501	-385.805517	-133.223278	409.406356	-603.376917	-96.732757	352.338596	-650.481507	0.661711	367.891655	-9.039742	-58.602689	190.334623	0.000000	0.000000	0.000000	74.864556	-231.200308	-61.094484	16.449671	-322.660620	-515.434817	34.642901	-111.488610	-853.225939	-55.150270	-185.769869	-892.349942	-96.007486	-231.174824	-890.425619	-140.843537	-202.021986	-66.991050	-207.127328	10.433436	-481.056865	-251.361144	350.067511	-688.493081	-202.874845	309.739942	-793.275273	-177.084392	268.267140	-830.222889	
2.742981	-219.631450	636.512312	27.744331	-202.612787	386.246889	190.214068	-214.481368	378.945387	311.267799	-217.853082	117.147114	318.716655	-343.722343	306.902681	255.389514	-385.274606	385.364480	-119.558443	-243.396559	429.056394	-368.580087	-113.866831	397.337315	-583.623044	-61.941779	342.693766	-622.125108	40.351981	342.704503	-8.950201	-62.068912	189.236902	0.000000	0.000000	0.000000	83.226852	-227.870653	-62.762065	18.054126	-332.580566	-513.307041	36.574560	-111.590840	-844.740274	-53.644004	-186.630518	-881.358083	-94.137587	-232.331785	-878.850301	-132.779700	-205.251404	-73.341650	-201.143287	17.015092	-481.882188	-260.630979	364.958573	-670.917285	-214.069950	330.320860	-778.568766	-186.934258	291.711714	-817.597666	
15.648497	-226.945901	632.918988	37.325870	-207.323648	382.534198	199.717041	-214.309154	369.461288	309.316619	-226.697911	102.931438	325.576270	-324.196775	308.200351	265.031249	-351.072348	394.832766	-109.926150	-247.718512	425.883642	-351.900982	-107.107656	387.509200	-566.176853	-54.869453	330.215018	-606.145860	45.255450	312.217667	-6.032429	-64.506621	188.535850	0.000000	0.000000	0.000000	92.088195	-224.189274	-63.637677	27.360822	-339.341578	-511.692071	40.406319	-111.773502	-838.907656	-48.183220	-189.434038	-874.006680	-87.121500	-236.443994	-871.091316	-124.395178	-209.276205	-76.595660	-198.479132	14.803189	-483.143738	-274.752083	365.533486	-660.649836	-228.222943	336.975201	-770.084773	-198.577488	301.566834	-810.304936	
28.458911	-231.667332	631.031021	47.150107	-208.863096	380.675094	209.241903	-213.548894	363.502922	313.782219	-233.184992	95.380830	335.808452	-307.871045	309.489611	276.508089	-323.599463	399.651993	-99.531998	-250.353165	424.913213	-340.613571	-109.959005	380.585058	-555.567819	-67.336939	318.106004	-603.957791	24.532664	283.976705	-0.945183	-65.286007	188.361633	0.000000	0.000000	0.000000	98.403773	-221.457025	-63.751892	40.643361	-340.701430	-511.688196	44.929604	-111.232933	-837.806718	-40.385752	-192.692993	-872.400869	-76.908652	-241.585794	-869.207627	-118.623882	-212.789977	-76.068297	-199.733777	5.201889	-484.580326	-290.652912	354.407670	-658.150924	-244.475772	331.029395	-768.955571	-212.621302	298.821453	-810.164893	
38.104344	-233.171861	631.381842	54.398373	-206.901215	381.198225	216.274312	-211.541650	362.087047	323.237905	-238.969879	95.609671	345.674080	-297.465812	314.654359	285.255444	-306.134138	405.029243	-91.377920	-250.056032	426.816326	-335.757002	-117.430398	376.965191	-551.495870	-89.218376	309.242047	-610.164717	-9.125233	263.531248	4.427923	-64.265055	188.662813	0.000000	0.000000	0.000000	100.670390	-220.550200	-63.355362	52.111362	-334.920776	-513.648398	48.549228	-109.017978	-842.255595	-32.444271	-194.584782	-877.320988	-66.183061	-245.426358	-873.936724	-116.863505	-215.030628	-72.403973	-204.349047	-8.657368	-485.608165	-303.349174	336.824810	-662.183246	-260.431255	316.422530	-774.870162	-228.518685	286.692050	-817.857991	
42.603856	-231.658601	633.717588	57.655969	-201.859704	383.851736	219.515707	-208.088410	365.057605	335.983549	-245.434345	103.821634	353.341445	-292.663131	326.023967	289.647340	-297.227991	414.428686	-87.008335	-246.569000	431.468905	-335.980009	-124.970701	376.489009	-551.859835	-110.850638	304.919975	-619.126150	-42.341025	252.688777	8.168018	-61.674302	189.401227	0.000000	0.000000	0.000000	98.964744	-221.502751	-62.716273	57.386055	-321.770105	-517.051057	50.174391	-104.663951	-851.476480	-26.068942	-193.986776	-887.802692	-57.076507	-246.530997	-884.301140	-118.894818	-215.718441	-66.836830	-211.258971	-22.945595	-485.511931	-308.941955	317.761263	-671.830451	-273.527229	296.927728	-787.018570	-244.871411	267.881284	-832.684916	
41.826794	-227.649437	637.386018	57.313164	-194.416713	387.980238	219.311001	-203.097417	371.489732	350.920595	-253.330758	119.777127	358.217144	-290.393684	344.452072	289.334052	-291.866768	428.986804	-86.186840	-240.056324	438.168400	-339.200713	-129.555429	378.424258	-554.747243	-125.982349	304.583021	-628.228645	-66.629809	249.590458	9.500208	-57.890896	190.529922	0.000000	0.000000	0.000000	94.208249	-223.785077	-61.934360	56.177666	-302.379236	-520.823299	50.003092	-98.435131	-863.454486	-21.433152	-190.982734	-901.441470	-49.942399	-244.920983	-897.904091	-123.697013	-214.934275	-60.331513	-219.405738	-34.621820	-483.779981	-306.097829	299.534614	-686.663392	-282.454134	274.616872	-804.037255	-260.769446	243.961840	-852.414009	
37.455474	-221.617990	641.766894	55.084751	-185.046277	392.971390	217.280956	-196.237387	380.411890	368.044583	-262.182392	143.504113	360.513468	-286.465745	369.909352	284.500198	-284.823389	448.091554	-87.415394	-230.453308	446.131401	-343.295376	-129.888419	381.262548	-558.595779	-133.732044	306.720180	-636.986845	-81.477082	251.306444	9.086184	-53.278424	191.890885	0.000000	0.000000	0.000000	87.630261	-226.656138	-61.145339	51.720763	-278.462613	-523.994151	49.150167	-90.928255	-875.919867	-17.363485	-186.433091	-915.492168	-43.512097	-241.557903	-912.009322	-130.059701	-212.981925	-53.486066	-227.879649	-42.231431	-480.401600	-296.037371	281.537527	-705.936312	-287.145875	250.265155	-823.832545	-275.797453	216.465013	-873.622412	
32.037032	-213.967301	646.491343	52.890921	-174.006113	398.467749	215.270046	-187.174008	391.381368	387.999219	-270.233545	175.813616	360.716410	-277.823929	401.875036	275.788686	-273.553498	470.155460	-89.041215	-217.510395	454.652473	-346.705860	-126.556230	383.013793	-562.369934	-137.497809	310.247794	-645.979110	-92.551164	256.065443	8.478034	-48.195049	193.257913	0.000000	0.000000	0.000000	80.457244	-229.425792	-60.673369	47.989869	-251.773896	-526.128907	48.630817	-82.554368	-887.226945	-12.509879	-181.107353	-927.974105	-36.177767	-237.349703	-924.619381	-136.856235	-210.285712	-46.774734	-235.809107	-45.831937	-475.895500	-281.787527	262.132655	-727.652356	-288.497931	224.502672	-843.822475	-289.541298	187.645815	-892.717777	
27.976801	-205.027131	651.448426	52.117336	-161.512430	404.322568	214.557601	-175.785753	404.474678	411.266284	-274.271671	217.900490	359.220640	-263.671136	439.450960	264.461691	-259.154813	493.242369	-89.954988	-201.102277	462.992624	-348.697109	-122.074947	381.733620	-565.688840	-143.086769	315.410970	-655.948121	-108.317352	264.511342	9.370560	-43.081012	194.420884	0.000000	0.000000	0.000000	73.940296	-231.594896	-60.724435	47.529174	-223.913465	-527.035355	48.838691	-73.389225	-896.315996	-6.006136	-175.317034	-937.716155	-26.732532	-232.716712	-934.503916	-142.893757	-207.515105	-40.699392	-242.334435	-46.766701	-471.109486	-267.339880	240.624691	-748.811907	-288.590776	197.836371	-861.391217	-302.073514	159.242136	-906.986916	
26.505018	-194.888356	656.620743	53.063397	-147.755143	410.408239	215.206307	-162.248048	419.906816	436.817291	-270.162116	270.084136	355.472110	-245.509887	481.462849	252.088102	-245.588925	516.174688	-90.034395	-181.506040	470.224423	-349.105169	-119.658026	376.134107	-568.011290	-155.852441	324.214206	-665.872084	-135.639523	279.929611	12.906249	-38.212036	195.234551	0.000000	0.000000	0.000000	69.160791	-232.998690	-60.985371	50.436580	-196.458761	-526.298882	49.552525	-63.482711	-902.256382	2.311158	-169.073499	-943.850195	-14.731567	-227.678810	-940.753734	-147.174300	-205.433355	-35.699399	-246.922172	-46.833321	-466.834805	-256.343989	218.116843	-766.918725	-289.957597	170.741357	-874.539497	-313.926017	131.620255	-915.102055	
26.938264	-183.407159	661.799941	54.641346	-132.942479	416.375126	215.726807	-147.139528	437.363422	460.907064	-254.994698	330.323179	347.587275	-226.656533	525.928151	239.864233	-237.618159	538.918926	-90.318984	-159.728931	475.222945	-348.199833	-121.425043	366.475026	-567.538726	-177.187981	339.894080	-671.726278	-174.947097	306.934184	19.106939	-33.378706	195.611983	0.000000	0.000000	0.000000	66.359341	-233.882268	-60.715260	54.698537	-171.391089	-523.490912	50.182706	-53.290046	-904.357298	11.803036	-162.458541	-945.835572	-0.771871	-222.185804	-942.810543	-149.566056	-204.316669	-31.973099	-249.705707	-47.248991	-463.578407	-251.048252	196.865855	-780.980138	-294.105839	144.330982	-882.679072	-325.395905	104.800499	-917.443130	
26.678272	-170.578355	666.511851	54.603280	-117.520716	421.659721	213.500364	-131.514220	455.519567	477.585863	-229.814640	393.878779	333.386729	-211.509882	569.313317	228.086185	-238.710305	561.244634	-92.701678	-137.667165	477.242513	-347.151235	-126.749569	355.045708	-561.913869	-202.326314	364.572958	-668.778777	-218.475740	348.278491	26.469261	-27.976459	195.601526	0.000000	0.000000	0.000000	64.372214	-234.836693	-59.150365	57.704777	-151.193566	-518.673812	50.109361	-43.564138	-902.582224	21.140046	-155.688108	-943.815714	13.521370	-216.248440	-940.811205	-151.206280	-203.503696	-29.334144	-251.491305	-48.190681	-461.540261	-252.023359	179.006962	-791.265400	-301.203539	120.202966	-886.554129	-336.538706	79.518861	-915.648742	
22.212638	-157.033662	670.374510	50.395733	-102.448861	425.887911	205.989357	-116.822362	472.520704	481.503009	-200.386864	454.831394	312.058619	-204.460566	607.073751	216.544757	-250.409917	581.404108	-99.226058	-117.621360	476.653960	-348.785610	-132.114945	345.102466	-551.496347	-222.501553	396.718549	-655.978777	-254.121390	402.198516	32.175545	-21.691663	195.544028	0.000000	0.000000	0.000000	61.050280	-236.521077	-55.870057	57.958976	-138.320288	-512.542231	49.045297	-34.899230	-897.577404	28.814834	-148.966847	-938.693261	26.072542	-209.942211	-935.675011	-154.007779	-201.688244	-27.222081	-253.479079	-48.915740	-460.520327	-258.344104	165.438159	-798.701427	-310.572419	99.454986	-887.442431	-347.306099	56.812698	-911.578277	
11.237329	-144.133258	673.407120	40.545249	-89.075940	429.158840	192.210062	-104.456916	487.053577	471.388225	-173.837314	508.257915	285.316695	-208.069182	635.188197	205.930866	-272.234542	596.797209	-111.014822	-101.309292	474.699669	-356.474640	-134.265621	338.835074	-540.041230	-231.808685	432.185272	-636.266595	-273.525088	462.956090	33.455865	-15.078485	195.950518	0.000000	0.000000	0.000000	54.937536	-239.129696	-50.888858	55.985734	-134.243446	-506.081346	47.381151	-27.563625	-890.233439	34.135001	-142.499595	-931.772201	35.658260	-203.518371	-928.769914	-159.105453	-197.989116	-24.966980	-256.461537	-48.989200	-460.055666	-268.038384	155.056697	-804.394116	-321.039224	81.810817	-886.750014	-357.464082	36.911231	-906.937233	
-5.519243	-133.491392	675.708445	25.717695	-78.539202	431.675671	173.475169	-95.211484	498.611121	450.876887	-154.235793	551.224119	257.657693	-222.103361	651.054314	199.296896	-301.915973	605.041974	-127.303084	-89.358317	472.439195	-371.027078	-133.434280	336.601960	-530.066282	-231.374297	467.138876	-611.968305	-277.396687	522.999600	29.428460	-9.216422	196.957570	0.000000	0.000000	0.000000	46.858939	-242.108913	-44.478468	54.004517	-138.786835	-499.973709	46.376219	-21.755149	-881.120462	38.067327	-136.573397	-924.235875	43.095791	-197.411799	-921.402428	-165.632413	-192.903879	-22.171664	-260.223196	-49.718658	-459.815266	-278.697572	144.622539	-809.426359	-331.091010	64.960908	-886.012873	-366.393898	18.012293	-903.327624	
-24.796399	-126.531189	677.080449	8.339433	-71.587306	433.296383	152.712741	-89.532588	506.950340	426.054587	-142.254890	582.503660	235.416994	-244.741678	653.633808	201.802259	-336.040740	604.362091	-145.694273	-81.880328	470.198254	-389.856068	-133.006861	337.657975	-520.570666	-227.012624	498.909989	-583.821019	-272.944565	575.304177	21.629508	-5.063869	198.115579	0.000000	0.000000	0.000000	39.417990	-244.661779	-37.116790	54.505105	-150.517301	-494.404032	47.691469	-17.957026	-870.447648	42.765702	-131.606769	-917.038197	50.782223	-192.143856	-914.667211	-171.474413	-188.084689	-18.927779	-263.910838	-53.756261	-459.827686	-288.017800	130.081407	-814.736527	-339.070625	45.173114	-886.435430	-373.002801	-3.438555	-901.790558	
-42.917483	-124.081354	677.293196	-8.877328	-68.628798	433.749019	132.938123	-87.880756	511.904830	402.490001	-137.282518	601.932385	224.803643	-273.693869	643.468307	218.209879	-370.588279	593.858160	-163.544734	-78.979622	467.880099	-409.307913	-136.744210	341.153848	-509.574177	-224.520337	525.998728	-553.064047	-267.942773	616.384267	12.707096	-3.011371	198.928938	0.000000	0.000000	0.000000	34.953442	-246.378087	-29.443420	59.051650	-167.953425	-489.303480	52.772489	-16.929208	-858.328833	50.314642	-128.025560	-910.890855	61.107397	-188.159113	-909.442634	-174.990428	-185.125222	-15.639287	-266.709932	-63.278993	-460.299130	-293.895531	108.715270	-820.877327	-343.266217	19.482021	-888.379211	-375.820416	-30.477348	-902.327424	
-57.411905	-126.013850	676.437065	-24.066095	-69.591924	433.019507	116.249900	-90.380099	513.454972	383.831840	-138.557664	609.800898	229.800490	-305.936741	622.619598	250.540442	-401.550408	574.442298	-179.067847	-80.525945	465.407482	-426.640066	-146.551562	346.477064	-496.205039	-226.674146	548.136896	-521.438004	-266.391395	646.789113	4.658868	-2.855421	199.282218	0.000000	0.000000	0.000000	34.169886	-247.259374	-22.046329	67.986110	-190.221041	-484.437416	63.154874	-19.465672	-844.779914	62.208793	-126.086912	-905.953622	75.474021	-185.741053	-906.159176	-175.767000	-184.608855	-12.771766	-268.031461	-78.772714	-461.400039	-294.293894	80.535758	-827.827133	-342.061195	-12.413533	-891.350798	-373.403074	-63.482824	-903.995211	
-67.462717	-131.047503	674.881633	-36.473717	-73.695829	431.369926	103.568803	-96.214913	511.816020	371.599774	-144.798533	606.698792	250.772571	-337.551521	594.337395	297.266699	-425.308337	549.279562	-191.591229	-85.668278	462.822978	-440.564940	-161.803164	353.226442	-480.864949	-232.756741	565.987108	-490.572867	-267.934008	669.014961	-1.880018	-3.960893	199.308901	0.000000	0.000000	0.000000	36.126832	-247.491836	-15.279497	80.478492	-216.531724	-479.258837	80.956904	-26.099802	-829.634217	79.542046	-125.744254	-901.607740	94.175915	-185.007278	-904.500636	-174.473106	-185.969786	-10.581085	-267.727789	-99.132980	-463.067858	-287.933675	48.259798	-834.826934	-334.640994	-47.959051	-894.130401	-365.090707	-99.926466	-905.197009	
-73.602613	-137.066256	673.095632	-46.178078	-79.559714	429.193240	94.774159	-103.605091	507.582509	365.375711	-153.509717	594.115960	284.945253	-364.331104	562.635558	354.100108	-438.753098	522.985288	-201.262647	-92.790947	460.302525	-451.026046	-180.028522	361.288991	-464.657064	-240.131510	580.668635	-461.816882	-270.093149	685.743160	-7.225810	-5.573345	199.148152	0.000000	0.000000	0.000000	39.106112	-247.336670	-9.279197	94.556220	-245.117608	-473.092507	108.439325	-36.563535	-812.709808	103.204343	-126.331201	-896.528468	116.538311	-185.573268	-903.399258	-172.320320	-188.047709	-9.019525	-266.434902	-122.559252	-464.908826	-275.457792	15.988235	-840.489577	-321.780193	-83.163848	-895.075668	-351.564438	-135.894739	-904.165166	
-77.245777	-141.940742	671.519227	-53.754436	-85.589638	426.937555	88.873775	-110.567055	501.930306	363.250890	-161.409769	574.977733	327.857653	-382.336249	532.029621	415.385963	-439.221060	500.468815	-208.692356	-100.046784	458.231464	-458.684699	-198.280653	370.768527	-448.799405	-246.189975	593.327687	-436.085127	-270.546848	699.117631	-11.968805	-7.164730	198.868487	0.000000	0.000000	0.000000	41.519301	-247.083088	-4.112804	107.322911	-272.836253	-465.858497	146.652815	-49.568328	-793.931729	133.526746	-126.595330	-888.830380	140.854928	-186.047655	-900.927646	-170.478187	-189.770147	-7.878098	-265.500987	-147.486066	-466.314649	-259.660553	-12.707968	-843.327212	-305.682656	-114.711895	-892.659826	-334.624325	-168.234067	-899.589749	
-80.220196	-144.254832	670.446840	-60.123279	-90.376448	425.006993	84.257699	-115.684292	496.450935	362.629093	-165.565965	553.239098	374.282065	-388.263652	506.594914	474.842218	-424.665508	485.247042	-214.805003	-105.922105	457.037818	-464.536191	-214.244910	381.563757	-434.508028	-249.469415	604.685126	-414.206510	-268.294929	710.420034	-16.598309	-8.495041	198.483227	0.000000	0.000000	0.000000	42.270681	-246.989861	0.133810	115.853499	-296.039644	-458.540490	193.562659	-63.431287	-772.995720	169.174760	-125.760085	-876.105166	164.756343	-184.131795	-893.650710	-169.765272	-190.446068	-6.901657	-266.405298	-173.041586	-466.618022	-244.219944	-36.124890	-842.249954	-289.042292	-141.156118	-886.021406	-316.576244	-195.631381	-890.980656	
-84.165885	-143.591865	669.914051	-66.274689	-93.024213	423.600628	79.308803	-118.372615	492.546229	361.209989	-164.255259	532.922138	418.862184	-380.185670	488.695294	526.394052	-394.575326	477.604476	-220.596504	-109.529864	456.863490	-469.564765	-226.763365	393.090916	-422.964566	-250.047807	614.928375	-397.067268	-264.018433	720.192680	-21.348440	-9.403757	197.987561	0.000000	0.000000	0.000000	40.854464	-247.204915	3.385648	118.607088	-311.940979	-452.647462	242.658481	-76.522409	-749.660597	205.733727	-124.295920	-856.737489	186.705181	-178.414525	-877.802058	-170.568205	-189.765483	-5.756238	-270.108413	-198.473376	-465.100625	-231.835593	-54.424958	-836.749605	-273.992834	-162.610167	-875.158839	-299.401382	-218.224698	-878.578885	
-89.894934	-140.432314	669.720480	-72.704171	-93.334267	422.670412	73.254478	-118.765763	490.787241	357.895771	-157.440235	517.004212	457.107319	-358.901145	478.581538	565.858544	-351.457700	475.274356	-226.586146	-110.720987	457.485876	-474.308930	-235.720758	404.530140	-414.846363	-249.201638	624.093504	-384.929733	-259.822920	728.681294	-26.037990	-9.714591	197.410513	0.000000	0.000000	0.000000	37.545459	-247.687632	5.656463	116.543949	-319.567074	-449.090731	284.811909	-86.182903	-725.216020	236.592669	-122.204025	-832.400861	205.508553	-170.236908	-853.877475	-172.711179	-187.861213	-4.074132	-276.487715	-222.182526	-461.276303	-223.322453	-68.438942	-827.164380	-261.458035	-179.598102	-861.014938	-284.162179	-236.424915	-863.360609	
-96.924278	-135.769795	669.671575	-78.872849	-91.759663	422.114029	66.718591	-117.379896	490.942272	353.242296	-146.682812	506.728823	486.731944	-328.624731	475.369879	592.315074	-301.329773	475.969227	-232.275600	-109.917939	458.609915	-478.597076	-241.301256	415.482382	-409.621678	-248.579856	632.542323	-376.793388	-258.499925	736.322466	-29.955256	-9.394113	196.869739	0.000000	0.000000	0.000000	33.707156	-248.200772	7.143148	113.141023	-319.693554	-447.589156	313.418355	-88.111752	-703.101021	257.199194	-117.418241	-808.418362	219.199956	-160.979991	-828.244024	-175.244897	-185.535872	-1.803213	-283.994721	-242.417988	-455.586473	-217.990876	-78.889550	-815.085655	-251.246259	-192.526490	-845.700478	-270.964056	-250.480677	-847.370112	
-103.680877	-130.623548	669.802464	-83.361823	-89.070726	421.996121	61.435404	-114.704868	492.474803	349.076526	-134.223146	501.712299	508.213554	-295.579389	478.360624	608.214953	-252.072136	478.461423	-236.286384	-107.682879	460.228869	-481.620717	-243.521921	426.248729	-405.490084	-249.688021	640.938524	-370.513239	-262.875794	743.647458	-32.238058	-8.637543	196.543536	0.000000	0.000000	0.000000	31.555250	-248.450594	8.209054	112.836018	-313.983634	-447.094452	327.784401	-79.078906	-687.186965	268.010044	-107.867190	-790.673522	227.974046	-150.507549	-808.380685	-176.645528	-184.210719	0.594608	-289.772807	-258.294988	-449.622103	-214.198054	-86.388693	-803.280698	-242.525386	-201.837805	-832.014071	-259.338790	-260.709754	-833.306350	
-108.643003	-125.588329	670.315711	-84.955718	-85.894689	422.503661	58.973060	-111.024530	494.916289	347.154300	-122.123872	500.580841	523.285098	-266.013260	487.182430	617.649568	-211.548920	482.475677	-237.418599	-104.400448	462.587121	-482.932898	-241.841363	437.516155	-400.688325	-253.318585	649.718194	-364.099909	-274.907265	750.423899	-32.572036	-7.784540	196.524106	0.000000	0.000000	0.000000	32.750453	-248.266180	9.062647	118.066375	-304.242578	-446.777525	330.827122	-60.395155	-679.798451	272.202086	-94.544960	-782.307487	234.191986	-139.622938	-798.364673	-175.750521	-185.050371	2.387427	-290.948984	-268.918781	-445.582160	-210.449196	-91.040162	-795.177212	-234.660053	-207.648350	-822.978411	-249.067779	-267.158437	-824.089279	
-111.206396	-120.577985	671.329608	-83.487333	-82.475577	423.686024	59.715195	-106.500262	497.891422	348.096447	-111.712114	501.469097	533.150783	-244.605216	501.251801	624.269119	-186.085886	488.363508	-235.490460	-100.275702	465.784504	-483.185308	-235.153530	449.939514	-395.090713	-259.457063	658.684053	-358.150847	-294.799088	755.290522	-31.322534	-7.019944	196.755890	0.000000	0.000000	0.000000	37.382632	-247.595878	9.467847	127.989714	-292.060207	-446.619541	325.526860	-37.634756	-681.724239	272.310985	-81.183593	-783.620147	239.564398	-130.538092	-798.667392	-172.435652	-188.135400	2.932959	-286.227212	-273.166084	-445.177084	-206.237639	-92.463984	-793.438679	-227.812245	-209.690557	-820.806706	-240.700492	-269.549412	-821.844769	
-111.496226	-115.050854	672.806932	-79.516949	-78.758814	425.405036	63.214486	-101.274574	500.978634	351.650611	-103.711816	502.518541	538.252117	-233.299462	519.625592	630.222565	-179.170873	497.159978	-231.025589	-95.498085	469.665693	-483.231016	-222.606721	464.040105	-390.465430	-268.107924	667.140544	-356.394859	-320.896048	756.577854	-29.050732	-6.264065	197.129595	0.000000	0.000000	0.000000	44.442187	-246.441287	9.077675	140.003149	-278.526290	-447.037531	314.234916	-16.904927	-692.445369	269.695926	-71.350715	-793.257774	244.429614	-125.107261	-807.626918	-167.338975	-192.693843	2.082222	-275.978619	-270.210888	-448.661477	-201.815939	-90.225899	-798.580068	-222.556036	-207.669827	-825.659837	-235.001405	-267.623298	-826.640242	
-109.876885	-108.405503	674.640796	-73.668443	-74.475973	427.486552	68.930054	-95.387665	503.768661	357.354566	-98.914092	502.163985	538.584751	-231.374225	541.095525	635.370395	-191.508586	510.494198	-224.607861	-90.188147	474.010702	-483.042668	-204.075695	480.085841	-389.759978	-279.196585	673.943504	-363.740781	-349.800178	753.218698	-26.075549	-5.287824	197.573697	0.000000	0.000000	0.000000	52.568362	-244.885030	7.662219	151.646677	-264.192016	-448.422371	298.977366	-1.950195	-710.243587	265.347056	-66.805622	-809.107041	248.931472	-124.082884	-822.688976	-161.397748	-197.707742	-0.031113	-261.682329	-259.741544	-455.087326	-197.645937	-84.129196	-809.202227	-219.333846	-201.501643	-835.845897	-232.359335	-261.334112	-836.670114	
-106.601444	-100.238638	676.707010	-66.313128	-69.314382	429.789966	76.603290	-88.727734	505.872881	364.817632	-98.289789	499.181872	533.855658	-236.580771	564.046975	636.471047	-221.808567	530.208610	-216.596299	-84.298458	478.621541	-481.593812	-180.252304	497.726713	-396.199184	-291.401832	677.390682	-384.199621	-376.745833	744.612957	-22.454552	-3.850535	198.051073	0.000000	0.000000	0.000000	60.494663	-243.115148	5.122578	161.506041	-249.258760	-450.905254	281.573606	6.160887	-732.635687	260.311494	-67.687820	-828.580971	253.740310	-127.186858	-840.881747	-155.547535	-202.314665	-3.365378	-245.331022	-242.112577	-463.078766	-194.046434	-74.312177	-823.010198	-218.242606	-191.371906	-848.857964	-232.667144	-250.886524	-849.316139	
-101.801547	-90.568659	678.848839	-57.685271	-63.289639	432.156533	86.126901	-81.313256	506.881354	373.412514	-103.121845	492.914535	523.642979	-246.532336	586.562653	627.028009	-266.482339	558.160114	-207.238929	-77.847478	483.301909	-477.613426	-152.915868	515.831867	-412.319508	-301.470785	675.812312	-419.660461	-395.835307	730.473722	-18.350312	-1.887428	198.501800	0.000000	0.000000	0.000000	67.269556	-241.377979	1.515929	169.225336	-233.844923	-454.280843	263.744291	8.169531	-756.807906	255.321051	-73.114452	-848.640197	259.129496	-133.231620	-858.938106	-150.514038	-205.962939	-7.897936	-228.783024	-218.572287	-471.251276	-191.097755	-61.293961	-837.558616	-219.050670	-177.767545	-862.238177	-235.479480	-236.761965	-862.098161	
-95.653438	-80.002156	680.859094	-48.077782	-56.975791	434.376178	97.230642	-73.602066	506.484565	381.864814	-114.455597	483.723047	507.818946	-258.844879	606.983030	599.281928	-317.027923	595.048730	-196.844330	-71.211416	487.854568	-470.452126	-125.248202	532.739191	-438.515639	-305.137268	668.921373	-468.593320	-401.116370	711.697153	-14.248209	0.413328	198.846872	0.000000	0.000000	0.000000	72.515030	-239.841273	-2.924776	175.263105	-218.155536	-458.089568	247.445428	5.958850	-779.943428	250.430888	-81.482635	-866.293184	263.639852	-140.654941	-873.960416	-146.570160	-208.509815	-13.357786	-213.189922	-191.501527	-478.388831	-188.707365	-46.152568	-850.695162	-221.283972	-161.682521	-874.107473	-240.175851	-219.930209	-873.351945	
-88.520277	-69.653054	682.498930	-37.977066	-51.305310	436.214078	109.204471	-66.457556	504.760379	388.327542	-131.909055	472.977958	486.842067	-270.889391	624.256132	549.787840	-358.925077	637.699302	-185.893494	-65.114068	492.107952	-460.684998	-101.421435	546.580282	-472.021833	-299.599217	658.484906	-525.233244	-389.408309	690.877730	-10.726642	2.752852	199.049295	0.000000	0.000000	0.000000	76.562724	-238.469415	-7.829900	180.359986	-202.541057	-461.853806	235.143760	2.000237	-799.772510	245.559118	-90.838343	-879.670726	264.839415	-148.618156	-884.609182	-143.419814	-210.244006	-19.125899	-199.011919	-164.261756	-483.643388	-186.816559	-30.545592	-860.882013	-224.336227	-144.760447	-883.327128	-245.894039	-202.071789	-882.358739	
-81.056168	-60.728647	683.570639	-28.128819	-47.038095	437.483766	120.860560	-60.785703	502.320167	391.262365	-152.980567	462.487002	461.789968	-280.094070	637.911475	485.348716	-378.740887	677.998406	-175.142560	-60.325832	495.831626	-450.103521	-85.219707	555.602816	-507.775138	-285.733559	647.220400	-581.011201	-363.190221	671.373385	-8.016445	4.900722	199.135583	0.000000	0.000000	0.000000	80.117262	-237.083386	-12.787197	184.878104	-187.616709	-465.314146	228.941475	-1.355621	-815.160798	241.338975	-99.234611	-888.490272	262.304592	-156.574763	-891.168888	-140.462814	-211.686626	-24.424491	-186.750632	-140.413065	-486.765128	-185.637589	-16.321358	-867.472008	-227.661310	-129.028297	-889.555817	-251.643241	-185.374817	-889.104499	
-74.164229	-54.031800	684.024977	-19.384084	-44.409239	438.150972	130.904888	-57.179311	500.124684	390.831433	-173.474216	454.109510	434.725245	-284.924359	647.908196	419.611305	-375.128415	707.304897	-165.534139	-57.352339	498.704371	-440.758103	-78.553259	558.688711	-540.630560	-267.740865	637.168924	-628.165935	-330.616892	655.350940	-5.830415	6.692134	199.159440	0.000000	0.000000	0.000000	83.631529	-235.569382	-17.425663	188.803244	-174.220657	-468.399798	228.840835	-2.661943	-826.159567	238.454758	-105.087284	-893.448708	257.665887	-163.092094	-894.448491	-137.325385	-213.211231	-28.640791	-177.513220	-122.652188	-488.168097	-185.464792	-4.944788	-870.816055	-230.925243	-116.245494	-893.222356	-256.742553	-171.772176	-893.944149	
-68.883689	-49.814780	683.995407	-12.620024	-43.309248	438.354281	138.192535	-55.802655	499.100289	389.293550	-188.891289	449.709952	408.691863	-285.837962	654.967789	363.105423	-358.754995	722.036067	-158.041427	-56.321021	500.622942	-433.937050	-81.141853	555.952513	-566.859778	-251.142650	629.143216	-662.472054	-302.140152	643.425020	-3.810906	7.900504	199.164053	0.000000	0.000000	0.000000	86.887596	-234.062483	-21.356957	192.026710	-162.932136	-470.899688	232.644508	-1.632973	-833.336203	236.919829	-107.522450	-895.628634	252.848249	-166.521369	-895.433712	-134.264926	-214.766329	-31.399663	-172.654058	-112.211424	-488.554027	-186.262370	2.621271	-871.915456	-233.873693	-107.613650	-895.109551	-260.799721	-162.577151	-897.175853	
-66.262117	-47.973077	683.704670	-8.804076	-43.644775	438.292111	141.735214	-56.491460	499.639281	389.521041	-195.914636	450.986716	386.439717	-285.228874	660.555807	319.558441	-343.407221	724.080180	-153.678681	-57.070594	501.736365	-430.072084	-91.375187	548.913810	-584.812422	-241.088139	623.526556	-683.529918	-286.228662	636.317625	-2.173331	8.231632	199.175244	0.000000	0.000000	0.000000	89.132477	-232.954231	-24.053022	194.270441	-154.253021	-472.332571	237.669586	1.122655	-837.027467	236.552928	-106.642966	-896.158936	249.402441	-166.381852	-895.275429	-132.061215	-215.979883	-32.405417	-172.902861	-109.313430	-488.404951	-187.835793	5.544307	-871.709565	-236.219080	-104.111668	-896.023477	-263.436046	-158.881208	-899.154185	
-67.021277	-48.327748	683.351735	-8.739791	-45.486061	438.111694	140.915462	-58.935670	501.459969	392.650279	-193.275570	459.197892	369.240665	-286.359151	665.821144	288.671086	-339.384450	716.713498	-153.257814	-59.337913	502.273552	-429.049905	-107.305650	540.137109	-594.838397	-240.872784	621.375023	-693.050384	-286.485856	636.216704	-1.672562	7.338390	199.214988	0.000000	0.000000	0.000000	89.630150	-232.662264	-25.010543	195.126280	-149.090334	-472.323325	242.200788	4.648876	-837.255784	237.341695	-103.261189	-895.932983	248.192721	-163.394583	-895.008216	-131.487886	-216.456983	-31.541969	-177.830866	-113.664816	-487.905251	-190.074704	3.365488	-870.647613	-237.735293	-106.227254	-896.617618	-264.364276	-161.240655	-900.450368	
-70.991063	-50.685267	683.042855	-12.460916	-48.830878	437.852587	135.943689	-62.775115	503.975369	397.117547	-181.666102	474.703222	357.355793	-291.852582	670.109655	270.958488	-351.061085	700.491063	-156.760619	-62.838801	502.470313	-430.252691	-126.964464	532.232972	-597.868765	-250.748529	624.471570	-692.597371	-300.864212	645.950208	-2.834917	5.016342	199.273833	0.000000	0.000000	0.000000	88.181422	-233.300474	-24.202181	194.534928	-148.248315	-471.032672	245.742198	8.219104	-834.245028	239.382754	-98.152436	-895.530095	249.473956	-158.424573	-895.280660	-132.784769	-215.998371	-29.163235	-185.962231	-124.272158	-487.136822	-192.927957	-3.400048	-868.816178	-238.000914	-113.473341	-897.256301	-263.057130	-169.186988	-901.550782	
-77.003391	-54.586076	682.736605	-19.077151	-53.267654	437.399496	127.916241	-67.549125	506.533951	399.755254	-163.456454	496.091481	351.692808	-302.252717	670.250403	271.090087	-375.660667	673.015447	-163.295469	-67.161341	502.223251	-432.743180	-148.400222	526.595466	-594.309353	-267.752394	634.192087	-682.767468	-322.963565	666.953510	-5.471181	1.718045	199.274623	0.000000	0.000000	0.000000	85.178493	-234.625047	-22.057461	193.143511	-151.807060	-468.921156	248.884912	11.472005	-828.449036	242.899189	-91.690992	-895.028115	253.301438	-151.901827	-896.064264	-135.568224	-214.687845	-25.845141	-195.333541	-139.634851	-486.036951	-196.660610	-13.401224	-866.038306	-236.431287	-124.588639	-897.853302	-258.667477	-181.458232	-902.508208	
-83.506939	-59.198190	682.339290	-27.364907	-58.031158	436.586987	118.199806	-72.774298	508.587991	397.755581	-142.942054	519.935441	354.270793	-315.628031	662.042294	295.135077	-402.714160	633.544146	-171.755466	-71.825923	501.047422	-435.846339	-169.613695	523.169636	-584.387924	-286.475757	650.465582	-663.674105	-344.481391	698.376649	-8.933643	-1.492976	199.151254	0.000000	0.000000	0.000000	81.143795	-236.314439	-19.026053	191.765666	-159.422201	-466.298689	253.287931	13.933237	-820.121182	248.321030	-84.357901	-893.778419	259.609140	-144.354465	-896.538123	-139.228537	-212.760326	-22.046396	-204.190303	-158.246215	-484.420192	-201.966677	-24.936997	-861.993267	-232.674658	-137.751387	-897.860735	-250.405346	-196.159827	-902.794669	
-89.199775	-63.543278	681.814135	-36.337715	-62.361006	435.335557	107.900251	-77.980133	509.780453	390.660065	-125.227869	541.690469	366.823747	-327.760363	643.268766	343.005960	-418.255597	587.264331	-181.302800	-76.349824	498.450643	-439.340055	-189.113247	520.744490	-568.435933	-301.203317	671.395319	-634.978110	-357.798992	737.087712	-12.622453	-3.539793	198.925626	0.000000	0.000000	0.000000	76.624649	-238.082053	-15.375923	190.694648	-170.680784	-463.312895	261.320386	15.047464	-809.064939	256.319044	-76.877077	-890.527028	268.188488	-136.625625	-895.410920	-143.151049	-210.517341	-18.105569	-211.437420	-178.945472	-482.133085	-209.452539	-36.680379	-856.424980	-226.676252	-150.988419	-896.344367	-237.735791	-211.011283	-901.365263	
-93.172847	-67.001927	681.160837	-45.315754	-66.068047	433.660714	97.847618	-82.901547	509.893732	380.703524	-113.819945	557.225530	389.123799	-333.891164	615.564961	406.471438	-413.270693	542.824870	-191.295307	-80.477342	494.294196	-442.854420	-206.833004	517.705507	-546.614109	-308.073957	693.517333	-596.085566	-357.827689	777.324036	-16.219807	-4.124652	198.653382	0.000000	0.000000	0.000000	72.392342	-239.628407	-11.331170	189.689712	-184.643315	-460.130003	275.109392	14.689873	-794.789848	267.667002	-69.726749	-883.838437	278.725046	-129.365564	-891.292061	-146.632560	-208.401626	-14.326197	-216.365252	-201.201510	-479.156120	-218.433469	-48.297042	-849.228634	-218.347458	-162.843170	-892.073926	-220.558670	-223.850931	-896.914446	
-94.822749	-69.523028	680.365756	-53.721467	-69.640619	431.652758	88.722752	-87.607138	508.966659	371.040071	-109.196899	564.053169	419.054502	-331.084536	583.190100	474.652088	-386.731138	507.655105	-201.007018	-84.319073	488.972792	-445.542935	-223.622715	513.314333	-519.370478	-305.784828	712.624350	-547.957003	-343.284791	811.229552	-19.486138	-3.944599	198.363282	0.000000	0.000000	0.000000	69.311666	-240.693812	-7.293969	188.356703	-199.253716	-457.086614	295.544049	13.531040	-776.869311	282.835019	-62.728498	-872.442163	290.778766	-122.450003	-882.682465	-148.932673	-206.968150	-10.992220	-218.096244	-224.901723	-475.616944	-226.269575	-60.094960	-840.458892	-207.542919	-172.823203	-884.027200	-199.822670	-233.410930	-888.476026	
-93.933704	-71.327732	679.384740	-60.945478	-73.721911	429.477698	81.074546	-92.403579	507.400087	363.888611	-108.840037	561.711758	453.975118	-317.776553	550.063368	537.864058	-342.265875	484.824652	-209.571975	-88.221659	483.273593	-446.412034	-240.169896	508.059677	-488.460601	-295.839286	724.989248	-494.990727	-317.823189	831.855930	-21.975994	-4.019797	198.101383	0.000000	0.000000	0.000000	68.079691	-241.124514	-3.865800	186.695004	-211.319861	-454.692281	321.623277	13.443561	-755.197221	301.441011	-54.738601	-855.472220	303.818462	-114.486881	-868.086332	-149.481222	-206.702020	-8.199056	-215.290896	-249.803163	-471.656417	-229.232406	-72.142839	-830.237178	-194.103504	-181.574529	-872.036786	-177.329561	-240.338194	-876.003328	
-90.963781	-72.585075	678.148183	-66.441262	-78.583524	427.329226	75.265133	-97.677737	505.721184	359.878091	-108.620292	551.322003	490.881694	-292.060386	518.253604	589.003416	-284.453701	471.270232	-216.226639	-92.575311	477.951825	-445.056716	-256.329619	502.794380	-457.295349	-282.213907	728.860347	-443.997884	-289.101208	837.129293	-23.124985	-4.959298	197.949239	0.000000	0.000000	0.000000	68.879940	-240.921634	-1.772065	185.396304	-217.547350	-453.524215	349.955230	17.392889	-730.563738	321.696011	-43.887932	-833.312384	317.445904	-103.257377	-847.162675	-148.131410	-207.749912	-5.885988	-206.537627	-275.063972	-467.447336	-224.579769	-83.854008	-818.803210	-177.763192	-190.184373	-856.994877	-154.235519	-246.619924	-860.421854	
-87.073872	-73.396142	676.623823	-69.904610	-83.988591	425.346087	71.451192	-103.699746	504.216855	358.279023	-104.674569	534.754621	525.390464	-252.231617	487.782127	624.532023	-216.563415	459.641377	-220.559590	-97.672583	473.407528	-442.253143	-271.019755	497.872942	-429.441468	-269.655233	725.380306	-400.232765	-265.409584	830.619313	-22.604264	-6.729692	197.957115	0.000000	0.000000	0.000000	71.238545	-240.235181	-1.716793	185.354260	-216.285668	-454.051238	375.177283	28.354181	-705.339951	340.547483	-28.563197	-808.647238	331.264611	-87.367557	-822.449434	-145.316699	-209.770665	-4.112261	-191.015863	-299.165292	-463.352431	-212.641749	-94.438729	-806.801226	-158.688158	-198.873115	-840.550460	-130.715197	-253.277432	-843.370186	
-83.530862	-74.020254	674.865678	-71.270273	-89.585155	423.559299	69.777574	-110.451141	502.683921	357.602678	-94.939446	513.629562	551.871299	-199.336441	456.474495	643.153140	-141.212649	442.968142	-222.509298	-103.605116	469.649157	-439.727183	-282.662637	493.114550	-406.177770	-261.566534	717.513732	-364.253104	-252.624814	818.056213	-20.502209	-8.951539	198.097931	0.000000	0.000000	0.000000	74.479494	-239.222390	-4.034012	186.762677	-208.432254	-456.413145	391.840069	47.703037	-683.052569	355.104880	-8.276819	-786.144704	344.476487	-66.991171	-799.346487	-141.738815	-212.219326	-3.263657	-168.888894	-320.373391	-459.933033	-196.516765	-103.654182	-795.503002	-137.782507	-206.789607	-824.997288	-106.785222	-259.558259	-827.211936	
-80.725449	-74.971678	673.053408	-70.440624	-95.198871	421.990533	70.678994	-117.545798	500.580984	356.447437	-80.192214	488.546984	565.800970	-139.000365	420.587945	644.726009	-63.839470	416.734472	-222.084220	-110.118363	466.439440	-438.959081	-289.780156	488.411348	-385.473786	-259.111351	707.783975	-332.135267	-253.483343	803.019211	-17.182512	-11.326590	198.292034	0.000000	0.000000	0.000000	78.306853	-237.893484	-8.096125	188.722633	-197.439398	-460.173827	396.548176	73.262447	-666.466114	363.921159	15.609406	-770.017121	356.229659	-43.527510	-783.369690	-137.741963	-214.827876	-3.704148	-142.008989	-336.916465	-457.639734	-179.281239	-111.495698	-786.477044	-116.200894	-212.899856	-812.832478	-82.811681	-264.206996	-814.565890	
-78.015168	-76.730506	671.495155	-67.493824	-100.633101	420.765317	74.475486	-124.174741	497.453627	353.902854	-63.656705	459.222450	565.595279	-80.281509	376.665411	631.358493	6.698547	378.350861	-219.510909	-116.497527	463.581235	-440.128098	-291.685743	484.389281	-363.390238	-261.854307	696.867487	-298.893525	-268.387590	784.866990	-13.328698	-13.758344	198.434661	0.000000	0.000000	0.000000	82.796455	-236.188056	-12.278815	189.410611	-188.794880	-464.594782	389.044874	98.446592	-656.078336	366.711577	39.568894	-761.652231	365.449434	-19.500785	-777.266486	-133.206284	-217.637947	-5.234037	-114.972031	-346.417700	-456.969174	-162.812408	-117.128792	-781.739269	-95.604403	-216.295169	-806.349340	-60.286536	-266.305006	-807.739137	
-74.840691	-79.496811	670.555355	-63.208944	-105.386550	420.072005	80.437578	-129.294895	493.452236	349.067250	-48.924353	425.758919	552.025362	-32.259200	323.602133	606.983509	61.871762	327.085705	-215.650363	-121.731789	461.163655	-442.128814	-289.181299	482.704383	-337.097740	-269.316616	683.949183	-263.348073	-295.939034	760.098089	-10.114088	-16.073240	198.450541	0.000000	0.000000	0.000000	87.861272	-234.188011	-15.072900	186.732345	-188.366429	-469.305570	372.049532	114.751931	-650.425015	362.992190	58.906949	-759.560293	369.496663	1.889923	-780.569236	-128.167426	-220.585290	-7.268155	-93.784759	-347.166557	-458.684107	-148.854064	-119.503723	-783.452833	-78.425202	-216.584638	-807.361260	-41.873006	-265.707359	-808.439334	
-71.583760	-83.263382	670.530815	-59.016049	-108.678275	420.044048	86.788036	-132.023973	489.230302	340.654582	-38.152673	389.512372	526.748146	-0.618197	263.551742	574.828461	97.259337	264.752869	-211.882282	-124.958096	459.553023	-443.476963	-284.573383	485.681435	-307.287936	-281.928881	668.359177	-230.107129	-332.147269	727.246008	-8.874109	-17.826710	198.360076	0.000000	0.000000	0.000000	92.731767	-232.246540	-15.911757	178.815530	-200.149740	-473.909363	349.371392	116.355466	-646.427783	350.982643	69.686206	-760.140537	363.447505	17.789277	-789.905635	-123.403896	-223.212693	-9.228077	-81.925327	-339.580022	-462.791215	-138.722183	-118.518897	-791.795494	-66.651443	-214.411436	-815.606647	-29.828465	-263.338998	-816.261647	
-69.291318	-88.015252	671.448456	-56.349698	-109.809420	420.639738	91.738443	-131.902045	485.233925	327.524226	-31.792732	352.618315	491.465519	13.681032	201.089042	535.937743	113.118461	195.836397	-209.511303	-125.780860	459.117169	-442.719511	-281.150110	494.756436	-277.441812	-300.528037	650.427177	-204.493345	-371.600701	690.096057	-10.501511	-18.489330	198.219888	0.000000	0.000000	0.000000	95.890850	-231.029709	-14.867369	164.113755	-224.801475	-476.938002	323.188893	102.779672	-639.459218	328.148841	70.728923	-758.031369	342.075723	27.182341	-798.582105	-120.393659	-224.790042	-10.601378	-79.048141	-325.359669	-467.938940	-132.779712	-114.812333	-804.272787	-60.950232	-210.832084	-828.299337	-24.928970	-260.357184	-828.311790	
-68.969626	-93.720821	672.894716	-56.270529	-108.451932	421.559856	94.071657	-128.957871	481.286939	309.240173	-29.420661	316.974543	448.002351	13.197574	141.377062	490.257080	112.591911	126.261676	-209.462100	-124.333606	459.955061	-438.597484	-282.055686	509.113490	-251.180809	-325.301557	631.303449	-188.065339	-411.487943	654.428469	-15.332766	-17.623212	197.983812	0.000000	0.000000	0.000000	95.581722	-231.326650	-11.955559	141.565491	-260.012283	-475.922210	293.323227	77.353082	-624.857276	293.617036	63.458327	-746.996770	304.155220	30.647314	-797.464672	-120.792605	-224.563908	-10.852798	-83.055742	-306.674555	-472.171687	-130.664710	-109.129194	-817.203477	-61.010910	-206.646427	-841.601821	-26.792857	-257.427071	-840.754439	
-71.097612	-100.203839	673.997306	-59.360924	-104.767215	422.225763	93.178583	-123.739417	476.653192	286.208080	-30.269177	283.762971	398.847896	2.205439	88.408415	438.498506	100.159092	61.462503	-212.198139	-121.266051	461.756144	-430.118977	-289.265496	525.650781	-230.263456	-356.041838	612.393463	-180.056919	-452.420844	624.090175	-23.262743	-14.890590	197.434486	0.000000	0.000000	0.000000	90.591001	-233.528559	-6.964372	110.881325	-301.759299	-468.630154	259.206484	44.242716	-600.196511	250.688887	49.505671	-722.715727	255.574675	28.020961	-779.717143	-125.659555	-221.938655	-9.512871	-92.033114	-286.081396	-473.987109	-131.646299	-102.152020	-827.453514	-66.060260	-202.346045	-852.276301	-34.489121	-254.791028	-850.528755	
-75.430368	-107.161914	673.704867	-65.490679	-99.365129	421.935335	89.136019	-117.251291	470.528133	259.816539	-33.275971	253.687141	347.332259	-14.666829	44.162847	383.175196	80.608685	5.034448	-217.486152	-117.617409	463.867513	-416.625090	-302.987025	539.878159	-214.533918	-392.946836	594.577266	-179.420286	-496.277106	600.603084	-33.553109	-10.155120	196.250665	0.000000	0.000000	0.000000	80.737346	-237.217734	0.218276	72.774458	-345.362868	-454.142427	222.035604	6.885319	-566.702537	205.216791	29.707620	-686.316402	204.826445	18.231836	-746.339556	-134.888307	-216.569256	-6.362944	-104.730189	-266.222190	-472.845978	-134.833488	-94.433722	-833.290471	-75.102796	-198.127060	-858.518984	-46.941775	-252.453309	-856.093584	
-81.109662	-114.330934	671.349515	-73.609075	-93.213897	420.261291	82.847930	-110.761054	462.733558	232.476881	-37.267442	227.332675	297.308131	-33.269485	8.959927	328.419757	58.317553	-41.409233	-224.180352	-114.581036	465.712504	-398.324887	-321.501795	547.280331	-203.760885	-436.095068	577.920709	-186.494264	-543.897742	583.104298	-44.663663	-3.804210	194.252275	0.000000	0.000000	0.000000	66.860502	-241.328090	9.013672	29.260440	-386.374787	-433.422896	184.630202	-31.860250	-529.376706	162.266408	5.133883	-644.452774	157.853304	1.354308	-705.287504	-147.234083	-208.462484	-1.761528	-120.173425	-249.103737	-469.305490	-139.229635	-86.378623	-834.675327	-86.912885	-193.923394	-860.241355	-62.900427	-250.193402	-857.529337	
-87.091882	-121.571041	667.122704	-82.083421	-87.594138	417.386903	75.772644	-105.748498	454.026669	207.047637	-41.119341	205.443367	252.513332	-50.453679	-17.607013	278.820732	36.814355	-77.485075	-230.580709	-113.497671	467.102488	-377.866316	-341.503110	545.309263	-200.558882	-483.634184	562.233619	-204.717316	-592.627421	569.276635	-54.727306	3.054901	191.673813	0.000000	0.000000	0.000000	50.569600	-244.771120	17.906261	-15.985552	-421.398779	-409.382292	150.324009	-69.292851	-495.347393	125.348071	-22.526529	-606.254202	118.188708	-21.206997	-666.930618	-160.835897	-198.138402	3.251613	-137.114084	-235.592588	-464.739633	-143.728615	-78.367231	-832.943591	-100.003749	-189.626254	-858.752655	-80.793355	-247.717122	-856.168314	
-92.395610	-128.800965	662.079426	-89.188642	-84.097606	414.009256	69.584571	-103.746398	445.562105	186.341007	-43.872624	188.683193	216.236031	-64.020141	-36.274796	238.442158	18.880998	-103.561200	-235.073399	-115.673207	467.997180	-360.499348	-359.775247	534.917694	-210.598967	-530.926705	547.671349	-239.052818	-636.055918	556.871852	-62.323169	8.815777	189.159630	0.000000	0.000000	0.000000	34.109360	-246.993347	24.933077	-57.301243	-448.717055	-386.350370	122.449489	-103.146128	-471.777896	97.024117	-51.682360	-580.480415	88.187845	-48.090322	-640.843008	-173.690426	-186.859158	7.271614	-153.779957	-225.618831	-460.790997	-147.176282	-71.067353	-830.125468	-112.619644	-185.468580	-856.101222	-98.599006	-245.043208	-853.967576	
-96.044355	-135.999422	657.630260	-93.524611	-84.315507	410.911983	65.784400	-105.927627	438.191021	172.578308	-45.143309	177.223518	191.162127	-72.598904	-48.179595	210.225621	6.643285	-120.639446	-236.662906	-121.870796	468.314993	-351.270060	-374.821306	520.055399	-237.758293	-571.909280	534.091475	-290.665811	-667.097251	543.390236	-66.880581	11.894796	187.426686	0.000000	0.000000	0.000000	20.102088	-248.141111	28.508160	-87.769472	-468.217192	-369.150828	104.112983	-131.801222	-464.192250	79.505157	-81.387736	-573.572970	69.762612	-78.730810	-633.844427	-184.034680	-176.599208	9.030039	-168.135743	-218.465109	-458.918480	-148.655305	-65.409714	-828.421224	-123.001215	-182.106778	-854.501957	-114.072517	-242.672065	-852.955547	
-97.064209	-143.251989	654.753973	-94.206828	-89.160393	408.556046	65.434859	-112.613236	432.116323	166.800642	-45.526087	170.528857	178.997917	-75.609888	-54.974853	195.559313	1.561187	-130.231192	-235.035062	-131.945863	467.977330	-351.911857	-386.445739	504.929434	-279.920385	-602.126596	519.916031	-354.267715	-682.004933	526.108617	-68.594166	11.331407	186.841378	0.000000	0.000000	0.000000	10.915223	-248.768317	28.035731	-101.250413	-480.028143	-362.015789	97.959749	-153.728016	-475.466182	74.749332	-110.688402	-588.249491	64.636641	-112.501401	-648.491267	-190.644479	-169.499992	7.875316	-178.075481	-212.782880	-460.045573	-147.635092	-61.921003	-829.710010	-129.811679	-180.062934	-855.812728	-125.341872	-241.129852	-854.754769	
-94.892832	-150.572329	653.555530	-90.880562	-98.411075	406.957497	69.056099	-123.129759	426.953537	168.631379	-46.189127	167.398894	179.863163	-73.299482	-58.531642	194.236567	4.043107	-134.061110	-230.271359	-145.007916	466.899279	-360.565555	-394.433480	491.519204	-331.656358	-620.165438	503.135719	-422.351946	-681.150570	504.379181	-67.997002	7.065871	187.269170	0.000000	0.000000	0.000000	7.705822	-249.313266	23.965308	-94.880063	-482.876412	-367.348912	105.452013	-166.981230	-505.568833	83.960314	-137.631233	-622.990684	73.994823	-147.255055	-682.511235	-193.061792	-166.882812	3.854455	-181.968510	-206.847657	-464.398786	-143.992873	-60.137577	-835.035701	-132.593738	-179.088151	-861.061890	-131.665941	-240.314944	-860.233667	
-89.909431	-157.604314	653.393545	-83.977812	-110.922854	405.738257	76.283431	-136.223247	422.072723	176.517104	-48.051899	166.372246	191.906467	-66.586674	-60.178766	204.377739	13.037533	-133.647291	-222.940959	-159.876860	464.787608	-374.815368	-397.599889	479.544147	-389.494909	-624.972163	483.002740	-491.004704	-665.373741	479.856898	-65.633496	-0.146643	188.243150	0.000000	0.000000	0.000000	9.730224	-249.800190	17.204881	-70.567972	-474.094415	-384.599457	125.610360	-169.873255	-551.904571	106.490613	-159.611329	-672.901822	97.486004	-179.480253	-729.987441	-191.797694	-168.355792	-2.749061	-179.730465	-199.000673	-471.680421	-138.135343	-58.687899	-844.400008	-132.059555	-178.065640	-870.256956	-133.852332	-239.273319	-869.436599	
-83.335711	-163.874227	653.279745	-74.971705	-125.424648	404.283444	85.617386	-150.724661	416.997361	188.177360	-51.310456	166.394134	211.863738	-56.872841	-60.131244	222.584120	26.278824	-129.873951	-214.381313	-175.512011	461.294795	-393.681161	-393.695292	467.886517	-452.053958	-613.828284	460.160959	-559.551952	-632.813797	454.669702	-62.126568	-9.292121	189.201498	0.000000	0.000000	0.000000	14.786476	-250.003370	8.396131	-33.888497	-451.836968	-410.049052	154.525388	-162.805811	-610.020679	138.951220	-175.397525	-731.305882	132.114604	-206.495078	-783.467438	-188.153428	-172.040248	-11.748446	-173.005119	-187.949828	-481.321401	-130.881505	-55.961621	-857.010679	-129.663940	-175.538461	-882.631740	-133.686741	-236.640405	-881.833936	
-76.573364	-169.347061	652.261403	-65.919505	-141.152478	401.983467	94.971035	-165.922726	411.536465	201.233635	-55.520900	167.152737	236.200191	-45.794636	-57.766073	244.961977	41.166560	-122.989939	-206.440921	-191.210442	456.223754	-416.319229	-380.278089	455.631493	-517.342767	-583.586954	436.001115	-626.454040	-580.328531	430.475245	-58.250551	-19.643190	189.642504	0.000000	0.000000	0.000000	20.682354	-249.714926	-2.348637	8.606581	-417.144673	-438.265924	186.520268	-149.431699	-674.282737	175.386207	-186.234169	-791.042394	171.906820	-227.907781	-835.605035	-183.542000	-175.852909	-22.927588	-164.130520	-172.988850	-492.604433	-123.152296	-50.808553	-871.722461	-126.868931	-170.393302	-897.064447	-132.959785	-231.327214	-896.588210	
-70.521450	-174.714389	649.639839	-58.549037	-157.846176	398.403677	102.621200	-181.524977	405.756219	213.791945	-59.912787	168.996318	261.809320	-34.763618	-52.289882	268.387066	55.600462	-112.987803	-200.699635	-206.620965	449.475238	-440.214681	-356.221747	442.548578	-581.045907	-532.748073	412.042453	-687.127707	-506.612673	408.877821	-54.712181	-30.824666	189.208029	0.000000	0.000000	0.000000	26.598157	-248.706129	-15.120173	51.539746	-373.797002	-464.489304	216.204172	-135.191695	-738.315138	208.813580	-194.062812	-845.975610	209.015889	-244.142284	-880.998897	-178.622399	-178.731239	-35.871546	-154.864573	-154.415692	-504.727245	-115.753307	-42.961261	-887.331398	-124.685609	-162.338497	-912.348017	-132.840006	-223.032227	-912.557666	
-65.549145	-181.152959	645.100836	-53.695490	-175.267578	393.362206	107.718155	-197.453657	399.995734	224.682733	-63.877522	172.662468	286.355892	-24.479325	-43.091871	290.811897	68.610592	-99.727395	-197.875104	-221.531543	440.964321	-461.316225	-322.797978	429.144207	-636.649144	-462.927139	389.802278	-734.526605	-414.295077	390.963053	-51.845008	-42.477253	187.752601	0.000000	0.000000	0.000000	33.105109	-246.614808	-29.597439	91.055312	-326.726126	-486.134815	239.877157	-124.080570	-795.673650	233.608365	-200.068125	-892.098751	236.529038	-255.739947	-917.133587	-173.133309	-180.768689	-49.851013	-145.793281	-133.491118	-516.754323	-109.184150	-32.902667	-902.603327	-123.481458	-151.827469	-927.281661	-133.741375	-212.192049	-928.339320	
-61.856672	-189.729207	638.862865	-51.161587	-192.793615	387.022223	110.394284	-213.540975	394.757729	233.539096	-67.138928	178.874645	308.444858	-14.779441	-29.819730	310.947634	80.516784	-82.787049	-197.619749	-235.510317	430.832805	-475.541515	-283.886817	416.168691	-676.806905	-380.572297	370.674047	-761.534345	-311.816277	377.021725	-49.525642	-54.027698	185.395468	0.000000	0.000000	0.000000	41.239565	-243.097212	-44.652701	124.474851	-280.346920	-502.786712	256.102994	-116.502553	-841.691579	247.926553	-204.412112	-927.226729	252.030266	-263.269293	-943.152081	-166.381882	-182.715778	-63.793410	-136.656954	-112.288883	-527.622934	-103.694908	-21.624364	-916.250221	-123.102319	-139.874625	-940.679099	-135.486297	-199.819007	-942.569912	
-59.365537	-200.781848	631.858458	-49.619257	-209.259824	380.103382	111.887925	-229.142110	390.625527	240.911026	-69.559983	187.918116	327.566367	-4.839136	-12.600699	328.259170	92.535210	-61.701898	-198.318677	-247.829187	420.040376	-480.357863	-245.830750	404.364474	-696.642045	-298.425516	355.573646	-765.517663	-214.268028	366.532150	-47.074050	-64.708612	182.592690	0.000000	0.000000	0.000000	51.672059	-238.135449	-58.415120	150.488131	-237.478105	-514.964545	265.617134	-110.375118	-874.988984	254.013290	-206.139573	-951.184302	258.218427	-266.489787	-959.832630	-157.755134	-185.509815	-76.400338	-127.373349	-93.514614	-536.395095	-99.560653	-10.454380	-927.119001	-123.143355	-127.954886	-951.491715	-137.438386	-187.444230	-954.125539	
-57.547479	-213.429456	625.646647	-47.136277	-223.020510	373.958143	114.073382	-242.895273	388.346687	248.080232	-71.096688	199.319916	344.124962	6.083755	7.684010	343.158165	105.682694	-36.726437	-197.690979	-257.539652	410.506570	-476.559387	-215.413159	394.581768	-698.282790	-232.029244	344.699506	-752.837341	-138.285423	358.202075	-43.409057	-73.621072	180.107891	0.000000	0.000000	0.000000	63.968162	-232.263033	-68.940393	169.016828	-199.765319	-522.934999	269.709133	-103.875663	-896.691185	255.270694	-204.579649	-965.694412	259.243235	-265.444203	-969.482562	-147.362376	-189.674756	-86.286745	-119.007435	-79.632789	-542.431579	-97.271555	-0.743287	-934.403156	-123.312161	-117.675695	-959.004798	-138.921327	-176.803350	-962.251541	
-55.944155	-225.365287	621.830783	-42.661378	-232.232905	370.188401	118.042325	-252.823604	388.652792	256.212123	-71.626810	211.789741	359.116447	17.564069	29.138657	356.887402	119.384993	-9.857524	-194.500110	-263.455235	404.309396	-468.451925	-196.606587	387.651327	-690.729358	-192.235898	337.658909	-736.689290	-93.900005	350.471367	-37.942930	-79.888743	178.665564	0.000000	0.000000	0.000000	76.190300	-226.542468	-75.261997	180.266259	-169.343391	-527.035044	269.318823	-96.091624	-908.782700	254.092047	-199.882425	-972.867188	258.224945	-260.843142	-974.022713	-136.705057	-194.802818	-92.201817	-113.374166	-71.922872	-545.343666	-97.495782	6.607790	-937.668189	-123.768108	-110.139176	-962.896201	-139.786406	-169.129596	-966.612572	
-55.016246	-233.289514	621.438861	-37.343758	-235.219446	369.980231	122.765927	-256.893411	392.019257	265.571558	-71.081587	223.840105	373.910935	27.046435	49.085413	371.508390	130.586296	14.925551	-189.928618	-264.215956	402.708503	-461.600994	-189.101798	384.058747	-683.735382	-180.849195	333.920839	-728.905622	-81.713240	342.760190	-31.586325	-82.706325	178.620348	0.000000	0.000000	0.000000	85.424827	-222.418177	-77.611683	184.530716	-149.154907	-528.181258	265.587328	-87.710661	-913.774157	251.632331	-193.398627	-974.982967	256.547727	-254.312132	-975.077224	-128.563977	-199.703015	-93.421598	-111.953690	-70.126556	-544.991511	-100.835135	11.525560	-936.842285	-125.248402	-105.370662	-963.220451	-140.754824	-164.475135	-967.279895	
-55.917091	-234.326778	624.740780	-33.693831	-231.008699	373.657922	125.802820	-253.902293	398.703725	275.818351	-70.053612	234.695453	390.430387	30.066481	65.149649	390.040403	134.282347	33.023765	-186.614544	-258.780234	405.877082	-459.654212	-189.807358	383.788341	-681.817343	-192.872956	333.194400	-733.497473	-96.588773	335.417599	-26.393100	-81.441754	180.038623	0.000000	0.000000	0.000000	89.426572	-221.222015	-76.514891	183.126022	-140.910357	-527.040002	259.858669	-80.430181	-913.668639	248.068427	-187.022709	-973.753826	254.085247	-247.837338	-973.691379	-125.310800	-203.258960	-90.114282	-115.071607	-73.040667	-541.688974	-107.083374	14.672319	-932.304308	-128.420921	-102.424703	-960.403032	-142.815639	-161.790630	-964.732674	
-59.329661	-227.457545	631.247178	-33.487756	-219.793201	380.606123	125.349428	-244.012775	408.440489	286.427077	-69.908135	244.290328	410.017629	21.856491	76.330927	414.882506	125.020539	41.306887	-186.481176	-247.060748	412.910472	-462.832829	-195.074091	386.022156	-683.391228	-221.377548	335.152494	-746.695155	-132.493069	328.940850	-24.007700	-76.070187	182.702540	0.000000	0.000000	0.000000	87.800015	-223.273733	-72.324392	178.088600	-143.302088	-523.605826	253.727128	-75.501484	-909.234332	243.432303	-182.002572	-969.754919	250.296205	-242.726966	-969.999472	-127.317839	-204.904618	-83.317768	-121.704238	-79.386872	-536.302459	-114.721315	17.066688	-924.871203	-133.045981	-100.014474	-955.082956	-146.234287	-159.640252	-959.676673	
-64.720622	-213.734916	639.801484	-36.631630	-202.780170	389.524664	121.496535	-228.353262	420.054831	296.630494	-71.978700	252.487522	431.548040	-0.616009	83.341569	445.097149	98.396653	39.682827	-189.582881	-229.959176	422.102164	-468.729564	-202.124769	388.962990	-683.333395	-260.185681	338.965709	-760.539247	-184.434666	323.234767	-24.614180	-67.270336	186.043288	0.000000	0.000000	0.000000	81.803128	-227.639492	-65.416588	171.092018	-153.399749	-517.874741	248.864235	-73.326320	-900.715676	238.304524	-178.730961	-963.082019	245.307934	-239.434192	-963.915709	-133.100803	-204.661811	-74.399628	-130.106460	-88.554204	-529.911872	-121.653687	19.360668	-915.425361	-138.064913	-97.424012	-947.806712	-150.375289	-157.213379	-952.700923	
-70.711420	-195.509881	648.934143	-41.696301	-181.768540	398.900579	115.777817	-208.522089	431.714300	305.268224	-76.898895	258.588825	451.165017	-37.418793	88.115429	475.860377	52.340628	31.312641	-194.636161	-209.023347	431.468228	-474.075851	-209.431515	390.126690	-676.069641	-303.934274	343.293592	-766.444631	-247.992022	317.813249	-27.182032	-56.088361	189.363391	0.000000	0.000000	0.000000	73.508453	-232.872352	-56.194264	162.880152	-168.912751	-510.203399	246.414657	-74.029623	-888.418459	233.625017	-177.319420	-953.831375	239.924933	-238.081159	-955.548112	-140.505015	-203.083216	-64.444809	-138.743684	-100.706437	-523.244591	-126.488697	21.353411	-904.412438	-142.417066	-94.929744	-938.778943	-154.334480	-154.769976	-944.012389	
-75.943583	-175.524749	657.340337	-47.163724	-158.846111	407.458310	109.895874	-186.484465	441.502322	310.837688	-84.585178	261.383936	463.983375	-85.832081	92.710953	500.399266	-12.213546	20.965812	-200.270860	-186.215413	439.131692	-476.186873	-216.601772	386.759439	-658.101376	-347.832082	346.618175	-757.814467	-318.816213	312.532970	-30.333961	-43.675239	192.134290	0.000000	0.000000	0.000000	64.968143	-237.793177	-44.992949	153.412415	-188.735313	-501.033915	246.466533	-77.916801	-872.635370	230.013402	-178.044334	-942.025414	234.916531	-238.885718	-945.010442	-147.723305	-200.983895	-54.045208	-146.767102	-116.016892	-516.388199	-128.949811	22.233732	-891.764048	-145.555775	-93.435354	-927.839611	-157.517158	-153.234217	-933.433212	
-79.603305	-156.129273	664.181061	-52.107999	-136.007255	414.407970	104.910594	-164.377685	448.036392	311.880746	-94.804866	259.551143	466.180577	-141.785301	98.647034	512.484325	-92.075553	13.335399	-205.637941	-163.630172	443.727042	-473.282578	-223.770339	376.307913	-628.820956	-387.868144	347.929663	-730.770421	-392.477242	308.795470	-33.006393	-30.960885	194.152679	0.000000	0.000000	0.000000	57.616624	-241.739330	-32.144069	142.178342	-212.556398	-490.619911	248.133074	-85.501371	-853.467081	227.422657	-181.417097	-927.510707	230.522531	-242.269458	-932.201761	-153.760902	-199.022536	-43.418896	-153.913620	-133.905970	-508.973572	-129.423957	21.412074	-877.232015	-147.405301	-93.617872	-914.666286	-159.771708	-153.301053	-920.604032	
-81.566417	-138.870640	669.089466	-56.276086	-114.848752	419.428030	101.032121	-144.245172	450.742069	307.055030	-107.743052	252.182593	455.508308	-201.631361	107.088344	507.702167	-183.403800	13.084470	-210.403212	-143.238337	444.586276	-464.197277	-231.084247	357.022020	-589.855001	-420.943763	347.582622	-683.900292	-463.101491	311.187134	-34.719764	-18.552047	195.431882	0.000000	0.000000	0.000000	51.909819	-244.468084	-18.208426	128.483492	-240.280153	-478.991845	249.950950	-97.223171	-830.855185	225.195065	-187.913366	-910.061505	226.331728	-248.634821	-916.861360	-158.434335	-197.413463	-32.620106	-160.468213	-153.059090	-500.605041	-128.481238	19.037362	-860.740244	-148.208892	-95.451172	-898.946752	-161.311964	-154.950561	-905.143456	
-82.208601	-124.583102	672.024592	-59.781759	-96.609451	422.501054	97.928771	-127.879607	449.706878	295.205247	-123.843302	239.303907	430.830312	-262.420976	119.688685	483.198676	-281.660725	25.984055	-214.439208	-126.755709	441.641415	-447.993902	-238.843071	329.016115	-543.714055	-444.764912	347.975264	-619.383251	-520.756622	326.859981	-35.548161	-6.944764	196.039178	0.000000	0.000000	0.000000	47.498820	-246.003393	-4.124668	112.178146	-271.398847	-466.048992	250.446573	-113.127019	-804.958012	222.476029	-197.620731	-889.749920	221.648172	-258.026858	-898.971611	-162.067812	-195.957657	-21.730314	-167.103967	-171.807376	-491.169072	-126.579843	15.771661	-842.608426	-148.284776	-98.424259	-880.618027	-162.462971	-157.667980	-886.897145	
-82.020738	-113.759299	673.192382	-62.701361	-82.446964	423.805567	95.221190	-116.763854	445.563549	275.994438	-143.172991	222.343254	392.205030	-320.674369	139.312595	437.793669	-379.088978	59.296467	-217.479495	-115.614553	435.540859	-424.391396	-247.442757	295.524361	-493.214421	-456.872637	353.214209	-545.615426	-552.557455	359.920372	-35.765924	3.198013	196.096487	0.000000	0.000000	0.000000	43.850568	-246.555649	8.846445	94.378768	-305.073918	-451.832336	248.780165	-133.058459	-776.791324	218.698970	-210.400738	-867.480354	215.999609	-270.289953	-879.338701	-165.066306	-194.334783	-11.166568	-174.517635	-188.630755	-481.123463	-123.894977	12.236722	-823.800166	-147.821149	-101.994019	-860.343537	-163.402661	-160.902282	-866.450910	
-81.214541	-106.957497	673.068038	-64.767233	-73.603523	423.739975	92.916713	-111.992346	439.635317	251.089512	-164.524827	204.209291	342.186096	-370.399403	169.240692	374.176594	-461.270845	118.131394	-218.992662	-110.896957	427.958223	-395.313859	-257.115915	262.650383	-442.335524	-454.519669	366.314856	-474.847191	-551.062841	405.923312	-35.499859	10.842704	195.871021	0.000000	0.000000	0.000000	40.997063	-246.447632	19.329395	77.555980	-340.496831	-436.763380	244.973890	-156.614686	-748.510158	213.963837	-226.057760	-845.087810	209.572340	-285.224625	-859.737790	-167.429328	-192.618331	-1.784432	-183.014776	-202.842923	-471.501260	-120.349947	8.575516	-805.736330	-146.776136	-105.904427	-839.685427	-163.945210	-164.412813	-845.365090	
-79.573734	-104.981676	672.327118	-65.310712	-71.204582	422.921507	91.660179	-114.006702	433.816860	225.501028	-185.251288	188.430337	288.144887	-403.284442	209.478427	302.595563	-510.644111	196.898656	-218.417602	-113.033294	421.273517	-365.628385	-267.861180	236.467833	-396.417740	-437.930725	384.973615	-415.518696	-520.966229	453.432953	-34.660693	14.676087	195.771576	0.000000	0.000000	0.000000	39.923079	-245.997541	26.118529	65.288490	-376.688344	-421.630213	239.907866	-182.713426	-723.141835	209.201948	-244.251249	-825.031233	203.438214	-302.482548	-842.652817	-168.458463	-191.649821	5.447725	-192.284523	-215.199856	-463.443586	-115.939915	4.118485	-789.647027	-144.926849	-110.545142	-820.768598	-163.591923	-168.646047	-825.883950	
-76.686483	-108.459212	671.538668	-63.642532	-75.640516	421.938442	92.470804	-122.120696	429.607208	206.644743	-202.495131	177.202827	241.763034	-414.243822	253.589536	239.317345	-520.527739	277.898355	-215.592107	-121.287996	417.278932	-341.434749	-278.874390	219.476031	-360.085633	-413.046189	402.712694	-370.265549	-476.194792	491.341389	-32.931472	13.711364	196.139689	0.000000	0.000000	0.000000	41.931696	-245.396558	28.514593	61.248236	-412.182771	-407.388672	235.041793	-209.720731	-703.753945	205.695653	-264.646599	-809.740546	199.012357	-321.745363	-830.469504	-167.209840	-192.561532	9.925291	-201.508982	-227.026609	-457.639757	-110.967135	-2.190848	-776.369695	-142.257938	-116.810933	-805.346644	-162.097135	-174.567530	-809.912691	
-72.218440	-117.111094	670.823233	-59.413761	-86.085658	420.981389	96.198990	-134.435553	427.109195	200.573793	-214.224557	170.314871	213.105085	-406.110554	292.496957	197.103020	-500.723165	344.319337	-210.763908	-133.645349	415.952905	-327.204706	-287.714156	209.797204	-335.246117	-387.077578	414.706569	-338.077396	-430.826943	514.828491	-29.781741	7.976703	196.958577	0.000000	0.000000	0.000000	47.456873	-244.600303	26.633759	67.596697	-444.822972	-394.920147	231.735318	-235.873716	-692.285536	204.315365	-287.048360	-800.639164	197.223182	-342.980010	-824.218316	-163.326075	-195.772814	11.626845	-209.431881	-238.202443	-454.265126	-105.654131	-10.117587	-766.587390	-138.787046	-124.536483	-794.283381	-159.369320	-182.069112	-798.361816	
-66.202547	-129.718243	669.786463	-52.825450	-100.923815	419.707638	102.988705	-148.697786	425.201925	208.597802	-219.007120	166.151686	205.151988	-386.207816	320.870092	179.047596	-466.601266	389.780361	-204.444275	-147.711811	415.622005	-324.255880	-290.538353	203.391970	-321.281791	-362.930296	419.438639	-316.599179	-392.042991	524.685712	-25.021763	-1.501346	197.774918	0.000000	0.000000	0.000000	55.374845	-243.451142	21.353879	83.825992	-471.858562	-385.122452	230.514816	-259.780137	-689.314142	205.083304	-311.312446	-797.982748	198.185694	-366.455760	-823.404451	-157.454034	-200.564935	10.932500	-215.002646	-247.830893	-453.217727	-100.082833	-18.369349	-760.591369	-134.576413	-132.546804	-787.614389	-155.521099	-189.975902	-791.286704	
-59.389129	-144.743638	667.792907	-44.829058	-118.635504	417.485388	111.883194	-163.412290	422.671935	226.892484	-215.814839	163.383397	214.269798	-361.251756	338.296239	180.899481	-429.967176	416.128008	-197.522255	-161.866763	414.335363	-330.965953	-283.162839	196.905210	-316.685155	-339.732720	417.181194	-304.282332	-360.815309	523.708734	-19.325033	-13.411335	197.964492	0.000000	0.000000	0.000000	63.432474	-242.037788	13.595970	106.518785	-491.338597	-379.080872	230.486604	-281.088279	-694.444531	207.038915	-337.413411	-801.163283	201.155297	-392.645116	-826.647923	-151.103931	-205.521576	8.128303	-218.289343	-255.870642	-454.400008	-94.809311	-25.950462	-758.089178	-130.345335	-139.899345	-784.723458	-151.465053	-197.281899	-788.109759	
-53.038936	-160.889131	664.312768	-36.957753	-138.214220	413.763913	121.071060	-178.096710	418.947718	248.671685	-204.670138	161.623714	233.538921	-336.007264	347.169638	195.621841	-397.907664	428.556410	-191.211086	-175.519903	410.887776	-342.985529	-262.669868	189.155433	-319.386421	-315.646115	409.523764	-300.281102	-335.407945	515.310716	-13.970048	-26.758572	197.058564	0.000000	0.000000	0.000000	69.552174	-240.706272	3.715612	130.784254	-503.185208	-377.804854	229.917450	-299.934024	-706.269493	208.876791	-364.489310	-808.744428	205.049629	-420.791946	-832.196315	-145.877568	-209.396982	3.197595	-220.552207	-262.752079	-457.842835	-90.825476	-32.385879	-758.575455	-127.327364	-146.102412	-784.894727	-148.661814	-203.413354	-788.144995	
-48.232927	-177.105635	659.132543	-30.632911	-158.800905	408.328514	128.773679	-192.684729	413.986771	267.464031	-186.978714	161.130809	255.716886	-313.139733	350.474765	216.185666	-373.493198	432.254427	-186.501587	-188.597112	404.979082	-354.049043	-229.074503	181.181716	-326.144340	-289.471872	399.124569	-302.937347	-313.537218	503.185690	-10.148726	-40.765343	194.880607	0.000000	0.000000	0.000000	72.877400	-239.609906	-8.172966	152.555887	-508.726232	-381.576458	227.677069	-315.649478	-722.319218	209.684413	-389.791973	-818.705738	208.994841	-447.640185	-838.396697	-142.603410	-211.631938	-3.711515	-223.356530	-268.596280	-463.293221	-88.913938	-37.376618	-761.287141	-126.476979	-150.816809	-787.304114	-148.227780	-207.970147	-790.569942	
-45.349018	-192.349403	652.408728	-26.499141	-179.259231	401.369261	134.065109	-206.942041	407.955190	279.350929	-165.027186	162.315443	275.086955	-293.345458	350.522698	236.544370	-356.393360	430.726205	-183.670050	-200.987033	396.977814	-358.149539	-186.514765	175.294952	-332.707915	-261.816417	388.855217	-308.818840	-293.930917	490.562608	-8.364065	-54.447068	191.595460	0.000000	0.000000	0.000000	73.855096	-238.480243	-21.527159	170.117673	-509.600256	-389.535149	224.007418	-326.609594	-739.731903	209.219830	-409.776465	-829.039268	212.257515	-468.933236	-844.068373	-141.066334	-212.359893	-11.880687	-227.586941	-273.412047	-469.885235	-89.316607	-40.778662	-765.013584	-128.005509	-153.897375	-790.779212	-150.398100	-210.793852	-794.189456	
-44.092797	-205.627050	644.689727	-24.336002	-198.126838	393.490801	137.031909	-220.292634	401.215126	283.374344	-141.909964	165.325833	288.159639	-276.627616	348.993976	252.093493	-344.829682	426.071096	-182.322423	-212.343185	387.810720	-352.829996	-142.976373	173.541630	-335.433418	-235.792594	380.925598	-313.806026	-277.702942	479.526820	-8.197606	-66.493519	187.762276	0.000000	0.000000	0.000000	73.524536	-236.957503	-35.158274	183.866382	-507.175454	-399.862760	220.194855	-331.551187	-756.042226	207.933802	-422.381128	-837.961668	214.397699	-482.275093	-848.235714	-140.551530	-212.085964	-20.059826	-233.045674	-277.345170	-476.313501	-91.734536	-42.614161	-768.324178	-131.424471	-155.419513	-793.940647	-154.576725	-211.996629	-797.583459	
-43.651444	-216.395134	636.974973	-23.151998	-213.871415	385.736266	138.664933	-232.003589	394.516682	281.649407	-121.696377	169.591208	294.433054	-264.068990	346.995686	260.913110	-338.227081	419.591568	-181.512039	-222.266410	378.976221	-341.408104	-107.461869	176.370702	-333.271822	-216.460061	376.317688	-315.174115	-268.637952	470.638221	-8.513125	-75.689524	184.233231	0.000000	0.000000	0.000000	72.951180	-234.983705	-47.451067	195.372783	-502.430464	-410.338939	217.889183	-330.854356	-769.618919	206.989550	-427.939909	-844.229910	215.702869	-488.116095	-850.356065	-140.350680	-211.471421	-26.816226	-238.453067	-280.693924	-481.311015	-95.340541	-43.111402	-770.120762	-135.675475	-155.692737	-795.715253	-159.532472	-211.958041	-799.630133	
-42.683174	-224.788981	630.596068	-21.225481	-225.197032	379.425039	140.766351	-241.277495	388.946370	279.368481	-108.290648	173.754227	297.011468	-257.989455	344.589598	265.051473	-338.168768	411.245488	-179.707997	-230.428509	372.353927	-331.219045	-86.019681	182.653313	-327.789021	-208.896042	374.526283	-312.322205	-271.627026	462.685364	-7.892253	-81.354056	181.830940	0.000000	0.000000	0.000000	73.197651	-232.802894	-56.883536	206.631309	-495.586613	-419.295734	218.255095	-325.949685	-780.011209	207.788009	-427.888097	-847.909713	217.356672	-488.167527	-850.984777	-139.758205	-211.276080	-31.107032	-241.696092	-283.694686	-484.257735	-98.798817	-42.615244	-770.262614	-139.196752	-155.150636	-795.959587	-163.508915	-211.201523	-800.140942	
-39.650815	-231.374361	626.795076	-16.775486	-231.275208	375.748877	145.208359	-247.274900	385.538390	282.560901	-103.934665	176.274045	301.091532	-260.748541	340.504844	269.693444	-347.166540	399.150054	-175.297357	-236.531621	369.644506	-328.618325	-80.596692	190.835087	-321.342873	-216.405550	373.670049	-306.128485	-290.390763	452.670891	-5.318062	-83.530852	180.935281	0.000000	0.000000	0.000000	75.230670	-230.688183	-62.562996	218.932903	-485.805034	-426.523827	221.136680	-317.653685	-788.114369	211.004204	-423.129773	-850.430774	220.658305	-483.462733	-851.595842	-138.003242	-212.162411	-32.860344	-240.687401	-285.982894	-485.616179	-100.619017	-41.252654	-769.914749	-140.381850	-153.966353	-795.819980	-164.757311	-209.972429	-800.227176	
-33.827900	-236.550548	626.253829	-9.491114	-231.750578	375.390987	152.348366	-249.279282	384.947012	293.833196	-109.078519	176.309770	310.521450	-274.063714	332.537549	279.871601	-367.183923	380.311858	-167.952995	-240.145989	371.726796	-335.262875	-90.852764	199.928173	-315.629482	-239.979351	371.104668	-298.472969	-325.657233	436.765746	-1.067859	-82.789860	181.350378	0.000000	0.000000	0.000000	79.355687	-228.817370	-64.312566	231.327681	-471.959934	-433.078932	225.007869	-306.132100	-795.692559	215.723301	-414.045221	-853.828276	225.343544	-474.394631	-853.985618	-134.608264	-214.330397	-32.873720	-234.614021	-286.141065	-486.551385	-99.911165	-38.632523	-771.037556	-138.524213	-151.681308	-797.220500	-162.601858	-207.802224	-801.800547	
-26.053908	-240.112724	628.723433	-0.965565	-226.905911	378.236628	160.606051	-246.980698	387.303407	310.282883	-122.683535	174.346202	325.200629	-298.721363	318.199863	297.234130	-398.655574	351.728947	-159.090930	-240.705476	378.369276	-347.644909	-115.339315	209.471221	-310.511685	-278.296739	364.363453	-290.803854	-374.299581	412.752275	3.341687	-79.780383	182.666868	0.000000	0.000000	0.000000	84.851143	-227.345905	-62.489544	240.654513	-454.247298	-439.906413	227.929711	-292.028291	-803.981305	219.674308	-401.459100	-859.370410	229.227974	-461.818781	-859.122489	-129.922286	-217.329757	-32.024392	-224.495314	-282.346476	-487.886340	-96.961229	-34.171857	-775.083371	-134.395734	-147.543237	-801.581102	-158.037688	-203.838074	-806.294529	
-18.396816	-241.511658	633.175688	6.161371	-217.703462	383.420709	167.364375	-240.759600	391.941077	325.126488	-141.924310	171.608576	340.782305	-333.048499	294.621466	318.410224	-438.622803	310.329033	-151.184271	-238.008806	388.331810	-359.247521	-150.379327	218.547865	-303.832257	-326.391177	352.243710	-282.413073	-429.214352	382.493263	6.072105	-74.818193	184.685215	0.000000	0.000000	0.000000	90.196347	-226.540431	-57.748352	243.656199	-434.381491	-446.920028	228.349125	-276.732992	-812.898303	220.545539	-386.943880	-866.785879	229.742820	-447.358629	-866.480623	-125.292373	-220.208924	-30.780459	-212.601231	-273.419272	-489.612856	-92.960064	-27.591891	-782.175002	-129.752548	-141.093118	-809.013899	-153.095956	-197.502904	-813.839694	
-13.196340	-240.507020	638.340596	9.278969	-205.607849	389.695482	170.071694	-231.640206	397.350985	331.491780	-162.551796	168.497195	350.912781	-370.994264	258.387648	336.381457	-478.935963	252.855798	-146.814168	-232.599275	399.719066	-364.375919	-189.333720	224.816790	-293.273003	-375.062087	336.059546	-271.074991	-480.827553	352.409985	5.542135	-67.953041	187.336409	0.000000	0.000000	0.000000	93.569260	-226.877761	-50.617144	238.668518	-414.215591	-453.175424	225.293113	-261.765464	-821.424674	216.907077	-372.240500	-874.680165	225.250444	-432.779594	-874.502913	-122.619131	-221.919744	-29.219189	-201.521432	-259.119000	-491.141249	-89.300024	-18.968583	-791.260979	-126.419687	-132.273799	-818.474956	-149.797877	-188.660868	-823.396912	
-12.044488	-237.440898	643.065630	6.757363	-192.159504	395.793371	167.183681	-220.803746	401.580823	325.608715	-180.425946	163.936443	350.383148	-402.638990	207.677979	344.258742	-507.619181	178.784687	-147.738183	-225.477552	410.460023	-361.001395	-225.156670	225.218209	-278.007902	-414.859363	320.352695	-255.112358	-521.079621	332.162572	0.706547	-59.232017	190.353172	0.000000	0.000000	0.000000	93.478131	-228.774859	-41.409211	225.988937	-394.724579	-457.466902	218.593368	-248.288034	-828.316059	208.484977	-358.726224	-881.348437	215.407000	-419.444507	-881.377697	-123.427331	-221.720361	-27.264642	-193.177567	-240.044736	-491.786406	-86.996632	-8.651280	-800.850149	-125.608705	-121.355327	-828.480702	-149.440455	-177.545302	-833.480848	
-15.066868	-232.965403	646.301952	-1.310086	-178.550068	400.543521	158.855256	-209.097907	402.660866	307.729366	-192.316177	156.168304	337.261563	-417.979230	145.691314	338.342621	-514.383302	94.718210	-154.082745	-217.597888	418.705552	-350.096956	-253.907865	218.565989	-258.288506	-440.321995	312.089155	-234.476482	-545.083791	332.198254	-8.579543	-48.852334	193.088327	0.000000	0.000000	0.000000	89.342765	-232.102410	-30.613097	207.727165	-375.752212	-459.043131	209.029538	-236.827369	-832.842067	196.249422	-347.103622	-885.634331	201.266438	-408.008553	-885.844228	-128.047692	-219.353167	-25.011241	-187.802549	-217.674394	-491.281426	-86.370801	2.722641	-809.831998	-127.519922	-108.972768	-837.893134	-152.200366	-164.788835	-842.963569	
-20.949381	-227.704750	647.165201	-12.945857	-165.617630	402.975485	147.027795	-196.981163	399.057572	281.496811	-195.865713	143.870289	313.896619	-412.398372	80.865594	319.589190	-497.393937	12.773599	-164.015047	-209.803698	423.463735	-334.339265	-275.621538	207.932989	-235.766995	-449.043044	318.087838	-212.420578	-547.812587	358.658077	-21.225621	-37.343863	194.674523	0.000000	0.000000	0.000000	81.705484	-236.096964	-19.319877	187.284721	-356.369662	-458.170567	198.095659	-227.196643	-835.297745	182.226578	-337.353042	-887.498765	185.115626	-398.395857	-887.729648	-135.513654	-215.057125	-22.892532	-183.817270	-194.313864	-490.030440	-87.107711	14.309676	-817.843190	-131.405727	-96.075866	-846.290680	-157.215061	-151.372910	-851.427037	
-27.687289	-222.208999	645.421630	-24.816496	-154.272690	402.679172	134.864668	-184.964936	390.411227	252.317620	-189.779212	127.000262	286.204802	-389.222962	22.216766	293.649582	-463.924012	-56.887593	-174.093989	-203.193934	425.417219	-318.985513	-292.641456	200.025522	-215.102171	-440.494941	338.853474	-194.522987	-526.346871	403.292326	-35.121109	-25.914783	194.520417	0.000000	0.000000	0.000000	72.204092	-239.774803	-9.243001	168.448272	-335.757523	-456.151046	187.597584	-218.755063	-836.901859	168.967477	-329.024388	-887.939116	169.922173	-390.128504	-887.914006	-143.983971	-209.621344	-21.566021	-179.053615	-172.620304	-488.880037	-88.587757	25.320121	-824.994952	-136.013604	-83.680830	-853.737317	-163.027917	-138.394972	-858.919646	
-33.253992	-217.099569	641.993455	-33.118804	-145.844969	400.187235	125.980304	-173.970311	378.118487	225.626178	-174.354126	107.426296	261.745983	-356.188938	-25.001770	269.250432	-423.939834	-110.129147	-180.146485	-199.256060	427.098074	-311.177165	-307.889422	201.652774	-200.325107	-421.343693	365.254581	-180.831283	-492.719441	445.702800	-47.837754	-16.646702	192.815190	0.000000	0.000000	0.000000	63.635738	-242.356252	-2.181757	154.445672	-313.846602	-454.779936	179.495052	-210.675582	-839.170001	159.146110	-321.460214	-888.403042	158.811378	-382.567683	-887.778293	-151.045998	-204.585860	-21.617531	-172.241432	-154.867101	-488.586637	-90.246175	35.047075	-831.438067	-140.054188	-72.843078	-860.341676	-168.014437	-127.078908	-865.534572	
-35.890665	-213.013386	638.771102	-34.894337	-141.540459	397.031340	123.282926	-165.151238	365.202500	205.497742	-152.155348	89.022231	247.247239	-320.335122	-58.890832	255.288779	-384.168534	-146.946499	-178.713891	-199.124048	431.587716	-315.653593	-323.193818	217.929015	-190.434033	-405.151594	389.767854	-166.090262	-468.942336	475.117396	-57.114873	-11.857985	190.631950	0.000000	0.000000	0.000000	59.472382	-243.420451	0.582973	147.023186	-291.304436	-455.755066	175.561334	-202.213695	-843.409380	154.971394	-313.988557	-890.245704	154.278690	-375.075774	-888.665485	-154.210042	-202.023749	-23.307790	-163.760615	-142.003366	-489.449064	-91.771893	42.959279	-837.219337	-142.593924	-64.443748	-866.171935	-170.873557	-118.518406	-871.315928	
-34.515186	-210.043030	637.595666	-29.186330	-141.434974	395.083765	127.907445	-159.114793	355.089260	194.109089	-127.282324	76.148861	246.512887	-285.699255	-78.975765	257.259097	-346.734385	-168.710947	-168.747455	-202.161530	440.128793	-331.389700	-337.203406	252.760114	-182.230227	-400.132569	413.125241	-148.180686	-466.945018	492.643464	-61.093777	-12.740886	189.336951	0.000000	0.000000	0.000000	62.331336	-242.700416	-1.460452	145.974261	-268.979381	-460.280354	176.575588	-192.934321	-850.547136	157.193392	-306.075598	-894.531092	157.060418	-367.117063	-891.607563	-151.798387	-203.441337	-26.579262	-155.218440	-133.218725	-491.378611	-93.132462	49.086250	-842.445480	-143.345408	-58.580267	-871.482061	-171.091700	-112.941565	-876.507949	
-29.130862	-207.452881	639.144312	-16.931653	-144.259155	395.412458	139.258877	-155.472621	349.922158	192.079624	-103.430026	71.165550	260.234577	-253.424437	-86.194897	276.422263	-310.808969	-177.508344	-151.970347	-206.076019	451.424093	-351.011622	-345.601171	307.510463	-172.819192	-405.713422	436.194484	-131.152160	-484.902612	498.958749	-58.845037	-18.640225	189.560187	0.000000	0.000000	0.000000	72.365347	-239.766625	-8.126617	149.474051	-247.128117	-468.781023	181.666048	-182.534017	-860.978334	164.541073	-297.189828	-901.868269	165.650295	-358.102871	-897.072875	-143.618011	-208.650091	-31.250468	-148.229766	-126.610331	-494.099856	-94.664041	54.284942	-847.292909	-142.672211	-54.264046	-876.769588	-168.983923	-109.346637	-881.655170	
-21.372087	-204.227272	642.619321	-0.703981	-148.112686	397.728596	155.092778	-153.376295	349.871988	198.190475	-83.022229	73.472633	285.997507	-223.870965	-82.595590	310.175614	-275.946667	-175.314044	-132.169269	-208.600299	462.937519	-364.508517	-343.732414	376.025983	-163.353491	-418.279655	452.869760	-125.278639	-513.213354	491.396642	-50.972796	-27.494559	190.759231	0.000000	0.000000	0.000000	86.262569	-234.527571	-18.612024	153.969252	-225.661950	-480.715509	187.781772	-171.171373	-874.307867	173.265275	-287.210992	-912.193017	175.888754	-347.836370	-904.960728	-131.799050	-215.397436	-37.020812	-144.027749	-119.862089	-497.134715	-97.324479	60.277052	-851.685718	-141.640531	-49.465535	-882.494712	-165.788261	-105.535631	-887.321554	
-14.362468	-199.760719	646.433177	15.600989	-151.493244	400.832024	171.712824	-152.171834	353.723370	209.317073	-67.401559	80.586718	318.712102	-198.657051	-70.113166	352.776029	-244.726369	-162.905612	-114.117531	-208.605113	472.284222	-367.610276	-329.942500	443.744826	-165.132341	-433.896262	454.785804	-145.358982	-540.224012	470.592330	-39.889700	-36.830820	191.821697	0.000000	0.000000	0.000000	98.637379	-228.202559	-31.385981	155.213480	-205.287376	-494.502019	190.723959	-160.075307	-889.118704	178.197465	-277.131381	-924.504704	182.026748	-337.312670	-914.596419	-120.584937	-220.742654	-43.238169	-143.809579	-111.013318	-499.748230	-102.913160	69.000416	-855.079424	-142.022486	-41.893710	-888.687387	-163.534536	-99.012625	-893.680209	
-11.349365	-193.973466	649.429307	27.974268	-153.604255	403.723256	185.103293	-151.470383	360.174356	221.882442	-57.070455	90.100926	352.377118	-180.574909	-49.983052	397.335069	-222.186732	-140.207273	-102.036815	-205.961897	478.220722	-365.289960	-306.757065	496.494901	-192.932502	-446.186732	443.789339	-201.702109	-555.113241	445.918176	-29.095135	-44.646416	192.102659	0.000000	0.000000	0.000000	105.301194	-223.024815	-44.299103	150.755616	-187.744326	-507.863131	187.527875	-150.921555	-903.235535	175.489086	-268.515240	-936.969780	179.738561	-328.249864	-924.790221	-114.052725	-223.042680	-48.800861	-148.528331	-99.223350	-500.975112	-113.613516	81.592773	-856.536927	-145.564445	-30.122922	-894.685103	-163.976360	-88.269365	-900.185982	
-13.875277	-186.765666	651.616464	34.145691	-153.731881	406.361005	192.752781	-150.617513	368.616042	233.798541	-51.195221	100.970449	382.238008	-171.187576	-23.421234	437.990988	-211.831918	-107.877222	-97.888924	-200.594069	480.959078	-365.373404	-278.295288	527.974012	-248.454367	-447.613623	430.061592	-288.848118	-549.170287	429.055970	-21.320120	-49.580847	191.912618	0.000000	0.000000	0.000000	105.351749	-220.562605	-55.172150	141.182933	-174.665073	-518.650271	177.923059	-144.339479	-914.577000	164.559185	-261.933822	-947.806262	168.296613	-321.477602	-934.570138	-113.652193	-222.407118	-52.496078	-158.093938	-85.092102	-499.878313	-131.004414	97.884698	-855.016832	-152.907058	-13.998269	-899.277623	-167.310300	-73.178337	-905.644186	
-20.933939	-177.848157	653.732415	34.609698	-150.978086	409.313946	194.771026	-148.478772	378.773921	245.082484	-47.597684	113.264085	406.337709	-169.081839	7.698542	471.417726	-212.560100	-68.244880	-100.698212	-192.040771	481.422907	-371.644059	-247.763180	538.687130	-320.282230	-435.385740	420.005458	-389.072675	-520.227163	424.034105	-17.060843	-50.920989	191.987608	0.000000	0.000000	0.000000	100.796291	-220.741778	-62.481960	129.022069	-166.449305	-525.578125	163.938189	-139.351614	-921.903790	147.650100	-256.370947	-955.850520	150.023129	-316.140436	-943.336449	-117.766179	-219.956037	-53.740617	-171.132358	-70.253411	-496.145999	-155.548962	116.474119	-850.021268	-163.422531	5.728508	-901.304387	-172.167088	-54.409835	-908.866095	
-30.001063	-167.254493	656.390242	31.588884	-144.808301	412.976333	193.059535	-144.009629	390.234702	256.841211	-44.160528	127.240853	425.366176	-171.102655	41.271300	497.106199	-220.148491	-24.615317	-107.743922	-179.998583	480.371362	-382.876103	-217.542560	532.222716	-395.418310	-412.234434	414.479907	-485.209048	-473.135970	427.710499	-15.006616	-48.732809	192.725649	0.000000	0.000000	0.000000	94.601255	-222.500068	-65.841798	116.788188	-161.927428	-528.487581	148.363307	-134.167274	-925.047588	128.084856	-250.120844	-960.470191	128.441597	-310.362455	-950.201497	-123.502830	-216.966311	-53.011850	-185.648191	-56.592371	-490.504135	-186.501758	135.018662	-842.103627	-176.431053	27.904770	-900.256330	-177.403157	-32.647322	-909.353925	
-38.804396	-155.492760	659.730286	27.190395	-135.354462	417.270761	189.575092	-136.731131	402.441551	269.957715	-39.806092	142.926849	440.930163	-174.551564	75.712185	516.147350	-230.262975	19.749835	-116.356642	-164.782594	478.281500	-395.480909	-189.929641	513.680646	-464.601608	-382.349527	413.069918	-566.490986	-415.178603	435.143175	-13.563002	-43.502176	194.079537	0.000000	0.000000	0.000000	88.948252	-224.817256	-65.850055	106.086404	-158.863342	-527.974270	133.495662	-127.368706	-924.565084	108.925931	-242.035924	-961.429214	106.988829	-302.657451	-953.952371	-128.678873	-214.348004	-51.325104	-199.643604	-45.940177	-484.434972	-221.627813	150.899941	-832.441268	-192.284526	50.862201	-896.378455	-183.773514	-8.784918	-907.335232	
-46.288240	-143.205462	663.461904	22.460648	-123.268979	421.752137	185.335524	-126.828534	414.702659	284.428695	-34.466914	160.038990	454.020390	-178.143004	110.023295	529.997742	-240.195686	62.377961	-124.920755	-147.388448	475.520622	-406.411951	-166.646271	489.220001	-521.542309	-348.803553	415.130009	-627.507466	-353.094065	441.576168	-11.837618	-35.672473	195.782038	0.000000	0.000000	0.000000	84.623095	-227.193249	-63.348081	97.592852	-155.594442	-524.767437	120.492187	-118.917422	-921.198856	92.076729	-232.384703	-959.000236	87.968490	-293.146255	-953.922708	-132.545846	-212.475560	-49.227231	-211.522888	-40.015368	-479.345186	-257.234994	162.214135	-821.911020	-211.272427	71.900730	-890.376145	-193.026833	14.876045	-903.242791	
-52.436846	-131.217446	666.920223	17.656758	-109.890979	425.715843	180.629139	-115.412332	426.044935	299.447282	-28.775179	177.891832	464.805642	-181.612466	143.205988	539.884930	-249.053872	101.878897	-132.749584	-129.669650	472.415025	-414.514844	-148.256189	464.752856	-562.081975	-315.578303	418.354004	-666.737171	-295.024406	442.254829	-9.745004	-25.983933	197.416137	0.000000	0.000000	0.000000	81.653418	-229.477693	-58.851744	91.421006	-152.192145	-519.431774	109.501360	-109.911515	-915.554107	78.350754	-222.524755	-953.752335	72.563005	-283.261648	-950.265681	-135.156633	-211.439098	-46.516426	-220.452183	-40.160108	-475.899150	-289.083316	168.081832	-810.955535	-231.666934	87.697955	-883.055004	-205.371409	34.309718	-897.494823	
-57.553045	-120.921588	669.358781	12.940103	-97.470184	428.468283	175.699033	-104.719690	435.365110	313.872560	-23.873397	195.415817	473.324292	-185.170472	173.872135	546.842567	-256.914717	137.252500	-139.519214	-114.326566	469.286120	-420.130537	-134.846947	444.145929	-585.501219	-289.732851	419.886988	-687.015411	-252.070945	434.815885	-7.672768	-16.043035	198.562360	0.000000	0.000000	0.000000	80.220280	-231.493536	-52.595336	87.598390	-150.002556	-512.494465	100.411841	-101.787856	-908.144072	68.025700	-214.035829	-946.389815	61.301706	-274.717375	-943.713443	-136.433337	-211.388442	-42.877226	-226.385383	-47.114563	-474.043167	-313.356018	168.131384	-800.299217	-249.821280	95.555286	-875.482918	-218.240061	45.441491	-891.023226	
-61.872260	-113.997045	670.460273	8.577706	-88.536240	429.761220	170.940904	-97.451953	441.979756	326.606627	-21.214576	211.415763	479.772669	-189.499356	200.185106	551.692174	-264.414706	166.891767	-145.095664	-104.040507	466.342501	-424.110077	-126.805819	428.546631	-594.380853	-277.946665	419.064583	-694.217739	-233.566041	422.127053	-6.121570	-7.955243	199.104248	0.000000	0.000000	0.000000	80.548623	-232.978284	-44.987318	86.078051	-150.784845	-504.787372	93.205942	-95.713248	-899.684530	61.018029	-208.013694	-937.943577	54.118850	-268.686479	-935.527066	-136.179803	-212.407605	-38.414269	-229.344639	-60.899369	-473.554379	-327.302252	162.457724	-791.128991	-261.855666	94.520225	-868.960748	-227.659329	46.369159	-885.158042	
-65.579482	-111.284990	670.498976	4.650569	-84.407631	429.889682	166.562370	-95.167058	445.995395	336.537825	-21.808695	224.792762	484.168132	-195.266623	219.958387	554.761003	-272.144564	188.341936	-149.697043	-99.934909	463.502109	-427.288782	-124.384626	417.232598	-591.870349	-281.986974	417.329958	-693.106183	-241.448750	409.955635	-5.499604	-3.057081	199.257797	0.000000	0.000000	0.000000	82.273785	-233.796468	-36.892489	86.729952	-155.906720	-497.452752	87.848933	-92.312493	-891.130254	56.863916	-204.831181	-929.739581	50.354228	-265.547381	-927.332922	-134.675221	-214.171655	-33.625470	-228.937971	-80.425741	-474.315737	-329.349756	151.872940	-784.626091	-265.221898	84.923441	-864.387763	-230.813682	37.027663	-880.890373	
-68.762122	-112.251647	669.977850	0.977119	-84.543888	429.319995	162.472945	-97.316378	447.935912	342.655908	-25.667219	234.384495	486.417132	-202.377407	230.927415	556.132013	-279.801219	198.700719	-153.788396	-100.946065	460.507824	-430.141138	-126.785567	407.997707	-579.647410	-298.564097	416.097883	-684.487730	-270.854109	402.419932	-5.888143	-1.236176	199.266311	0.000000	0.000000	0.000000	84.474884	-234.099050	-29.196724	89.493869	-165.856534	-491.279178	84.280945	-91.845447	-883.098828	54.993021	-204.438790	-922.799749	49.163176	-265.225635	-920.433865	-132.698001	-216.062766	-29.081046	-224.885474	-103.012243	-475.961786	-319.003009	137.343637	-782.080489	-259.176774	67.059086	-862.314182	-227.026279	17.597927	-878.752137	
-71.455440	-115.669649	669.297900	-2.819245	-87.393203	428.389204	158.356098	-102.165608	448.260682	344.341425	-32.300782	239.138531	486.188441	-210.410721	231.264206	555.507013	-286.704701	195.664551	-157.918170	-104.989321	457.177688	-432.646679	-132.278188	397.383090	-558.232197	-321.542243	415.631294	-666.177277	-313.385988	400.539660	-7.191811	-1.514844	199.221595	0.000000	0.000000	0.000000	86.124568	-234.259742	-22.265487	94.077414	-180.537687	-486.219277	82.566483	-94.533602	-875.447037	54.905353	-206.705892	-917.440439	49.769100	-267.565099	-915.342614	-131.148761	-217.499374	-25.131853	-217.610210	-124.871553	-477.819219	-296.973845	119.986174	-784.550089	-244.636354	42.053304	-862.932463	-217.421668	-10.485371	-878.722192	
-73.658598	-120.506922	668.659622	-7.087993	-91.529030	427.255146	153.901294	-108.110992	447.207060	341.427822	-41.263840	238.475248	482.753165	-219.024456	220.198428	551.843115	-292.367592	178.478715	-162.519409	-110.283364	453.397573	-434.264438	-139.296276	381.922259	-528.206389	-344.227388	415.145000	-635.815086	-359.316302	403.350280	-9.398822	-2.880523	199.114604	0.000000	0.000000	0.000000	86.504484	-234.631955	-15.988738	99.710077	-200.009463	-481.638092	83.097782	-100.663287	-867.490165	56.207578	-211.481824	-913.396321	51.480553	-272.392663	-911.930014	-130.659194	-218.141878	-21.906198	-208.120311	-143.312781	-479.488680	-265.197184	101.459970	-791.203695	-224.044168	13.224593	-865.213758	-204.469916	-42.956504	-879.732713	
-75.266075	-126.208265	668.062658	-11.911312	-96.105205	425.931569	149.044582	-114.242287	444.768685	334.132788	-52.155527	232.421563	475.232604	-227.789250	198.519223	543.606026	-296.467010	148.503108	-167.707347	-115.857593	448.986187	-433.787025	-147.440257	359.543635	-491.422578	-361.223008	413.401597	-593.737611	-399.428564	409.113032	-12.533893	-4.603421	198.909454	0.000000	0.000000	0.000000	85.369715	-235.377951	-10.002593	105.542816	-224.931196	-476.571277	86.459066	-110.725037	-858.173448	58.583759	-218.729306	-909.838251	53.678669	-279.642407	-909.439265	-131.445519	-217.913560	-19.322040	-197.583134	-157.716065	-480.823313	-226.866103	83.410411	-799.160005	-200.657297	-14.912201	-867.000291	-190.830986	-73.982939	-879.820529	
-76.189842	-132.499816	667.398720	-17.220985	-100.773615	424.368667	143.829041	-120.383411	440.767930	322.864072	-64.597604	221.591948	462.688460	-236.501414	168.639592	529.183682	-299.279426	109.221767	-173.399737	-121.540687	443.630106	-429.620999	-157.151173	330.147121	-451.407139	-369.670267	409.435206	-544.122795	-427.203375	415.773262	-16.465754	-6.277862	198.576757	0.000000	0.000000	0.000000	82.714143	-236.502190	-3.988063	110.913325	-256.028950	-469.848490	92.795454	-125.442571	-846.207884	61.595802	-228.580474	-905.371736	55.658494	-289.392433	-906.502691	-133.536886	-216.824742	-17.103113	-187.291972	-168.078739	-481.555010	-186.647261	67.363866	-805.444008	-178.011108	-38.323703	-866.370984	-178.705036	-98.575270	-877.304153	
-76.600013	-139.174069	666.541341	-23.037236	-105.434978	422.532761	138.144540	-126.727286	435.089172	307.948804	-78.097201	207.042386	444.374561	-245.381771	134.175268	507.503671	-301.918106	65.534686	-179.544856	-127.538958	437.053632	-420.481932	-168.618048	295.428549	-411.856512	-369.272134	403.081424	-493.061915	-439.984591	421.839177	-20.854373	-7.749289	198.111849	0.000000	0.000000	0.000000	78.615910	-237.921471	1.931914	115.242848	-292.907876	-460.493635	101.212122	-145.413659	-830.731461	64.526716	-241.166104	-898.531585	56.543648	-301.673434	-901.655465	-136.877356	-214.884869	-15.055497	-178.818760	-174.139644	-481.491014	-150.152699	54.693106	-808.831127	-159.414449	-54.667429	-862.785137	-169.863899	-114.327442	-871.827201	
-76.986418	-145.978040	665.356790	-29.416827	-110.021386	420.424682	131.781006	-133.455660	427.953574	289.617460	-91.740640	190.148568	420.320705	-254.645322	99.129571	478.714482	-305.738117	22.494956	-186.072850	-134.012689	429.221543	-406.149380	-181.213292	258.533951	-375.681367	-361.236149	394.875701	-446.320656	-438.416810	426.493081	-25.324628	-8.939051	197.539914	0.000000	0.000000	0.000000	73.400928	-239.483672	7.120006	118.021280	-333.198984	-448.323613	109.926559	-170.302096	-812.228179	66.568528	-256.373452	-888.536825	55.571524	-316.235291	-894.036929	-141.201931	-212.193893	-13.166304	-173.840695	-175.998731	-480.719476	-122.300212	45.846230	-810.061412	-146.538136	-64.418932	-857.079058	-164.470387	-122.536475	-864.224160	
-77.863528	-152.715974	663.683114	-36.104479	-114.597776	418.019382	124.840827	-140.735627	420.022331	268.534345	-104.090075	172.609748	391.924798	-263.851439	66.983832	444.595820	-311.205611	-15.940936	-192.584389	-141.088603	420.539446	-388.037053	-193.732160	223.504571	-345.412168	-348.295092	385.427457	-408.453518	-426.406390	428.680614	-29.529726	-9.806836	196.913895	0.000000	0.000000	0.000000	67.780477	-241.001779	10.713043	119.147467	-372.867568	-434.455769	117.255410	-198.264812	-792.977388	67.266397	-273.756520	-876.123688	52.596275	-332.536998	-884.140417	-145.936179	-209.071228	-11.377117	-173.403789	-175.216461	-479.437725	-105.150306	40.030040	-810.116004	-139.294959	-70.250623	-850.475140	-161.776496	-126.968783	-855.756971	
-79.330950	-159.399566	661.409615	-42.321079	-119.600367	415.251582	118.078401	-148.814692	412.231536	246.590042	-113.674392	156.392470	362.039731	-271.913396	40.041629	408.459535	-317.485894	-47.488483	-198.258395	-149.050647	412.040462	-369.138266	-204.893973	194.147317	-323.150623	-335.181270	375.354267	-382.277149	-411.147183	427.119664	-32.972255	-10.523260	196.329703	0.000000	0.000000	0.000000	62.675843	-242.309850	12.185868	119.390595	-407.609197	-421.013842	122.629932	-226.333773	-776.198555	66.904306	-292.640385	-863.429824	48.431499	-349.982177	-873.691377	-150.329383	-206.036595	-9.358601	-177.299512	-174.554961	-477.613730	-97.169292	35.595755	-808.904454	-136.524615	-74.891479	-843.549390	-161.215376	-130.809380	-847.267146	
-80.713219	-166.270287	658.615955	-46.759306	-125.740918	412.136774	112.958447	-157.929832	405.450671	227.214733	-119.749415	143.360101	334.788010	-277.674955	19.290584	374.913471	-323.014245	-71.414804	-201.949421	-158.339759	405.250520	-353.011952	-213.886445	173.107230	-309.511340	-327.641188	365.703068	-368.119097	-401.111145	421.503772	-34.884734	-11.595055	195.938437	0.000000	0.000000	0.000000	59.091846	-243.229721	11.759112	120.490853	-433.889076	-410.238042	127.068855	-251.586163	-764.850269	66.789605	-312.382637	-853.062554	45.023765	-368.267816	-864.797970	-153.566893	-203.739048	-6.722701	-183.768200	-175.914939	-475.012192	-94.999182	30.870575	-806.218369	-136.454609	-80.050910	-836.786545	-161.985789	-135.649632	-839.471304	
-80.597415	-173.667724	655.588633	-47.726802	-133.559638	408.893784	111.370544	-168.247103	400.210180	214.561254	-122.691303	134.729378	314.777828	-280.568744	4.586828	349.097409	-326.364576	-88.246783	-202.168571	-169.460653	401.618218	-342.315152	-220.556376	161.734927	-302.941703	-330.420191	357.452263	-363.522196	-403.002354	412.299833	-34.478013	-13.733617	195.872191	0.000000	0.000000	0.000000	58.179061	-243.519564	10.209750	124.626155	-449.117744	-403.935874	132.771299	-271.966087	-761.117061	69.297413	-332.447763	-847.281086	45.330698	-387.373240	-859.256631	-154.726374	-202.938453	-3.649519	-189.364574	-179.102628	-471.851821	-95.444929	25.320346	-803.104093	-137.042885	-86.184429	-831.261455	-162.558542	-141.812810	-833.429739	
-77.607863	-181.693445	652.588635	-43.879322	-142.989858	405.785267	114.690321	-179.887299	396.574514	211.492008	-123.660519	130.733034	305.268707	-280.797493	-4.985918	334.924345	-326.758281	-99.332726	-197.462127	-182.873625	401.824962	-337.876036	-224.985061	160.357799	-300.501371	-345.796944	349.918409	-364.526936	-419.684603	398.783154	-31.517333	-17.353975	196.083549	0.000000	0.000000	0.000000	60.813867	-242.955366	8.073647	132.926303	-451.844231	-403.469382	141.401981	-286.277269	-766.158225	76.735554	-351.903383	-847.538032	52.143549	-406.797595	-858.330803	-153.037526	-204.243873	-1.241553	-190.285970	-182.726144	-469.355736	-95.971859	19.579502	-801.793690	-136.363452	-92.679923	-828.680167	-161.160958	-148.638868	-830.666904	
-71.411969	-189.914085	649.601873	-35.262159	-153.305340	402.821656	122.729370	-192.743847	394.226801	217.828036	-123.639652	130.817302	306.446503	-278.740684	-10.590507	333.097674	-323.890377	-106.216819	-187.356262	-198.632470	405.450710	-338.577509	-227.373018	168.592218	-299.177324	-372.821622	339.524750	-367.246381	-449.442309	377.502324	-26.681887	-22.183126	196.314153	0.000000	0.000000	0.000000	66.795607	-241.459241	5.157698	144.021295	-442.239999	-409.481549	152.512472	-293.870413	-779.538057	89.650889	-368.782152	-854.022009	66.299862	-424.625871	-862.438283	-148.468733	-207.590266	-0.949694	-184.941615	-185.416799	-469.094344	-95.549756	14.634137	-804.245709	-133.792037	-98.543197	-830.417464	-157.252109	-155.078550	-832.326879	
-62.950276	-197.494750	646.518521	-23.488124	-163.505303	399.871119	133.717972	-206.248910	392.812945	230.455214	-123.022804	134.125815	315.425981	-274.685419	-13.129579	340.550046	-318.089399	-109.969897	-172.877467	-215.936645	411.178444	-341.650788	-228.725035	185.019533	-296.845313	-406.425284	320.447346	-368.766907	-485.567657	343.034765	-21.161028	-27.622563	196.296882	0.000000	0.000000	0.000000	74.771405	-239.163101	1.033506	154.598611	-422.264971	-421.226778	163.804983	-294.648002	-798.925872	105.959816	-380.370042	-865.385447	85.393959	-437.663589	-870.781738	-141.872788	-212.124036	-3.618125	-174.721127	-185.609924	-471.805411	-94.670336	11.576764	-810.991201	-130.193087	-102.617906	-836.569580	-151.864399	-159.869089	-838.279320	
-54.005332	-203.544598	643.452863	-11.021532	-172.692368	396.981734	145.178717	-219.259524	392.126527	245.027579	-122.143228	139.535277	327.714889	-269.661913	-13.130298	352.232053	-311.049084	-111.003593	-156.429505	-233.000218	417.317943	-343.995454	-230.412866	206.111527	-293.778716	-437.005676	288.107209	-369.141970	-516.054579	292.358479	-15.975434	-33.177655	195.926746	0.000000	0.000000	0.000000	82.821899	-236.455006	-4.514793	161.105761	-395.282521	-436.773839	172.352633	-289.437291	-821.088487	121.214676	-384.716863	-879.551461	103.954921	-443.294993	-881.859825	-134.797813	-216.526917	-9.122999	-162.714330	-181.341170	-477.058869	-94.335003	11.528110	-821.244034	-127.080400	-103.652092	-846.099653	-146.822607	-161.608808	-847.337112	
-46.530029	-207.528653	640.700941	-0.260638	-180.433069	394.383144	154.915104	-230.484594	391.949131	257.898733	-121.654114	145.465848	339.025269	-265.995131	-11.026603	363.456819	-306.091219	-109.457159	-141.290585	-247.718257	422.263863	-344.017161	-232.248574	226.155592	-293.516719	-453.744937	243.894495	-372.580704	-527.852628	229.634106	-11.723748	-38.584720	195.235842	0.000000	0.000000	0.000000	89.067051	-233.932267	-11.557451	161.169340	-365.123392	-454.041998	175.722335	-280.128922	-843.389663	130.669856	-382.266842	-894.861266	116.163500	-441.629865	-894.389865	-129.101001	-219.521336	-16.760076	-152.093821	-171.145708	-483.785210	-95.220299	15.281909	-833.567808	-125.827954	-100.683069	-857.480925	-143.918546	-159.187707	-857.933478	
-41.977283	-209.461998	638.510526	7.038747	-186.809531	392.275315	161.491785	-239.104019	391.906129	266.801644	-122.205938	150.145127	346.463996	-266.378489	-7.252195	371.128676	-306.911226	-105.445484	-130.770553	-258.555919	424.758069	-342.192148	-231.639558	239.360527	-300.274993	-451.147052	194.807035	-383.953670	-514.594139	164.495840	-8.787965	-43.746268	194.299503	0.000000	0.000000	0.000000	92.087264	-232.167691	-20.221747	154.320076	-334.918687	-471.632575	173.038368	-269.286604	-864.531428	131.928117	-375.657478	-910.426863	119.138113	-435.350771	-907.642693	-126.352853	-220.237249	-25.847547	-144.902138	-154.734085	-490.978288	-97.372913	23.117392	-846.572923	-127.189875	-93.275751	-869.379211	-144.327203	-152.065958	-868.840171	
-41.046908	-209.722187	636.948893	9.895976	-192.124693	390.691639	164.151758	-244.990668	391.657501	270.528170	-124.230010	152.273641	348.441859	-272.708569	-1.964182	373.452782	-316.116229	-98.832133	-127.215676	-264.810394	424.027216	-339.864860	-224.867421	242.421287	-315.611145	-430.516194	147.311135	-404.499109	-477.911413	104.895979	-7.496050	-48.567606	193.205222	0.000000	0.000000	0.000000	91.092685	-231.443504	-30.444168	141.916832	-306.311164	-488.717193	165.051836	-259.003359	-884.007208	124.964296	-367.499935	-925.632785	112.637806	-427.179283	-921.043875	-127.368826	-218.239161	-35.866921	-141.550355	-132.772054	-497.901124	-100.187161	34.897689	-859.167872	-131.080483	-81.422666	-880.886980	-148.303345	-140.171315	-879.391603	
-43.668144	-208.770286	635.920743	8.154127	-196.549163	389.521512	162.722688	-248.476863	391.153825	268.665478	-127.802091	151.534471	344.210158	-285.315070	5.286756	369.427625	-334.224876	-88.867806	-131.062552	-266.449231	419.964471	-337.409645	-209.543481	235.632046	-337.429125	-396.027275	104.676344	-430.659705	-422.862504	54.333998	-8.042276	-52.807749	192.067500	0.000000	0.000000	0.000000	86.100135	-231.634916	-41.507258	126.805468	-279.608398	-504.372300	153.326615	-249.947684	-901.164845	111.237450	-358.932720	-939.400570	98.130361	-418.321450	-933.416593	-131.938315	-213.529658	-46.205535	-140.827184	-106.856904	-503.942641	-102.618606	49.986741	-870.382125	-136.543027	-65.637621	-891.279076	-155.000671	-123.989958	-889.137336	
-49.179939	-207.023012	635.324746	2.382572	-199.940468	388.669867	157.570746	-249.970529	390.722708	261.644791	-132.608079	148.651730	333.875738	-302.677344	15.366822	358.891560	-359.237996	-74.456741	-140.706603	-264.026282	413.420086	-333.901240	-186.360999	222.528060	-361.146760	-352.650769	69.129899	-455.717222	-356.308176	14.453823	-10.344085	-56.129666	191.012359	0.000000	0.000000	0.000000	77.941802	-232.393596	-52.049132	112.202404	-255.081362	-517.359676	139.693027	-241.975917	-914.977541	93.256847	-350.196180	-950.237469	78.493041	-409.070693	-943.134876	-138.983735	-206.613478	-55.964072	-140.692824	-79.698734	-508.590931	-103.710173	67.074212	-879.303360	-142.130709	-47.204164	-899.818162	-162.739619	-104.825641	-897.514846	
-56.773268	-204.703708	635.162936	-6.378742	-201.871898	388.181445	149.486717	-249.716528	390.909209	250.853305	-138.126332	144.990213	318.653704	-321.837797	28.547374	342.831604	-387.093533	-55.418627	-153.527079	-258.610536	406.130557	-328.784319	-158.877113	208.307469	-382.307327	-306.515037	43.189534	-473.973823	-287.805530	-13.322679	-14.064354	-58.223423	190.145965	0.000000	0.000000	0.000000	67.997792	-233.429365	-60.645296	100.274060	-234.103338	-526.649818	125.920167	-235.027090	-924.605691	73.958368	-341.601652	-957.056280	57.201463	-399.826752	-949.077003	-147.094297	-198.471500	-64.108631	-139.782494	-54.760801	-511.629713	-103.191658	84.286552	-885.347071	-146.692211	-28.135241	-905.976763	-169.890770	-84.775618	-903.986405	
-65.595128	-201.754958	635.496144	-16.616442	-201.851568	388.213788	139.803516	-247.764373	392.138289	238.611200	-143.599945	141.957308	301.243774	-339.277071	43.502473	323.983647	-412.767770	-33.796858	-166.925875	-251.469622	400.012085	-323.321401	-132.017659	197.360912	-398.812122	-265.177153	28.555397	-484.611883	-228.950151	-28.649740	-18.621530	-58.878288	189.551700	0.000000	0.000000	0.000000	58.063703	-234.539833	-66.411544	91.855524	-218.664692	-532.038561	113.591922	-229.081349	-930.091918	56.309689	-333.696172	-959.852483	37.802167	-391.293674	-951.213940	-154.816204	-190.500823	-69.849586	-138.384377	-35.394301	-513.305682	-101.803232	99.516434	-888.537121	-149.982926	-10.865159	-909.777720	-175.642294	-66.452547	-908.397097	
-74.392805	-198.117115	636.435215	-26.282329	-199.599142	388.986897	130.469026	-244.181900	394.642102	228.029490	-148.104740	140.762514	285.877361	-352.100820	57.426118	306.897170	-431.877639	-13.897075	-178.589412	-243.657329	396.437087	-319.974787	-110.228702	191.491223	-411.168134	-236.260129	24.981600	-491.637199	-190.143527	-32.849280	-23.078901	-58.066152	189.311773	0.000000	0.000000	0.000000	50.245140	-235.548487	-69.160366	87.142509	-209.971501	-534.119319	104.239180	-223.925847	-932.290680	43.087024	-327.014944	-959.571779	23.577609	-384.208080	-950.463924	-160.733891	-184.355786	-72.905047	-138.038009	-23.809405	-514.143195	-101.081312	110.860877	-889.424206	-152.626588	2.231318	-911.768002	-180.054620	-52.518399	-911.105792	
-81.647276	-194.014681	638.177538	-33.505842	-195.169134	390.733496	123.291065	-239.251260	398.613014	222.158578	-151.083402	142.380007	277.009529	-359.095086	67.358386	296.607201	-442.153039	-0.542122	-186.859530	-235.779614	395.978695	-320.433411	-95.878823	190.110734	-420.793651	-224.738127	31.212327	-499.741556	-177.128056	-27.498249	-26.300539	-55.982815	189.519041	0.000000	0.000000	0.000000	46.173296	-236.421767	-69.018799	85.932841	-208.007853	-533.576927	98.981998	-219.450970	-931.981530	36.137635	-322.020403	-957.305507	16.610810	-379.172158	-947.977851	-163.887933	-181.390800	-73.319222	-140.059259	-20.579866	-514.401284	-102.468302	117.087949	-888.529887	-155.458404	9.504276	-912.495366	-183.616045	-44.877768	-912.582065	
-86.388186	-189.852376	640.833168	-37.643568	-188.886593	393.506433	118.908405	-233.272233	404.088750	222.407505	-152.605337	147.214271	277.094747	-360.389723	71.446956	296.349899	-443.190865	3.136040	-191.409622	-227.949148	398.425192	-324.391525	-89.198466	191.398885	-427.946607	-231.273446	46.427691	-510.033022	-190.122918	-12.858706	-27.609666	-52.947658	190.203872	0.000000	0.000000	0.000000	46.070817	-237.291766	-66.037245	87.485966	-212.495024	-530.657878	97.938596	-216.019955	-929.287745	35.700153	-319.153685	-953.803381	16.995907	-376.614691	-944.692454	-164.198828	-181.969180	-71.158612	-144.440371	-25.102350	-513.859129	-106.401647	117.792198	-885.977286	-158.808925	10.414936	-912.056830	-186.711725	-44.090309	-912.994407	
-88.753412	-186.002623	644.189968	-39.438321	-181.247449	397.020199	116.643343	-226.442980	410.675560	227.623854	-153.092309	154.732764	285.317509	-356.250773	69.270419	305.929872	-434.973110	-3.331890	-193.256600	-219.984881	402.801659	-330.225491	-89.331309	193.123340	-431.132951	-252.373182	69.994814	-519.289808	-224.718333	11.599606	-27.244130	-49.266368	191.242891	0.000000	0.000000	0.000000	48.785843	-238.264365	-60.339489	90.910769	-223.649951	-525.328021	100.360380	-214.377532	-923.890664	40.584772	-318.694085	-949.505897	23.095487	-376.670007	-941.287474	-162.369742	-185.294728	-66.629695	-150.078843	-36.233932	-512.287815	-112.050096	113.221797	-881.820653	-162.295416	5.403177	-910.230071	-189.362661	-49.492353	-912.257862	
-89.586307	-182.818781	647.734393	-40.161720	-172.935611	400.738406	115.345162	-219.024684	417.590638	234.943465	-152.745452	163.608317	298.291645	-346.371305	61.619256	321.947974	-417.055711	-17.987679	-193.916413	-211.744616	407.625510	-336.098408	-95.308985	193.096131	-428.263266	-281.866663	100.211936	-522.490249	-273.186700	45.509502	-26.003775	-45.218643	192.411899	0.000000	0.000000	0.000000	52.771774	-239.275510	-52.470853	95.771075	-242.143957	-517.600144	105.464674	-215.445032	-915.369745	49.188062	-320.757216	-944.584354	32.833319	-379.279066	-938.077394	-159.350505	-190.011604	-60.337321	-155.691159	-52.603164	-509.878061	-117.836863	104.153657	-876.391459	-165.074569	-4.470690	-906.819938	-191.164482	-59.773420	-910.165311	
-89.618071	-180.602051	650.943143	-40.754605	-164.699412	404.149803	114.220971	-211.396690	423.962067	241.483284	-151.168281	172.207122	311.854078	-330.218926	50.163895	339.392278	-389.181303	-37.347572	-194.556437	-203.263522	411.352772	-340.312376	-106.530961	189.555911	-418.227535	-313.325382	133.960070	-515.841735	-326.683913	86.637351	-24.498355	-41.035109	193.543823	0.000000	0.000000	0.000000	56.965342	-240.143859	-43.320857	102.267149	-268.474696	-507.376387	113.070097	-220.161162	-903.073938	60.438042	-325.431745	-938.558830	44.936418	-384.403752	-934.481196	-155.890123	-194.986371	-53.067598	-160.583147	-72.893734	-506.997891	-122.436129	91.774941	-869.994794	-166.338723	-17.916038	-901.569993	-191.454614	-73.580699	-906.142147	
-89.232566	-179.365163	653.464243	-41.650972	-157.174671	406.905815	112.963781	-203.976812	429.141554	245.374240	-147.608765	179.153907	322.385501	-308.064559	36.925446	353.188098	-352.787007	-57.648725	-195.772032	-194.679357	412.751708	-341.395255	-122.743220	181.635073	-401.481360	-342.111161	167.743774	-498.260122	-377.772733	131.569945	-22.856558	-36.848896	194.584166	0.000000	0.000000	0.000000	60.803491	-240.738208	-33.747159	111.239839	-301.779884	-494.108446	123.415902	-229.144241	-886.030964	73.848781	-332.688700	-929.995178	59.030911	-391.963508	-928.749015	-152.555047	-199.548749	-45.219905	-164.948941	-95.970725	-503.585841	-125.437902	77.328450	-862.394973	-165.735543	-33.747424	-893.935299	-189.713263	-89.849358	-899.218191	
-88.752264	-178.746211	655.151741	-43.044903	-150.727406	408.832298	111.387807	-197.208139	432.929399	245.725232	-141.596869	183.801816	327.444725	-281.695329	23.801574	359.518392	-311.704551	-76.017751	-197.729120	-186.239341	411.234845	-338.323844	-143.511436	169.981286	-379.701414	-365.690056	199.138780	-471.281520	-421.244451	177.385260	-20.988622	-32.707363	195.532522	0.000000	0.000000	0.000000	63.812791	-241.080158	-24.476627	123.588567	-338.886892	-477.315589	136.692391	-242.138257	-863.961997	89.001530	-341.973232	-917.532195	74.777555	-401.382927	-919.203037	-149.930592	-203.248614	-36.720620	-169.565338	-120.677018	-499.081686	-127.226767	61.951184	-852.906649	-163.530120	-50.783670	-883.393711	-186.042184	-107.481936	-888.758471	
-88.619047	-178.163006	656.027116	-45.047161	-145.384950	409.908091	109.230410	-191.534937	435.582990	242.350531	-133.529847	186.347855	325.979383	-254.307629	12.208043	356.729727	-271.325758	-91.029406	-200.285398	-178.357833	407.087469	-330.968161	-167.282163	156.897191	-355.572531	-382.573822	227.393494	-438.803076	-453.239330	222.345270	-18.886334	-28.609022	196.387605	0.000000	0.000000	0.000000	65.425152	-241.340645	-16.280740	139.076452	-375.084638	-457.744732	152.547787	-257.691683	-838.618556	105.098544	-352.113434	-901.422289	91.197456	-411.456763	-905.866847	-148.614451	-205.652290	-27.540256	-175.259156	-145.407178	-492.988355	-128.370977	46.858214	-841.087819	-160.409541	-67.551417	-870.079343	-181.153194	-124.952213	-875.090982	
-89.192363	-177.129883	656.196155	-47.497422	-140.990969	410.222589	106.437731	-187.363385	437.501858	235.889753	-124.739611	187.453569	318.596243	-229.731019	2.948360	345.761198	-237.176801	-102.407213	-202.976820	-171.716028	401.493073	-320.769756	-190.951524	145.464462	-332.733872	-391.623651	252.763851	-406.755402	-471.068500	265.243890	-16.690153	-24.561853	197.132988	0.000000	0.000000	0.000000	65.270212	-241.728451	-9.898256	155.874288	-406.131679	-437.642228	169.699108	-273.533075	-813.479876	120.908341	-361.828481	-883.726505	106.806437	-420.892185	-890.599661	-148.901432	-206.490187	-18.103911	-182.202932	-167.906870	-485.419313	-129.229166	33.285108	-827.549825	-157.196902	-82.512288	-855.214075	-176.069216	-140.600131	-859.675594	
-90.200461	-175.648089	655.809961	-49.548068	-137.581255	409.952719	103.783121	-184.990713	438.805454	228.278877	-116.901309	187.671327	308.002835	-211.457649	-3.663251	330.392048	-213.763353	-110.371161	-204.873764	-167.335833	396.437176	-310.881996	-210.727571	138.221681	-314.893100	-392.635263	275.404422	-381.130271	-474.567918	304.492213	-14.531053	-20.736758	197.742500	0.000000	0.000000	0.000000	63.851532	-242.246466	-5.518290	171.644600	-429.305915	-419.754747	186.410157	-287.264181	-792.090050	135.202212	-370.043894	-867.166491	120.347329	-428.673107	-875.917085	-150.269104	-206.088199	-9.188891	-189.140807	-185.824568	-477.227055	-129.720222	22.302147	-814.110097	-154.317487	-94.474007	-840.846707	-171.460153	-153.136755	-844.729759	
-90.332687	-174.483614	655.090519	-49.482977	-135.717448	409.375298	103.210543	-184.571699	439.183717	222.677789	-111.268508	187.076738	298.704323	-201.824416	-7.667518	316.693541	-203.746240	-115.212234	-204.482074	-166.303720	394.083577	-304.745281	-223.952040	136.363204	-304.060827	-387.388980	295.150798	-364.631695	-467.542805	338.196779	-12.401152	-17.668251	198.185028	0.000000	0.000000	0.000000	62.970265	-242.526749	-2.518250	185.105360	-443.008642	-406.365319	201.511190	-296.681558	-776.968458	147.565093	-375.748455	-854.101143	131.720550	-433.929963	-864.025232	-151.125015	-205.660255	-1.635457	-193.547024	-198.120092	-469.743207	-129.310691	14.257113	-803.070878	-151.391435	-103.146949	-829.248519	-167.107221	-162.237168	-832.658361	
-87.911889	-174.676348	654.260968	-45.599021	-136.168550	408.752811	106.862631	-186.030368	438.075742	221.956167	-108.183502	185.297077	295.076973	-201.484321	-9.264061	310.501068	-207.460812	-117.058077	-200.318951	-169.123097	395.721394	-304.402523	-229.561547	140.163898	-299.925073	-378.934617	312.190758	-356.536776	-455.788060	365.436280	-10.257420	-16.024975	198.447087	0.000000	0.000000	0.000000	64.743064	-242.072582	-0.144656	196.054695	-446.643183	-399.031295	214.616455	-300.500020	-769.605296	158.394235	-378.413990	-846.284380	141.709517	-436.292968	-856.593069	-149.739341	-206.643453	3.768069	-193.146952	-205.193034	-464.307804	-127.536952	8.675902	-796.411892	-147.764920	-109.128137	-822.288130	-162.390389	-168.512715	-825.424127	
-82.282016	-176.598954	653.376336	-37.617381	-139.209672	408.111996	115.330536	-188.922627	435.059118	226.600293	-107.065319	181.835635	298.869580	-209.568243	-8.364345	314.218462	-223.487315	-115.433680	-192.019139	-175.350817	401.184402	-310.384473	-226.698917	149.890052	-301.685602	-369.212312	327.484713	-356.026906	-443.082252	386.954681	-8.211558	-16.244884	198.524394	0.000000	0.000000	0.000000	69.663116	-240.697450	1.614804	203.780777	-441.101252	-398.451684	225.198932	-299.102915	-770.480162	167.748593	-378.558420	-844.625209	150.663452	-436.409349	-854.422807	-145.731934	-209.427611	6.313845	-187.595385	-207.197103	-461.899593	-124.473226	5.242976	-795.400005	-143.395323	-112.818129	-821.091864	-157.278948	-172.382120	-824.197175	
-74.465580	-179.635371	652.353494	-27.115161	-144.459914	407.265531	127.015153	-192.534621	430.140395	234.308091	-106.872196	176.459721	308.392712	-224.393245	-4.111604	325.811441	-249.749493	-108.738655	-180.861901	-183.864802	409.074263	-321.908358	-214.010159	166.189549	-309.501090	-358.019581	342.351259	-363.775521	-429.948109	404.213971	-6.642127	-18.517925	198.384046	0.000000	0.000000	0.000000	76.026053	-238.761701	1.926032	206.633416	-428.403671	-404.497473	232.038785	-294.334647	-779.207383	174.873519	-377.656084	-849.213648	158.009513	-435.812699	-857.462187	-140.486589	-213.007090	5.392862	-178.903248	-203.496842	-463.024753	-120.852493	4.326997	-800.333337	-139.202923	-113.864979	-825.837459	-152.804896	-173.486363	-829.084606	
-66.293295	-182.671869	651.178856	-16.444379	-151.220687	406.080114	139.377499	-195.961191	423.642017	241.908831	-106.585461	169.274144	320.287244	-243.500365	4.906067	341.115725	-283.240026	-94.492650	-169.076838	-193.236803	417.571637	-336.083056	-191.443509	189.752548	-323.158506	-344.865815	357.741101	-380.459239	-415.613145	418.221375	-6.116314	-22.813307	197.953037	0.000000	0.000000	0.000000	81.518776	-236.950287	-0.266203	203.698274	-410.296673	-416.470031	234.053307	-288.048772	-794.836885	179.285057	-376.993196	-859.648418	163.491336	-435.761401	-865.259253	-135.961788	-215.989620	0.679358	-169.910772	-193.829595	-467.655721	-117.768509	6.492591	-810.423756	-136.453127	-111.704928	-835.658125	-150.272767	-171.266094	-839.086245	
-59.170500	-184.673988	650.002429	-7.400534	-158.539746	404.677427	150.373161	-198.107910	416.184479	247.171319	-105.386262	160.770066	331.631548	-263.364887	20.004462	356.675892	-319.002945	-70.385574	-158.692320	-201.890966	425.306145	-348.626950	-162.180558	220.016716	-341.283623	-330.832299	373.079670	-405.224829	-399.990844	428.532714	-7.040498	-28.760959	197.145884	0.000000	0.000000	0.000000	84.867308	-235.704316	-5.642290	195.903331	-387.294591	-433.303156	231.226048	-280.822339	-815.982418	181.448801	-376.394420	-875.138226	167.836610	-435.927570	-877.404787	-133.267963	-217.530940	-7.584565	-162.462613	-178.855753	-475.166909	-116.143349	12.106661	-824.058872	-135.896076	-106.001971	-848.892773	-150.242768	-165.434090	-852.394590	
-53.563624	-184.975462	649.081607	-0.621300	-165.204894	403.411667	159.033004	-197.954771	408.753908	249.233020	-102.712738	151.855831	340.857563	-279.847343	41.701365	370.734500	-350.688346	-35.642621	-150.748749	-208.259881	431.732934	-356.685394	-131.793440	254.141235	-362.408151	-317.656040	385.852836	-435.939504	-383.396726	432.945560	-9.202782	-35.626705	195.931895	0.000000	0.000000	0.000000	86.260293	-234.838441	-14.173520	185.490721	-359.041168	-453.410848	224.693749	-271.800297	-840.553724	181.945630	-373.819448	-894.181121	171.486539	-434.021665	-893.219041	-132.155304	-217.560650	-18.437046	-156.937359	-159.795505	-484.302246	-116.413549	21.278625	-839.136996	-137.488479	-96.717259	-863.413747	-152.313794	-156.042027	-866.737736	
-49.293728	-183.256489	648.745452	4.162801	-169.998960	402.749269	165.301072	-194.998960	402.529719	248.271902	-98.598460	143.634962	347.530727	-289.692943	69.228541	382.739716	-372.846300	8.081034	-145.301063	-211.063856	436.929740	-360.425512	-104.983461	287.717639	-385.616779	-305.291793	393.394382	-470.025814	-364.545345	429.595953	-11.699765	-42.473317	194.428377	0.000000	0.000000	0.000000	86.689238	-233.772387	-25.025326	174.542949	-325.769919	-474.492350	215.981963	-259.903321	-865.608512	180.373614	-367.056623	-914.202976	173.045861	-427.627838	-910.730661	-131.630209	-216.540877	-30.349989	-153.004769	-137.998589	-493.335500	-118.569655	33.793049	-853.390462	-140.760640	-84.146274	-876.936548	-155.709537	-143.466828	-879.741788	
-45.926164	-179.428403	649.352050	7.627722	-172.031759	403.131102	169.693325	-189.474592	398.539971	245.341848	-93.697507	137.182436	351.755413	-291.770928	100.456365	392.431302	-383.159784	57.019972	-141.822803	-209.641042	441.133198	-361.636352	-83.515253	316.352915	-409.907355	-291.812676	395.141846	-504.473658	-340.930409	419.454087	-13.369168	-48.387309	192.933135	0.000000	0.000000	0.000000	87.146877	-232.061611	-36.655837	164.150199	-289.314481	-493.815572	206.447461	-245.007847	-887.865463	176.451387	-355.747021	-932.004758	171.401754	-416.429259	-926.828640	-130.762918	-215.173490	-41.701485	-150.225259	-115.028389	-500.584393	-122.288334	48.897737	-864.844565	-145.189136	-69.075238	-887.526547	-159.839175	-128.503001	-889.522630	
-42.980087	-173.569308	651.095047	10.474135	-170.932963	404.755484	172.989212	-182.117710	397.383789	242.212516	-88.735126	133.392242	354.141484	-287.170083	132.294372	399.678592	-382.793106	106.298595	-139.587816	-204.095542	444.450962	-361.800458	-66.925424	336.739633	-433.701830	-275.738348	392.890835	-536.048432	-311.738390	406.141959	-13.446010	-52.629196	191.814060	0.000000	0.000000	0.000000	88.233098	-229.738341	-47.180876	154.928224	-253.034084	-508.929178	197.445135	-228.264959	-904.664261	171.034621	-341.337496	-945.016371	167.371958	-402.028097	-938.863257	-129.078724	-214.128863	-51.235715	-148.089000	-92.972501	-505.043044	-127.012067	65.188492	-872.301240	-150.285706	-52.857774	-894.209198	-164.441903	-112.426386	-895.413181	
-40.215889	-165.985186	653.828886	13.025164	-166.879390	407.430682	175.731828	-173.812318	399.120048	240.779588	-84.024803	132.829416	355.813710	-278.557306	161.638920	404.753835	-375.422937	150.911158	-138.073553	-195.284607	446.881897	-361.529117	-54.113825	347.211184	-455.196005	-257.507889	389.436419	-562.134686	-279.714781	393.607120	-12.052684	-54.720278	191.320895	0.000000	0.000000	0.000000	89.993921	-227.324372	-54.913969	147.699335	-221.128453	-518.415988	190.001108	-211.438286	-914.830057	165.154484	-325.868531	-952.240897	162.057900	-386.558307	-945.776591	-126.662943	-213.787874	-58.213649	-146.139660	-74.263993	-506.694520	-132.042257	80.907009	-875.558916	-155.580011	-37.137063	-897.194837	-169.387385	-96.792779	-898.099804	
-37.953032	-157.272936	657.133290	14.905654	-160.540952	410.672818	177.734155	-165.395109	403.330688	242.240155	-79.556508	135.609900	357.772441	-269.299380	186.163485	408.283073	-365.951249	186.676783	-137.352599	-184.633683	448.501929	-360.990409	-44.152939	348.266603	-472.727144	-238.896198	387.196890	-581.457892	-249.683213	384.424362	-10.170108	-54.514357	191.488942	0.000000	0.000000	0.000000	91.937645	-225.547405	-58.878331	143.179766	-197.776875	-522.349439	184.130549	-196.156204	-919.020411	159.428958	-311.252213	-954.431521	156.318597	-371.965838	-948.202035	-124.111897	-214.118738	-62.345715	-144.311665	-61.127568	-506.380644	-136.639771	94.468224	-875.255706	-160.590777	-23.379912	-897.497738	-174.410270	-83.024293	-898.852852	
-36.890839	-148.225055	660.536998	15.273753	-152.930464	413.951924	178.206125	-157.599790	409.279669	246.546902	-75.299323	141.399320	360.243953	-262.345750	204.584337	410.730374	-358.792530	211.089032	-138.006338	-173.743306	449.534453	-360.540718	-36.499987	342.583290	-485.031946	-221.943764	387.729069	-593.983298	-226.039093	380.031436	-8.952172	-52.180098	192.198743	0.000000	0.000000	0.000000	93.340933	-224.981206	-58.836613	141.379147	-185.661344	-521.814695	179.311103	-183.806887	-918.784695	154.084148	-299.064675	-953.287588	150.665559	-359.821792	-947.674114	-122.253947	-214.806324	-63.638046	-143.066748	-55.140943	-505.288520	-140.043401	104.692076	-872.415180	-164.677746	-12.700478	-896.262180	-178.859435	-72.228804	-898.612722	
-37.525141	-139.693555	663.657192	13.493193	-145.105495	416.846891	176.450748	-151.002073	416.036725	252.543150	-71.174415	149.501171	362.681269	-259.074278	216.351511	412.148250	-356.020784	223.248167	-140.543121	-163.940281	450.195676	-361.111446	-31.293972	333.789487	-491.904294	-208.708038	391.608880	-600.645393	-211.790572	381.011999	-9.013027	-48.062066	193.266821	0.000000	0.000000	0.000000	93.604251	-225.812806	-55.114799	141.701038	-185.114654	-517.967676	175.304856	-175.317976	-915.211004	149.313600	-290.301069	-950.061391	145.439472	-351.099303	-945.245690	-121.773056	-215.504007	-62.184655	-143.104523	-57.019382	-504.235488	-141.611227	110.642402	-867.863066	-166.953426	-6.078801	-894.139967	-181.573089	-65.448939	-897.563283	
-39.890836	-132.651095	666.150849	9.493273	-138.083555	419.008819	172.324601	-146.107743	422.496173	258.618956	-67.257502	158.792488	364.164046	-259.293549	221.147298	412.234871	-357.159832	223.282134	-145.035063	-156.197227	450.424821	-363.912570	-29.594587	324.487384	-494.352826	-201.198436	398.399905	-602.855220	-208.727506	387.584831	-10.399612	-42.778661	194.435324	0.000000	0.000000	0.000000	92.352178	-227.844631	-48.463587	143.239929	-195.380362	-511.668654	172.301887	-171.380264	-908.665948	145.508932	-285.578879	-945.435778	141.074025	-346.402012	-941.498366	-122.989670	-215.971929	-58.028031	-144.798943	-66.585596	-503.212741	-141.060990	111.453936	-861.856955	-166.386936	-4.581234	-891.028473	-181.052316	-63.886786	-895.276435	
-43.300694	-128.183839	667.703930	4.021627	-132.888284	420.143936	166.576273	-143.453324	427.557273	263.673591	-64.255458	167.742880	364.230043	-262.224721	218.755648	410.780602	-360.614776	212.001855	-150.811186	-151.254207	449.868837	-368.957336	-32.794574	315.052655	-493.020930	-200.413915	406.908973	-600.856193	-216.794258	399.861798	-12.559401	-37.251187	195.442757	0.000000	0.000000	0.000000	89.715240	-230.591870	-39.615468	145.238130	-215.820152	-503.190090	170.808120	-172.899337	-898.830625	143.257185	-285.521297	-939.677249	138.182342	-346.352165	-936.765795	-125.640668	-216.139566	-51.339030	-147.577518	-83.027447	-501.651461	-138.310532	106.495213	-854.260314	-161.968481	-9.098995	-886.428971	-175.835498	-68.556831	-891.197458	
-46.339779	-127.177187	668.171079	-1.450287	-130.305135	420.133513	160.755900	-143.434957	430.494558	267.507412	-63.269008	174.796992	363.115251	-267.130412	209.515875	408.007264	-364.803663	191.136151	-156.488333	-149.530857	448.198668	-374.494854	-41.876832	304.394644	-487.191315	-205.856273	415.461526	-592.797164	-233.966078	417.376151	-14.482142	-32.413465	196.170578	0.000000	0.000000	0.000000	86.569308	-233.359491	-28.981427	147.663328	-245.755748	-491.924489	171.643609	-180.935711	-884.672197	143.268425	-290.673549	-932.250159	137.564689	-351.498606	-930.699390	-128.789850	-216.191847	-42.565772	-149.909874	-105.109448	-498.850762	-133.224710	95.830334	-844.802389	-153.254431	-19.608198	-879.863727	-165.416334	-79.402578	-885.058646	
-47.720557	-129.827373	667.641527	-5.605178	-130.482699	419.099076	156.283636	-145.946729	431.076819	270.120970	-64.983344	178.708632	361.156924	-273.217192	194.735213	404.020012	-368.561466	163.664386	-160.810028	-150.875789	445.360331	-378.357473	-57.058411	291.518730	-475.904458	-216.106950	422.338262	-575.910227	-257.042658	438.755825	-15.446003	-28.823547	196.656770	0.000000	0.000000	0.000000	84.030744	-235.472065	-16.809543	151.115905	-283.782008	-476.557469	175.645338	-196.147929	-864.817728	146.052889	-301.023336	-921.709226	139.765751	-361.808901	-922.169698	-131.325439	-216.440046	-32.325233	-150.304613	-130.906159	-494.174875	-125.842279	80.795858	-833.175715	-141.609855	-34.484215	-870.837766	-151.919480	-94.571285	-876.627642	
-47.126395	-135.347836	666.366012	-8.090391	-132.725591	417.334290	153.586567	-150.189658	429.423885	271.013282	-69.179531	178.720801	358.273978	-279.623026	176.521189	398.311959	-371.492544	133.508135	-163.440118	-154.460976	441.585313	-379.346356	-77.439457	276.515594	-459.243398	-229.191246	426.560451	-548.392825	-281.691058	461.810580	-15.465511	-26.379317	196.997996	0.000000	0.000000	0.000000	82.684223	-236.518004	-3.656914	156.258100	-327.130068	-455.960755	182.868613	-218.091273	-838.622322	151.400888	-315.643372	-906.479354	144.428864	-376.252490	-910.022058	-132.683906	-216.980343	-21.262582	-148.795312	-157.433685	-487.284003	-116.881056	64.092838	-819.315927	-129.860553	-50.912803	-858.835251	-139.245185	-111.095525	-865.178404	
-45.282301	-142.371912	664.608526	-9.542198	-135.933376	415.151767	152.041159	-155.106983	425.818652	269.176611	-75.050762	174.673281	353.750487	-285.875219	157.179305	390.066583	-374.281827	104.657081	-164.981504	-159.255683	437.259883	-377.632837	-100.928548	260.700584	-438.583811	-242.878875	428.213823	-511.436601	-302.903377	483.313301	-15.053875	-24.542683	197.267074	0.000000	0.000000	0.000000	82.299116	-236.499540	9.254359	163.289844	-371.736518	-430.465879	191.789492	-244.884952	-807.459120	158.154161	-333.029694	-886.265055	150.319791	-393.108743	-894.249766	-133.096677	-217.533197	-10.107814	-147.297190	-181.159462	-478.569812	-107.802599	48.574168	-804.146770	-119.682820	-66.413720	-844.061528	-129.037703	-126.599138	-850.423021	
-43.371179	-149.727445	662.511110	-10.895321	-139.364783	412.740378	150.662385	-160.054741	420.590463	263.713887	-81.825823	167.009501	346.714534	-292.106058	138.745616	378.933682	-378.279463	80.185887	-166.294392	-164.700883	432.822399	-374.490935	-124.562343	246.170512	-416.291367	-255.413326	427.984555	-470.514641	-317.690453	499.593341	-14.722765	-22.898051	197.489697	0.000000	0.000000	0.000000	82.182239	-235.857731	20.199758	171.746992	-413.550835	-402.417967	199.765012	-273.751615	-774.840606	164.636984	-352.037667	-862.866298	156.052499	-410.978116	-876.539450	-133.236477	-217.682252	0.252346	-147.855553	-199.981721	-469.273288	-100.119688	35.856694	-789.334608	-111.735339	-79.637802	-827.839671	-121.351882	-139.850086	-833.520341	
-42.237085	-156.830753	660.096253	-12.535139	-143.032843	410.146465	148.989579	-165.034668	414.180789	254.675796	-88.938151	156.802753	337.097278	-298.583307	122.724324	365.547570	-384.453016	61.813362	-167.684300	-170.896136	428.759680	-371.777899	-145.075097	235.175314	-395.219766	-266.450477	426.601795	-432.886768	-328.325785	508.449615	-14.721768	-21.597095	197.636272	0.000000	0.000000	0.000000	81.852016	-235.219064	27.623535	180.995726	-449.679022	-375.340331	204.815841	-302.041658	-745.020279	169.620616	-372.210572	-839.618514	160.985560	-429.352556	-859.489461	-133.634594	-217.252576	8.983254	-150.911040	-214.227342	-460.775960	-94.546860	25.861322	-776.241064	-106.117505	-90.533682	-811.946316	-115.900230	-150.812785	-816.528353	
-41.668268	-163.658238	657.369597	-13.708894	-147.624819	407.352223	147.742501	-170.516107	407.189201	243.817480	-95.713632	145.697523	326.455524	-304.994503	109.945573	351.776417	-392.379813	49.813791	-168.371624	-178.335484	425.528351	-371.029659	-160.005788	229.595779	-377.475594	-277.660226	424.638043	-402.643158	-341.428072	509.765465	-14.861430	-21.391310	197.648199	0.000000	0.000000	0.000000	81.664895	-234.887491	30.814470	191.301166	-478.051472	-352.661204	207.125971	-327.513287	-721.599252	173.554573	-393.041430	-820.038220	166.068949	-448.130501	-845.411132	-134.041505	-216.633885	15.499038	-154.990827	-225.498706	-454.036784	-90.717705	17.452805	-765.775855	-102.164296	-99.888531	-798.280136	-111.905843	-160.247164	-801.773641	
-40.174339	-170.403990	654.362224	-12.561228	-153.964763	404.332721	148.821698	-176.952741	400.126226	234.717905	-101.043051	135.431552	318.137944	-310.130710	100.371897	341.019054	-400.035567	43.041777	-166.582864	-187.350199	423.222539	-372.356464	-168.709607	230.594442	-363.007583	-291.874455	422.084965	-379.383969	-363.242943	503.231593	-14.286741	-23.086301	197.499804	0.000000	0.000000	0.000000	83.087497	-234.473395	30.158169	204.178927	-496.458541	-337.133369	209.276275	-347.873812	-707.165866	179.170600	-413.212320	-806.844019	174.128189	-466.745716	-835.884934	-133.112725	-216.888175	19.444984	-157.346971	-235.305418	-449.655062	-87.803511	9.428647	-758.858335	-98.526515	-108.676455	-788.737156	-107.831633	-169.144802	-791.431759	
-35.767123	-177.011499	651.156255	-7.013637	-162.264890	401.149737	154.375226	-184.246590	393.337545	231.444780	-103.746666	127.285378	316.180492	-312.471783	93.235177	338.153504	-404.856917	39.612935	-160.396454	-197.612848	421.602367	-374.184504	-172.336513	238.704562	-349.712966	-311.378058	417.573773	-360.967829	-395.612368	486.307544	-11.745362	-27.067121	197.161554	0.000000	0.000000	0.000000	88.064153	-233.080666	26.625704	221.022198	-502.510905	-331.050029	214.763252	-360.866221	-703.776554	190.188680	-430.617469	-801.970547	188.707381	-483.779821	-832.073623	-128.967221	-219.281505	20.510064	-155.140777	-243.901463	-448.201094	-84.925308	1.458748	-756.755585	-93.732383	-117.236128	-784.871483	-101.941858	-177.881872	-787.099742	
-27.478590	-182.915429	647.788996	3.849272	-171.752850	397.906131	165.340258	-191.607537	387.087467	236.158925	-103.341224	121.762225	323.040318	-311.165691	87.610415	346.512504	-405.158661	37.534979	-149.032346	-208.066944	420.324299	-374.269952	-172.888075	253.512136	-335.598687	-336.089933	407.769352	-346.475480	-434.283018	454.526551	-6.419176	-33.044784	196.494523	0.000000	0.000000	0.000000	97.366658	-229.954584	20.771216	240.883722	-494.744493	-336.288417	225.429530	-365.239213	-713.139851	208.334852	-442.977180	-806.819022	211.287623	-497.096719	-835.049886	-120.576548	-224.199768	18.257750	-147.110492	-249.729681	-450.384459	-81.452190	-5.569978	-760.888479	-87.047686	-124.724326	-787.860197	-93.465498	-185.592910	-789.883596	
-16.281505	-187.329145	644.251613	18.863269	-181.015743	394.707088	180.515386	-198.007689	381.651155	247.682377	-100.353009	118.676121	337.990097	-306.498061	83.257700	365.189382	-401.008107	36.127865	-133.711860	-217.360995	419.077758	-371.089274	-172.192336	272.764445	-321.303052	-362.282445	388.145051	-337.545225	-469.101487	404.646764	1.345321	-40.220893	195.252992	0.000000	0.000000	0.000000	109.456942	-225.067570	12.433305	259.791050	-473.649641	-353.365869	240.123740	-361.243998	-735.472688	231.123234	-448.307162	-821.787247	238.610269	-504.106325	-845.557455	-108.882945	-230.504762	12.232914	-134.799335	-250.275306	-456.722108	-77.643194	-10.114816	-771.989985	-79.223601	-129.595200	-798.037668	-83.419485	-190.657943	-800.038437	
-4.544663	-189.817971	640.786021	35.148292	-188.700725	391.846861	196.974324	-202.751213	377.511241	262.515095	-96.265362	117.571092	357.786314	-299.935153	80.859478	389.859766	-394.314138	36.620670	-117.326638	-224.369673	417.792934	-364.750858	-171.046952	292.358598	-310.667964	-383.009370	356.175334	-338.222648	-487.482532	339.667148	10.205948	-47.772264	193.279358	0.000000	0.000000	0.000000	121.252038	-219.286166	1.529861	272.517784	-441.693479	-380.381237	255.221827	-350.133369	-768.124773	252.572808	-445.696544	-845.402642	263.378017	-503.145229	-863.221761	-96.576999	-236.229566	2.461840	-121.995420	-243.181432	-466.885497	-74.683855	-10.551446	-789.348866	-72.262494	-130.245000	-814.331501	-74.187472	-191.418352	-816.424922	
5.245109	-190.463120	637.993888	49.426735	-193.999531	389.834742	211.430739	-205.644298	375.353970	277.004464	-92.892628	118.078131	378.443710	-293.618937	81.680884	415.202676	-387.961572	41.166483	-103.153924	-228.468592	416.762480	-356.929615	-168.820580	307.969818	-308.482972	-391.396392	314.177275	-351.756998	-481.281061	269.517143	18.550847	-55.054324	190.704348	0.000000	0.000000	0.000000	129.922794	-213.962618	-11.440527	275.190939	-402.575083	-413.342169	266.258085	-333.665762	-806.024181	266.679038	-436.044393	-874.065678	278.824945	-494.782848	-885.765934	-86.793649	-239.790776	-10.238730	-112.672578	-227.276388	-479.445526	-74.022362	-5.712915	-810.736196	-68.403725	-125.585794	-834.304515	-68.369879	-186.785614	-836.506294	
11.456176	-189.494955	636.533640	59.394372	-196.650083	389.150904	221.590738	-206.656551	375.630542	288.681873	-91.288273	119.910676	396.723631	-289.151742	87.005397	437.055159	-384.075106	51.563978	-93.513295	-229.394153	416.374941	-349.633535	-164.076503	316.716239	-317.084049	-384.255944	267.857804	-376.942226	-450.717786	205.038664	25.087634	-61.539156	187.954260	0.000000	0.000000	0.000000	134.116404	-210.109722	-25.642054	266.970650	-360.052388	-447.624722	270.011035	-313.697421	-843.692173	270.496324	-421.317789	-903.096107	282.278425	-480.951813	-909.388199	-81.602005	-240.577684	-24.516852	-108.870088	-203.106281	-492.313488	-76.523698	4.663835	-833.081751	-69.009963	-115.437602	-854.892996	-67.650527	-176.623899	-857.050773	
13.523367	-186.982750	636.833365	64.211130	-196.594797	390.082796	226.602945	-205.649998	378.357077	296.314184	-91.346397	122.860032	410.602285	-286.824487	97.714902	453.018498	-383.023984	68.737446	-89.273209	-226.986412	416.784562	-343.941857	-155.565578	317.593967	-335.211805	-362.591291	222.779718	-408.826810	-401.653803	152.059329	29.030421	-66.760987	185.589510	0.000000	0.000000	0.000000	133.936601	-207.952452	-40.094696	249.890105	-317.205233	-479.208623	265.752166	-292.118719	-876.885018	264.534469	-403.761978	-928.319505	275.037457	-463.935563	-930.177429	-81.306084	-238.778644	-38.880141	-110.047236	-172.498561	-503.382287	-82.050159	19.975122	-853.393379	-74.059562	-100.426461	-873.296922	-72.208645	-161.612964	-875.044168	
11.680296	-182.764844	638.987501	64.143518	-193.788775	392.667449	226.708940	-202.413536	383.250034	299.514665	-92.157778	126.838833	419.054326	-285.677382	113.948384	462.171499	-383.565209	92.686825	-90.188222	-221.107595	417.756748	-339.692755	-142.666824	311.031101	-359.484342	-329.677199	182.341495	-441.659480	-341.022095	111.172946	30.051744	-70.233445	184.139667	0.000000	0.000000	0.000000	130.369671	-207.196626	-53.517542	227.626778	-276.576481	-505.103543	255.032549	-270.926443	-902.903058	251.458093	-385.640182	-946.939270	260.601201	-446.038965	-945.202721	-84.768211	-235.069712	-51.905358	-113.983003	-138.131056	-510.959538	-89.677195	38.883507	-869.306843	-82.410880	-81.844391	-887.431887	-80.873465	-143.058703	-888.275262	
6.715843	-176.638971	642.740714	60.127750	-188.300281	396.654009	222.825542	-196.911069	389.881021	298.712199	-92.607678	131.877673	421.996745	-284.175609	134.772487	464.778166	-383.705276	122.251845	-95.267894	-211.891390	418.783862	-335.817383	-125.502552	298.497779	-385.992359	-289.227098	148.157010	-470.735460	-275.203596	80.567287	28.400655	-71.429173	183.941668	0.000000	0.000000	0.000000	124.851505	-207.527206	-64.306925	204.251257	-240.800075	-523.426758	240.526302	-251.670940	-920.407109	234.501543	-368.573500	-957.939765	242.572255	-428.979543	-953.401196	-90.169988	-230.465486	-62.390850	-118.083931	-103.616739	-514.177917	-98.171096	59.327186	-879.404526	-92.432569	-61.676308	-896.190406	-91.768549	-122.910781	-895.783797	
-0.108946	-168.758360	647.499478	53.616878	-180.561042	401.487859	216.390364	-189.552002	397.674022	295.386947	-91.859370	138.021563	420.543613	-281.180769	157.995254	462.245102	-381.889890	154.555780	-102.887943	-200.105734	419.329462	-330.921398	-105.247286	282.222028	-410.614646	-245.147686	120.969227	-492.556200	-210.429827	57.513146	25.086228	-70.099517	184.932420	0.000000	0.000000	0.000000	118.997474	-208.764690	-71.047347	183.291176	-212.667027	-533.706527	225.003013	-235.044145	-929.669708	216.514546	-353.317964	-962.080452	223.466147	-413.691472	-955.650839	-95.671512	-226.149712	-69.576254	-120.478992	-73.359057	-513.446676	-106.423505	78.896932	-883.525419	-102.644944	-42.255108	-899.787266	-103.120103	-103.473857	-898.268730	
-7.359690	-159.832927	652.467135	46.331776	-171.459061	406.439608	209.104985	-181.217264	405.938979	291.873553	-89.569308	145.259624	416.899071	-276.731137	180.541364	456.991149	-378.055715	184.914726	-111.106256	-187.155202	419.127161	-324.053051	-84.114450	264.750687	-429.232676	-202.320333	100.768317	-504.551553	-153.142608	38.679345	21.563402	-66.582352	186.668345	0.000000	0.000000	0.000000	114.252929	-210.663791	-73.197373	167.021368	-193.995485	-537.029331	210.563503	-221.200650	-932.492875	199.850077	-340.137290	-961.656289	205.469457	-400.556066	-954.402381	-99.913113	-223.107659	-73.334355	-120.874725	-51.472799	-510.465265	-113.742628	95.585575	-882.836970	-112.113059	-25.514442	-899.827329	-113.792053	-86.701270	-897.924686	
-14.180162	-150.759067	657.022005	39.462597	-161.929439	410.962741	202.132643	-172.826825	414.171126	290.345169	-85.699020	153.727263	413.285006	-271.978920	199.458292	451.451363	-373.767216	208.155595	-118.588406	-174.476230	418.481742	-315.649652	-64.505835	248.572333	-439.292235	-166.386875	86.527996	-505.855714	-109.683755	20.949937	18.820140	-61.534660	188.686377	0.000000	0.000000	0.000000	111.366065	-212.896876	-71.157148	156.135500	-184.496131	-535.260069	198.255251	-210.030151	-930.989008	186.052577	-329.050365	-959.211164	190.460510	-389.601825	-952.231489	-102.433999	-221.748409	-73.976376	-120.612265	-40.268700	-507.238436	-120.030484	108.254689	-879.096183	-120.515312	-12.519609	-898.328336	-123.345996	-73.680332	-897.055446	
-20.923579	-142.019675	661.034700	32.846971	-152.277072	414.963575	195.278510	-164.632279	422.307586	291.564311	-80.084473	163.880762	410.512127	-268.123115	212.856448	446.642892	-370.732379	220.542667	-125.505472	-162.672037	418.207851	-308.211643	-48.158624	235.722334	-441.602989	-141.820114	76.474490	-498.760248	-84.626178	2.933184	16.677413	-55.307773	190.804023	0.000000	0.000000	0.000000	109.968689	-215.302482	-65.898017	150.032199	-182.239080	-530.122265	188.152889	-200.865945	-926.641251	175.505508	-319.620628	-955.771570	179.201362	-380.322554	-949.751450	-103.853910	-221.817624	-71.755783	-121.729764	-39.649306	-504.741353	-125.846632	116.454095	-873.458723	-128.153055	-3.652492	-896.385347	-131.971874	-64.772436	-896.575039	
-28.921764	-133.741538	664.656367	25.130464	-142.337693	418.583315	187.151023	-156.426611	430.475815	294.533049	-72.899509	176.121665	407.385782	-265.887480	220.003724	441.407932	-369.498648	220.628442	-133.322847	-151.639515	418.901128	-305.406499	-35.967496	227.059968	-439.672859	-130.151542	68.859108	-488.471230	-78.433565	-14.149278	13.991785	-48.077845	192.966349	0.000000	0.000000	0.000000	108.648688	-218.075692	-58.560011	147.231269	-184.925088	-522.903470	179.599720	-193.109162	-920.285852	167.495926	-311.447351	-951.282269	171.103720	-372.254779	-946.376601	-105.575164	-222.567218	-66.748060	-125.770077	-47.540167	-502.568028	-132.041418	120.237083	-866.091320	-135.695573	1.196931	-893.887562	-140.245141	-59.837878	-895.966162	
-39.031250	-126.154958	667.825825	15.315102	-132.253166	421.742972	176.713312	-148.401860	438.488962	297.818257	-65.411453	190.194994	401.926718	-265.775764	220.547965	433.633723	-369.434448	208.601659	-143.138537	-141.442585	420.302215	-309.049813	-27.978124	221.820240	-436.351395	-129.787153	62.588237	-479.679024	-86.957306	-28.157248	9.975933	-40.194721	195.008015	0.000000	0.000000	0.000000	105.913688	-221.489153	-50.156415	146.103132	-190.920933	-514.540758	171.723765	-186.672389	-912.476665	160.806136	-304.504496	-945.757386	164.788481	-365.360447	-941.843405	-108.865403	-223.058331	-59.421296	-132.884139	-61.058043	-500.057602	-138.899374	120.151853	-857.079324	-143.440740	2.582532	-890.446561	-148.532549	-58.307341	-894.540925	
-50.567439	-119.727635	670.193948	3.924244	-122.688394	424.085487	164.470460	-141.315990	445.730714	300.718336	-59.613383	204.971684	393.023570	-267.697118	214.279433	422.194760	-368.861692	185.855113	-154.471268	-132.599208	421.494284	-317.207586	-23.587440	217.952753	-431.801369	-137.397095	57.200679	-473.077133	-104.879020	-38.639335	4.955464	-32.123162	196.689620	0.000000	0.000000	0.000000	101.314787	-225.435920	-41.288982	145.781232	-199.644430	-505.573334	164.364654	-181.831071	-903.524077	154.862885	-299.040907	-939.339957	159.407026	-359.905967	-936.270702	-113.934440	-222.663779	-50.767809	-141.816533	-77.856713	-497.125120	-145.827741	116.952300	-846.940897	-150.885103	1.145487	-885.924831	-156.517247	-59.534162	-891.968516	
-61.704533	-115.026602	671.460649	-7.342745	-114.534833	425.306147	152.169430	-136.057303	451.445008	303.106418	-57.211228	218.625267	381.137742	-270.580559	201.584950	407.589655	-365.652676	155.165557	-165.625596	-125.780202	421.543512	-325.350147	-22.025975	212.931532	-424.630247	-149.800665	52.486239	-465.886003	-129.093367	-46.587435	-0.098969	-24.378241	197.860942	0.000000	0.000000	0.000000	95.671569	-229.379371	-31.982415	146.412747	-211.273309	-495.986649	158.467542	-178.968435	-893.275625	150.325389	-295.386031	-931.900166	155.389436	-356.245863	-929.650405	-119.812262	-221.423534	-41.883479	-150.650029	-96.504459	-494.017977	-151.740799	111.175451	-836.370988	-157.000620	-2.824943	-880.334454	-163.258994	-63.252342	-888.056445	
-70.738339	-112.448847	671.652542	-16.948593	-108.497496	425.403614	141.488373	-133.113449	455.108381	304.575058	-58.958175	229.038838	367.882509	-273.016535	183.465638	391.420511	-358.572613	120.067759	-175.058989	-121.302233	419.816276	-329.079306	-22.635063	204.552806	-413.977343	-165.096663	48.275432	-455.307569	-158.906506	-52.719205	-4.460384	-17.449019	198.541929	0.000000	0.000000	0.000000	90.256368	-232.732493	-21.913344	148.501373	-226.139371	-485.342385	155.404481	-178.440895	-881.201773	148.361464	-293.824885	-923.012506	153.828420	-354.675129	-921.603501	-125.210725	-219.855174	-33.519574	-157.831309	-115.742456	-490.769819	-155.671884	103.251093	-825.993448	-160.928931	-9.265824	-873.625882	-167.865772	-69.457388	-882.520979	
-76.953931	-112.041909	671.042279	-24.489836	-104.834584	424.581212	133.016055	-132.373330	456.582809	303.985465	-64.492999	234.399481	354.940745	-274.097167	161.082471	375.694840	-347.893678	83.516282	-182.353823	-118.897755	415.905617	-326.194052	-25.163531	191.585057	-400.384367	-182.957297	44.879479	-440.742599	-195.252489	-55.949404	-8.040806	-11.617125	198.855849	0.000000	0.000000	0.000000	85.802847	-235.174036	-11.039210	152.315815	-244.118275	-473.314508	155.997866	-180.375492	-866.952354	149.617345	-294.435074	-912.349570	155.416846	-355.267458	-911.707762	-129.446648	-218.422694	-25.936027	-162.799174	-133.823008	-487.142976	-157.297007	93.967032	-816.413598	-162.528581	-17.806178	-865.768658	-170.099029	-77.853554	-875.110388	
-80.532146	-113.654844	669.904563	-30.556887	-103.466700	423.031803	126.273737	-133.514871	456.075009	299.909483	-72.635833	233.930731	343.355060	-273.368103	135.316487	362.256303	-334.409347	46.942958	-188.040697	-118.099870	409.660317	-317.283888	-30.158146	174.376912	-385.354842	-204.328004	44.158603	-423.246464	-239.418884	-52.170403	-11.026179	-6.985356	198.929357	0.000000	0.000000	0.000000	82.291584	-236.683141	-0.076950	157.848733	-264.245264	-460.222440	160.118165	-184.361736	-850.915318	153.982176	-296.876761	-900.047032	160.155815	-357.675671	-899.985761	-132.599270	-217.223164	-19.212384	-165.880450	-149.077714	-483.141158	-157.169828	84.239500	-808.448585	-162.387907	-27.823313	-857.143960	-170.356089	-87.880566	-866.082716	
-82.016193	-117.247450	668.385330	-36.038068	-104.297613	420.866042	120.335228	-136.552997	453.995685	291.489062	-81.855086	228.345040	333.618941	-269.908743	106.827030	352.511315	-317.911031	10.743578	-192.904042	-118.851046	401.492339	-305.436743	-39.034324	154.993836	-370.534531	-230.521811	50.015638	-404.060473	-291.061015	-34.586007	-13.511494	-3.700488	198.864293	0.000000	0.000000	0.000000	79.508374	-237.436581	9.649267	165.173044	-284.687431	-447.112538	166.962749	-189.350196	-834.327029	161.170606	-300.377169	-886.773850	167.968339	-361.108783	-887.068762	-134.997061	-216.172711	-13.518066	-167.723438	-161.167797	-479.226978	-156.571409	74.243653	-802.947229	-161.373490	-39.100020	-848.627569	-169.151402	-99.342514	-856.413005	
-81.852472	-123.012426	666.473370	-41.472227	-107.475730	418.127781	114.541090	-141.980458	450.683260	279.217856	-90.569331	219.507637	326.035646	-261.586946	76.445408	347.097879	-296.422150	-24.728018	-197.486316	-121.794308	392.658993	-295.288937	-53.574647	136.579796	-356.653216	-261.770604	67.193408	-383.263034	-346.026649	2.856336	-15.544898	-2.079068	198.739263	0.000000	0.000000	0.000000	77.661421	-237.644978	16.863812	174.873013	-303.085931	-435.319573	175.782542	-193.952626	-818.877323	171.388475	-303.880412	-873.720561	179.417544	-364.460432	-874.189844	-136.626685	-215.382891	-8.996906	-168.688651	-171.720958	-475.951950	-157.005394	62.970505	-800.175851	-160.091285	-52.226581	-841.122773	-166.645099	-112.796791	-847.332783	
-80.040330	-131.282048	664.069452	-46.505683	-113.487719	414.858148	109.204079	-150.483516	446.105096	265.133078	-97.205459	209.353525	320.810763	-245.506347	45.608072	345.395017	-266.797308	-58.485543	-201.745452	-128.204405	385.225227	-291.107171	-75.331060	122.518694	-342.285045	-296.060824	98.336089	-358.848232	-396.845868	59.420051	-17.271570	-2.648159	198.589882	0.000000	0.000000	0.000000	77.719772	-237.293820	21.026174	188.300901	-316.851964	-425.790053	186.566345	-196.540675	-805.986895	185.621757	-305.868718	-862.180252	195.926915	-366.102738	-862.720334	-136.721433	-215.438634	-5.570467	-168.197631	-183.580223	-473.518795	-159.433787	48.711351	-799.557963	-158.396538	-68.265529	-835.221328	-162.268434	-129.206711	-839.852492	
-75.965489	-142.129994	661.162291	-49.658157	-122.828412	411.196578	105.971580	-162.254256	439.754911	252.059396	-100.342505	198.862829	317.463320	-219.906369	16.290814	345.026203	-227.174289	-88.973786	-204.680970	-139.437306	381.428324	-294.616131	-104.942797	115.876774	-324.143251	-329.530435	140.658696	-327.933593	-437.615362	124.856660	-18.753552	-5.917877	198.384838	0.000000	0.000000	0.000000	81.159383	-236.001176	22.525971	206.880491	-323.266839	-418.814411	200.091710	-195.193228	-796.410115	205.170097	-304.134015	-853.131552	219.014846	-363.654100	-853.686013	-133.884192	-217.262585	-3.094788	-164.576318	-199.115804	-471.827158	-163.470609	29.929327	-800.270190	-155.111707	-88.048143	-831.382682	-154.633648	-149.192730	-834.755805	
-68.611338	-154.808400	657.983377	-48.612363	-135.151013	407.461696	107.504889	-175.938320	431.007187	242.351946	-98.868595	187.942919	314.659242	-186.113818	-9.707423	342.552960	-179.769268	-114.944576	-204.080736	-155.864829	383.077281	-303.822546	-141.531110	119.179677	-299.658622	-359.232081	186.370086	-289.611469	-468.066774	185.672621	-19.655532	-11.807656	198.034089	0.000000	0.000000	0.000000	89.099149	-233.148351	22.226290	230.685228	-319.849457	-414.395658	217.267804	-187.926878	-790.485886	230.491465	-296.162450	-847.243285	248.859368	-354.446343	-847.726092	-126.825976	-221.471075	-1.822114	-155.536767	-218.465141	-471.021433	-167.163289	6.304324	-802.203001	-148.342957	-111.255726	-830.166760	-142.015275	-172.114197	-832.711154	
-57.345480	-167.508479	655.023908	-41.327681	-148.531442	404.163814	116.072188	-188.189354	419.756186	236.848887	-92.055123	176.086515	311.278215	-148.700277	-31.656916	335.974650	-131.251476	-136.436669	-197.141980	-175.885307	391.212096	-313.745178	-181.812166	133.987687	-269.100797	-384.410744	228.254844	-246.183558	-491.158936	233.358377	-19.452168	-19.262148	197.468589	0.000000	0.000000	0.000000	101.166736	-228.305013	20.807032	257.182524	-305.360406	-412.694947	237.834544	-173.099401	-788.407784	259.832139	-280.076310	-844.828111	282.872094	-336.677943	-845.029796	-115.400205	-227.628062	-2.417337	-139.663266	-238.502405	-471.751332	-168.046547	-20.220507	-806.243667	-136.685785	-135.509781	-832.347834	-123.620233	-195.303877	-834.403195	
-43.038897	-177.951159	652.758827	-27.770341	-160.001618	401.776418	131.389489	-195.140464	406.675469	234.301677	-80.069098	163.013055	307.319815	-113.684816	-50.163085	326.532978	-89.939450	-154.853978	-182.329438	-195.951543	405.404840	-319.474595	-219.492305	159.573865	-235.172172	-404.444126	262.586132	-203.088069	-508.891261	265.384104	-18.142995	-26.679096	196.729048	0.000000	0.000000	0.000000	114.907642	-221.920246	18.397235	281.170439	-281.280607	-414.078725	259.240952	-150.484678	-790.162460	288.673609	-256.057799	-845.833291	315.442481	-310.992684	-845.373991	-101.513660	-234.104696	-5.249123	-118.557640	-254.508367	-474.583268	-165.048442	-45.951300	-813.228029	-120.845476	-157.176889	-838.357851	-101.079046	-215.112184	-840.106231	
-28.397714	-184.593623	651.311329	-10.597414	-167.176810	400.458208	149.908849	-194.990604	393.060721	232.156388	-65.003888	149.047390	303.778887	-86.489697	-66.160206	317.797064	-62.414849	-171.597692	-161.161389	-211.964860	423.230931	-319.713200	-246.868622	192.062420	-203.030822	-418.152891	286.785826	-168.892332	-521.843009	281.368711	-16.555136	-32.837019	195.936007	0.000000	0.000000	0.000000	126.661950	-215.704896	14.797582	296.760360	-252.529417	-418.691646	277.202465	-122.719242	-795.247433	311.087374	-227.504078	-849.865724	339.774623	-281.443253	-848.371672	-88.956905	-239.012353	-9.866589	-97.216448	-263.011755	-479.267436	-159.532195	-67.028544	-822.844281	-104.141589	-173.244295	-847.474283	-78.641674	-228.903295	-848.922403	
-16.658508	-187.411068	650.473298	6.192638	-169.557161	400.060543	166.899765	-189.114152	380.532772	228.769474	-50.719505	135.129491	302.085828	-71.015998	-79.622683	313.491820	-52.193173	-186.434554	-138.114450	-221.387697	441.086593	-317.028863	-258.084411	225.589925	-180.328860	-425.365441	298.086600	-154.145631	-530.168435	281.437475	-15.590122	-37.386607	195.198490	0.000000	0.000000	0.000000	133.306002	-211.947684	9.925179	300.272607	-225.894004	-426.113901	288.042015	-95.179570	-802.666158	322.498019	-200.277094	-856.317820	350.896172	-254.331130	-853.801652	-81.651072	-241.333695	-15.124007	-81.928845	-263.045582	-484.708784	-154.467258	-80.817477	-833.805928	-91.143692	-182.586706	-858.089505	-61.591374	-236.215407	-859.032801	
-9.921845	-187.234892	650.064888	19.271561	-168.302325	400.391527	179.130187	-180.637292	370.665129	224.429059	-40.700396	122.533334	303.308151	-69.428215	-89.264996	315.626943	-60.044765	-197.215769	-118.559737	-224.203136	455.814533	-315.030993	-250.885134	254.610790	-175.795425	-426.617665	295.318726	-168.348597	-532.104049	267.685599	-15.426140	-40.381687	194.614014	0.000000	0.000000	0.000000	133.288136	-212.153102	4.019199	291.401697	-206.699365	-435.495061	290.786394	-73.676848	-811.436658	321.779806	-180.062256	-864.660335	347.735727	-235.309603	-861.719945	-81.826878	-240.941664	-19.724651	-77.535928	-255.740410	-489.558592	-152.647700	-86.355377	-844.529931	-85.773102	-185.928941	-868.392773	-54.397393	-238.520118	-868.391126	
-8.623558	-184.664575	650.189268	27.046079	-165.034948	401.412583	185.738717	-172.272049	364.604140	220.255076	-36.458304	112.479255	307.302418	-82.109971	-93.055211	323.351576	-85.082760	-200.882658	-106.455979	-221.909564	465.728642	-315.443273	-226.240928	275.725009	-195.999100	-420.219382	281.297339	-215.850935	-521.712829	245.922104	-15.631748	-41.753900	194.307800	0.000000	0.000000	0.000000	126.572232	-216.248143	-2.651548	272.215477	-196.472377	-446.046845	287.194832	-61.920978	-821.145489	311.299496	-169.997947	-874.526577	333.053110	-227.049042	-871.961823	-89.540372	-237.897034	-22.915241	-85.782262	-242.688312	-492.962331	-155.407195	-83.758568	-853.838244	-90.268147	-184.628162	-877.049693	-59.819880	-237.740503	-875.549948	
-11.821800	-179.986293	651.081032	29.598490	-161.032337	403.144363	187.558048	-165.325770	362.883525	216.919548	-37.775205	105.837876	312.238085	-107.548037	-88.974495	333.080186	-125.111293	-194.569523	-103.127960	-216.059215	470.596636	-316.987407	-187.774436	288.223562	-240.631732	-400.965505	262.827088	-290.957364	-490.097897	224.497338	-15.739927	-41.668460	194.317408	0.000000	0.000000	0.000000	114.223425	-222.802496	-10.142827	246.037750	-192.914050	-457.282727	279.881282	-60.522294	-831.921876	295.309017	-170.121900	-885.411296	311.883367	-228.913949	-883.564437	-103.050158	-232.161932	-24.881470	-104.955150	-224.351946	-494.899259	-162.213958	-73.424043	-861.341500	-104.941320	-179.169961	-883.571831	-78.640666	-234.369447	-880.171926	
-17.641702	-173.704855	652.777671	28.237486	-157.033905	405.462762	186.269696	-159.870160	365.358310	214.483466	-43.420240	102.970983	315.462777	-141.916882	-75.934919	340.306481	-175.655480	-176.620909	-107.127850	-207.648489	471.101673	-316.538678	-141.517776	293.423132	-299.356819	-364.031754	247.402318	-376.372057	-432.200727	210.414936	-15.556371	-40.901535	194.495051	0.000000	0.000000	0.000000	98.313789	-229.731781	-18.668900	217.284283	-191.607787	-468.774452	270.666056	-67.101333	-843.842423	277.641348	-177.872933	-896.683737	289.154276	-237.873992	-895.287160	-119.329499	-224.043711	-26.504177	-130.339457	-200.427381	-495.867998	-170.876395	-56.211904	-867.212006	-127.855990	-168.770030	-888.103506	-108.993022	-226.784900	-882.743437	
-23.927034	-166.721994	655.012876	24.945500	-153.329516	408.072394	183.776180	-155.336694	371.202664	212.919206	-51.499384	103.672840	315.542596	-179.218818	-54.636723	342.347637	-229.464124	-147.642476	-115.090388	-197.387997	468.428647	-311.798483	-94.870764	293.523038	-355.932165	-311.764222	239.346956	-450.820395	-354.674166	206.159867	-15.168762	-40.456090	194.618793	0.000000	0.000000	0.000000	81.847881	-235.174055	-28.016211	191.080348	-188.785367	-479.811279	260.756428	-77.235012	-856.280687	260.397290	-188.978893	-907.509416	267.521761	-249.657418	-906.101006	-134.891989	-214.756671	-28.658488	-155.600549	-171.914780	-496.330462	-178.515714	-34.495407	-871.734951	-154.316526	-152.806954	-891.056414	-145.097050	-212.943681	-884.067682	
-28.917100	-160.051870	657.361132	21.731536	-149.983439	410.620728	181.710313	-151.188000	379.062361	212.701606	-59.924089	107.190795	313.659742	-213.116376	-27.884404	340.202520	-278.240744	-111.235882	-123.273309	-186.265539	464.018118	-303.116433	-54.620226	290.461810	-398.123079	-255.102986	238.442565	-501.683129	-274.577051	209.416729	-14.701406	-40.868473	194.568491	0.000000	0.000000	0.000000	68.106922	-238.265498	-37.172833	171.346674	-183.439974	-489.431765	251.797969	-86.609237	-867.821578	245.091790	-199.181279	-916.747737	248.511571	-260.171320	-914.974323	-146.901630	-206.301745	-31.576676	-174.988950	-142.569514	-496.475215	-183.201616	-12.318761	-875.031701	-177.978043	-133.176086	-892.997313	-178.273547	-193.897734	-885.056214	
-31.667964	-154.478429	659.497375	19.855076	-147.040725	412.844701	180.940634	-147.401462	387.508886	214.714687	-67.272949	112.477171	312.647628	-239.564079	0.091065	337.619275	-316.145743	-73.426531	-129.210834	-175.685031	459.244432	-293.048175	-25.022902	285.307436	-423.280671	-206.817024	241.535344	-529.459193	-208.907083	215.686253	-14.021753	-41.974622	194.383082	0.000000	0.000000	0.000000	59.416065	-239.307935	-44.634777	159.144741	-176.984125	-496.710390	245.404415	-93.048642	-876.896603	233.194312	-206.194059	-923.374929	233.561223	-267.262876	-921.118818	-154.000678	-200.542620	-34.699196	-185.692610	-117.897437	-496.377376	-184.953780	6.264370	-877.062310	-194.523130	-114.405147	-894.493232	-202.149647	-174.642657	-886.521680	
-32.193697	-150.357431	661.353693	19.328652	-144.541197	414.657314	181.273170	-144.397775	395.564304	219.380862	-73.163880	118.657738	314.498785	-257.819698	25.059978	337.858798	-341.776530	-40.504734	-132.546688	-166.901447	455.005513	-284.528268	-7.091909	278.488259	-435.349380	-174.617978	245.117454	-541.619425	-166.604162	220.850635	-12.874306	-43.192144	194.195654	0.000000	0.000000	0.000000	56.234275	-239.182823	-49.194548	153.251892	-171.360956	-501.068648	241.848713	-96.453067	-882.600907	225.295598	-209.891415	-926.973670	223.347239	-270.915491	-924.348586	-156.397397	-198.227899	-37.190585	-188.771575	-102.021198	-496.186805	-185.072011	18.963580	-877.876098	-203.637193	-100.569963	-895.865205	-215.814223	-160.176104	-888.858435	
-31.214069	-147.599760	663.098584	19.178499	-142.364309	416.155952	181.709196	-142.527912	402.952304	226.124467	-77.719440	125.407974	319.277775	-269.113299	44.188618	341.477898	-356.892764	-16.598644	-134.449086	-160.413299	451.749154	-279.332948	0.564277	270.391175	-439.323423	-160.010078	247.056085	-545.268428	-148.541698	222.754759	-11.276359	-43.935766	194.128188	0.000000	0.000000	0.000000	57.404794	-238.628318	-50.517673	151.738603	-167.549365	-502.459418	240.179302	-97.448729	-884.940262	220.967191	-211.035434	-927.837367	217.579792	-271.991711	-925.101883	-155.289335	-198.836402	-38.560251	-187.577338	-95.562171	-496.024201	-184.901520	25.569756	-877.675371	-207.533420	-93.045131	-897.036346	-222.030600	-152.311229	-891.780075	
-29.796663	-145.774712	664.958176	18.065095	-140.155997	417.520979	180.944872	-141.705048	409.881007	233.620835	-81.136042	132.824427	325.594175	-275.066582	56.420357	346.982825	-363.909942	-3.099003	-136.593375	-155.876471	449.578759	-277.793770	0.676873	261.564587	-438.611588	-160.114180	247.091571	-544.427191	-150.792465	221.350822	-9.754601	-43.802607	194.240676	0.000000	0.000000	0.000000	61.032766	-237.984997	-49.284508	152.877307	-165.484749	-501.513123	239.351906	-96.599300	-884.663736	219.335742	-210.336676	-926.786997	215.387774	-271.265415	-924.193279	-152.254649	-201.118241	-38.827313	-185.300805	-96.277592	-495.880633	-185.230034	27.184667	-876.793726	-208.676813	-90.992153	-897.794427	-224.065502	-150.183554	-894.658605	
-28.974373	-144.320202	667.005452	14.953907	-137.464533	418.870830	177.953624	-141.460897	416.480890	240.438928	-83.509870	140.906988	331.915399	-276.642442	61.928533	352.707487	-364.275697	0.436478	-140.312339	-152.493835	448.206641	-279.274977	-3.810522	252.302358	-434.773780	-170.278757	246.467037	-540.345548	-167.729254	218.279736	-9.116775	-42.507141	194.559216	0.000000	0.000000	0.000000	65.450200	-237.329791	-46.708262	155.401631	-164.379473	-499.244909	238.932544	-94.161380	-882.806455	219.695560	-208.106352	-924.731248	215.944061	-269.058875	-922.420135	-148.652827	-203.884029	-38.356552	-183.451782	-101.028777	-495.730771	-186.275706	25.290626	-875.695445	-208.649278	-92.815760	-898.208705	-224.054590	-152.077719	-897.227134	
-29.356136	-142.830084	669.105166	9.635907	-133.940157	420.211465	172.526611	-141.191188	422.363649	245.714323	-84.491125	149.174389	337.878022	-273.468892	61.430516	358.385722	-357.766678	-4.648895	-146.009039	-149.522061	447.154589	-282.621635	-11.144644	242.253347	-427.885733	-186.643210	247.172412	-532.377179	-194.702353	216.140006	-9.864881	-39.885682	195.077107	0.000000	0.000000	0.000000	69.996343	-236.573650	-43.866163	158.705781	-162.855784	-496.523580	239.030245	-89.873891	-880.254055	221.909620	-204.094000	-922.347495	219.060513	-265.105978	-920.336007	-144.994691	-206.630836	-37.653987	-181.828440	-107.137113	-495.612086	-187.885823	21.082061	-874.902042	-207.952639	-97.211531	-898.576729	-222.674385	-156.647763	-899.510319	
-31.126604	-141.247685	670.996974	2.631426	-129.485704	421.458328	165.247387	-140.399990	426.704099	249.284604	-83.262329	156.747169	344.305482	-264.097237	55.873483	365.255506	-342.820261	-16.631366	-153.232486	-146.591878	446.113889	-286.497715	-21.380745	230.803924	-416.793898	-207.207134	251.225959	-518.571346	-229.022530	217.881367	-11.891190	-35.969224	195.724489	0.000000	0.000000	0.000000	75.103912	-235.468543	-41.289073	162.773840	-159.556854	-493.786393	239.875268	-83.090026	-877.499368	226.269266	-197.648911	-919.953403	225.129355	-258.723841	-918.170563	-140.795672	-209.608019	-37.130071	-179.369972	-112.942567	-495.550359	-189.746512	15.170836	-874.782481	-206.296379	-103.525849	-899.149278	-219.533732	-163.270707	-901.513884	
-34.448535	-139.895119	672.364961	-5.329438	-124.431271	422.444110	156.966395	-138.982691	428.681855	251.178785	-79.115983	162.704952	351.769268	-247.259421	46.450618	374.402807	-318.047991	-33.360863	-161.230104	-143.873278	445.050912	-289.720545	-35.636820	217.958628	-399.834906	-230.702103	259.791210	-496.701414	-268.332876	225.920472	-14.729263	-31.091073	196.366125	0.000000	0.000000	0.000000	81.568029	-233.710859	-38.944976	167.690286	-153.921553	-491.072224	241.418439	-73.400157	-874.618724	232.871147	-188.269295	-917.551597	234.349356	-249.340419	-915.890945	-135.167465	-213.321243	-36.897004	-175.088401	-117.948619	-495.472764	-191.474190	7.704683	-875.315459	-203.153760	-111.518067	-899.933852	-214.004589	-171.701492	-903.171437	
-39.812552	-139.312757	672.921174	-13.632795	-119.536474	422.979173	148.384401	-137.306722	428.002832	251.194846	-72.111359	166.500850	359.224337	-223.477013	34.880945	384.776210	-284.377681	-51.902588	-169.339278	-141.962482	444.113085	-291.450141	-54.295383	204.949445	-376.556777	-254.683907	272.231698	-466.319156	-308.381387	240.518637	-17.866885	-25.933840	196.853934	0.000000	0.000000	0.000000	89.530540	-231.167798	-36.558875	173.189256	-146.489736	-488.259296	243.227156	-61.363273	-871.502862	241.039848	-176.303743	-915.035730	245.927784	-237.197886	-913.411983	-127.777817	-217.836872	-36.844431	-168.732868	-122.338125	-495.302738	-192.627510	-1.045589	-876.163456	-198.268788	-120.714820	-900.739724	-205.951095	-181.362074	-904.367346	
-47.926123	-139.969164	672.490978	-21.646644	-115.632795	422.962193	140.135747	-135.924792	425.260773	249.128562	-63.286561	168.262790	364.583009	-195.957605	23.437391	393.376035	-246.452734	-68.835979	-176.917513	-141.397031	443.486287	-291.459697	-75.462225	193.829484	-349.599368	-275.540767	286.100592	-430.832477	-343.367989	258.767971	-20.810847	-21.241809	197.126749	0.000000	0.000000	0.000000	97.993958	-228.105831	-33.996088	178.727461	-138.799897	-485.337397	244.792261	-48.692945	-868.147575	249.385217	-163.290734	-912.390745	258.043987	-223.764265	-910.777392	-119.483895	-222.501396	-36.800991	-160.995368	-126.236190	-495.048909	-192.855215	-10.154055	-876.948906	-192.007974	-129.987958	-901.355048	-196.162363	-190.974677	-905.046679	
-58.988778	-141.921869	671.035201	-28.619614	-113.155274	422.443806	132.950068	-135.184771	421.715992	245.417688	-54.391184	168.680143	366.715880	-169.825425	14.189315	398.016518	-211.439638	-81.631865	-183.275776	-142.163902	443.277621	-290.488708	-95.264606	186.175164	-324.278495	-290.656461	298.451052	-397.187366	-368.983982	276.190812	-23.242191	-17.443019	197.227794	0.000000	0.000000	0.000000	105.315606	-225.198425	-31.386502	183.827421	-132.824473	-482.502201	245.896554	-37.618107	-864.746395	256.461092	-151.525675	-909.742650	268.608139	-211.396408	-908.139616	-112.033089	-226.377585	-36.597289	-153.296477	-129.488247	-494.736062	-192.120945	-18.227023	-877.425649	-185.391150	-137.911564	-901.650891	-186.266956	-199.038992	-905.247762	
-71.845767	-144.597531	668.698767	-33.960442	-111.974797	421.619946	127.426644	-135.105852	418.496871	241.345448	-47.353670	168.445335	366.503680	-150.014423	8.127157	399.376736	-185.651306	-89.558799	-187.948561	-143.703403	443.415162	-289.964196	-109.729734	182.197953	-305.414232	-299.570870	307.286887	-372.086063	-384.285434	289.266571	-25.135557	-14.600803	197.226472	0.000000	0.000000	0.000000	110.171920	-223.192744	-28.947657	188.191142	-130.225973	-480.027036	246.611535	-30.017767	-861.567108	261.368111	-143.179283	-907.260884	276.133300	-202.458122	-905.638062	-107.037026	-228.870741	-36.039483	-147.221570	-132.080392	-494.295064	-190.732293	-24.144345	-877.432567	-179.699714	-143.536383	-901.523340	-178.097841	-204.656511	-904.991903	
-83.900922	-147.070896	665.949703	-37.409392	-111.692536	420.726552	123.837449	-135.506699	415.937750	238.459920	-43.487326	167.748641	366.022933	-139.199443	5.044615	399.901635	-172.042940	-93.274811	-190.795826	-145.422576	443.725746	-290.846368	-116.945464	181.095258	-294.735422	-303.378921	312.064885	-358.197346	-391.006794	296.561261	-26.706474	-12.628248	197.156163	0.000000	0.000000	0.000000	112.250626	-222.433668	-26.718538	191.738088	-131.848502	-478.026079	247.073185	-26.794733	-858.721740	263.967040	-139.432411	-904.966283	280.203499	-198.322541	-903.247256	-105.004219	-229.985331	-34.906257	-143.718096	-134.514645	-493.565096	-189.087369	-27.615156	-876.777632	-175.797154	-146.790346	-900.802328	-172.777126	-207.861983	-904.178960	
-92.302977	-148.836967	663.472165	-38.665652	-112.097869	419.913629	122.480863	-136.245033	413.644200	237.813824	-42.932079	166.268553	367.021807	-137.207065	4.024122	401.790161	-169.940324	-94.021105	-191.543287	-147.222026	444.178816	-292.719086	-117.679997	182.097614	-290.851017	-304.041321	313.214239	-353.939974	-392.049821	298.357935	-27.970816	-11.446200	197.052985	0.000000	0.000000	0.000000	112.270243	-222.676834	-24.520198	194.771043	-137.575939	-476.354107	247.415033	-27.651243	-856.054811	264.757824	-140.074395	-902.653835	281.403397	-198.843715	-900.725886	-105.179716	-230.182273	-33.029287	-142.644869	-137.714635	-492.406523	-187.359330	-29.173682	-875.234419	-173.669164	-148.302942	-899.262333	-170.190007	-209.351922	-902.606646	
-95.257389	-150.191363	661.714443	-37.118749	-113.308459	419.212825	123.956507	-137.382488	411.101501	239.773399	-44.815164	163.671818	370.234186	-141.825732	4.063973	405.923059	-176.420343	-93.006560	-189.504135	-149.509406	444.947289	-294.161667	-114.449225	184.921493	-290.760764	-303.959171	311.412662	-355.609845	-390.527974	295.700837	-28.325474	-10.991949	197.028185	0.000000	0.000000	0.000000	111.527447	-223.298973	-22.136333	197.985214	-146.534621	-474.723025	247.839925	-31.358015	-853.241599	264.606514	-143.796840	-900.013372	280.939793	-202.642998	-897.782068	-106.125849	-230.117365	-30.346132	-143.095341	-142.869405	-490.783312	-185.474665	-29.868827	-872.585069	-172.601318	-149.076175	-896.677121	-169.293071	-210.133534	-900.041856	
-92.386912	-151.790065	660.689195	-32.252550	-115.520185	418.582114	128.760664	-139.139525	408.215708	244.195737	-48.037258	160.064886	375.471826	-150.280134	4.441255	411.890333	-187.978213	-91.191994	-184.065289	-152.752463	446.163384	-293.898622	-110.018113	189.441270	-291.825354	-305.169079	307.073763	-359.785714	-388.962034	289.565122	-26.858239	-11.200894	197.221794	0.000000	0.000000	0.000000	111.206103	-223.709230	-19.447449	202.105692	-157.760033	-472.868218	248.611787	-36.521193	-849.916995	264.342147	-149.074371	-896.773633	280.038343	-208.081197	-894.234156	-106.581885	-230.338768	-26.868923	-144.205602	-151.265374	-488.727344	-183.344819	-30.810546	-868.591103	-171.816688	-150.128843	-892.814811	-168.975694	-211.206655	-896.234842	
-84.537417	-154.068172	660.114578	-24.211282	-118.804338	417.906601	136.740360	-141.776460	405.359046	250.479520	-51.979384	155.952553	381.895953	-160.548699	4.796486	418.625428	-201.813553	-89.231853	-175.365975	-157.094931	447.574197	-291.725159	-106.246181	195.243512	-293.371428	-308.510678	300.181422	-365.264644	-388.462574	280.547728	-23.190754	-12.073445	197.635224	0.000000	0.000000	0.000000	111.785806	-223.658675	-16.478798	207.501790	-170.800211	-470.622893	249.824026	-42.340723	-845.768787	264.338586	-155.005226	-892.750100	279.356400	-214.179782	-890.018385	-106.058108	-231.024101	-22.740446	-145.819165	-163.879428	-486.304895	-181.045400	-32.759243	-863.006804	-170.986733	-152.163712	-887.459571	-168.736689	-213.262098	-890.951207	
-73.263028	-157.035158	659.671229	-13.938136	-123.116572	417.024220	146.988321	-145.482259	403.130256	257.578148	-56.628165	151.975821	388.215636	-171.960928	5.217747	424.751279	-216.760420	-87.255619	-164.512645	-162.259033	448.476749	-288.638292	-103.781825	201.557592	-297.113942	-313.329595	290.683893	-373.723185	-388.284114	269.253396	-17.832359	-13.751089	198.081235	0.000000	0.000000	0.000000	112.869742	-223.316893	-13.446428	214.045901	-185.828231	-467.935604	251.266376	-48.880522	-840.611622	264.348481	-161.617166	-887.839942	278.720405	-220.951136	-885.091694	-104.941105	-231.923836	-18.338057	-148.726891	-180.762391	-483.576338	-178.853505	-35.904541	-855.660079	-170.364705	-155.360652	-880.453622	-168.843537	-216.477326	-884.018045	
-60.240384	-160.378229	659.224234	-2.986196	-128.331202	415.826554	158.010075	-150.322043	402.144660	264.087347	-62.192855	148.797925	392.781233	-184.873526	6.344185	428.634534	-233.144611	-84.637211	-153.370167	-167.664291	447.945809	-286.325914	-102.399359	207.406648	-306.037463	-317.735312	279.291864	-388.387338	-386.123811	257.202644	-11.885620	-16.413126	198.324487	0.000000	0.000000	0.000000	113.432599	-223.174444	-10.818179	221.093576	-203.392692	-464.932946	252.533877	-56.746190	-834.437702	263.686942	-169.532182	-882.041649	277.309040	-229.048204	-879.413594	-104.251213	-232.518355	-14.299803	-154.546144	-200.480453	-480.588704	-177.253806	-39.757528	-846.635454	-170.689520	-159.253605	-871.817586	-170.145980	-220.383945	-875.430478	
-46.932020	-163.693990	658.875852	6.657995	-134.258940	414.316713	167.827147	-156.261729	402.872405	268.397369	-68.703612	147.093366	393.761504	-199.711113	9.156424	428.463912	-251.632425	-80.247666	-144.233673	-172.663371	445.153072	-286.532727	-101.374261	211.776398	-322.484877	-319.212903	268.162309	-411.452021	-379.136362	247.175439	-6.645863	-20.050017	198.234937	0.000000	0.000000	0.000000	112.241543	-223.843595	-9.311337	227.531710	-223.991423	-461.981837	253.111989	-66.506786	-827.456449	261.496571	-179.345057	-875.502572	274.022976	-239.107491	-873.019490	-105.271751	-232.219927	-11.373192	-165.193818	-220.061848	-477.466395	-176.944232	-43.173085	-836.506800	-172.998900	-162.722466	-861.980744	-173.764250	-223.851854	-865.569484	
-34.603209	-166.675813	658.795185	12.836523	-140.613789	412.588509	174.182229	-163.136797	405.456343	268.985406	-75.842603	147.394740	389.588022	-216.089021	14.384654	422.602142	-271.998321	-73.236058	-139.336632	-176.714568	439.683556	-290.504159	-99.497856	213.892086	-346.616595	-315.393616	260.432575	-442.177942	-365.248262	242.295168	-3.254474	-24.250506	197.849898	0.000000	0.000000	0.000000	108.249436	-225.788089	-9.623856	231.900683	-247.602637	-459.553762	252.413622	-78.374874	-820.065393	256.970264	-191.244187	-868.552111	267.857913	-251.330425	-866.158766	-109.140454	-230.486927	-10.085780	-181.983241	-235.974855	-474.461876	-178.679501	-44.712482	-826.236675	-178.296398	-164.311681	-851.779319	-180.712094	-225.405700	-855.236506	
-24.414684	-169.235814	658.948587	13.897534	-146.870624	410.796504	175.234514	-170.522386	409.546069	265.052937	-82.883983	149.823389	379.629700	-232.526577	21.819517	410.348194	-292.555667	-63.889605	-139.995209	-179.498420	431.927705	-298.427502	-95.186529	213.784304	-375.806777	-304.789395	258.558047	-476.896253	-343.921718	244.557993	-2.370750	-28.198744	197.338469	0.000000	0.000000	0.000000	101.028920	-229.001738	-11.923983	232.832113	-273.152261	-457.884828	249.894381	-91.886241	-812.679082	249.662521	-204.680900	-861.551547	258.333099	-265.127555	-859.174986	-116.264414	-226.960902	-10.436483	-204.679731	-245.805012	-471.748718	-182.822110	-43.376124	-816.542147	-186.950029	-162.937172	-841.932259	-191.295693	-223.935608	-845.183882	
-17.188408	-171.481999	659.008005	9.856321	-152.235321	409.116764	170.862501	-177.565256	414.215283	257.442308	-88.492684	153.881413	365.395557	-246.429638	30.156937	393.430970	-310.054250	-53.861486	-145.584614	-181.026955	423.372797	-308.828104	-87.933208	212.467730	-405.200336	-288.203579	262.764580	-510.176990	-317.243520	253.653794	-3.879242	-31.075238	196.882051	0.000000	0.000000	0.000000	91.443092	-232.786639	-15.471313	230.330814	-298.278952	-456.632716	245.534428	-105.529268	-805.407518	240.150791	-218.075938	-854.554951	246.276890	-278.832573	-852.161774	-125.574093	-221.875233	-11.836947	-230.752722	-249.591517	-469.166817	-188.871880	-39.481185	-807.452736	-197.990023	-158.820503	-832.582964	-204.349326	-219.653472	-835.612171	
-13.141206	-173.466060	658.666241	2.833749	-156.111720	407.685939	163.276064	-183.250894	418.284033	248.701556	-91.161719	158.619289	350.835360	-254.974796	37.624689	376.358691	-320.969426	-45.359885	-153.583333	-181.740616	416.108106	-319.246448	-79.667163	211.333663	-429.834853	-269.774629	270.957129	-537.024474	-290.735972	266.782256	-6.835367	-32.673526	196.542564	0.000000	0.000000	0.000000	81.779216	-236.107508	-18.873912	226.557006	-320.037929	-454.990297	240.277859	-117.092707	-797.995295	230.384793	-229.271251	-847.283307	234.159325	-290.219044	-844.886555	-134.663525	-216.387555	-13.406951	-255.870931	-249.899237	-466.360678	-195.561178	-34.795954	-798.672325	-209.187514	-153.753872	-823.569686	-217.268730	-214.391489	-826.405246	
-11.980341	-175.031618	658.055831	-4.428137	-158.564308	406.621393	155.481149	-187.071360	421.007456	241.370129	-90.535204	163.116852	339.998580	-257.028796	42.875246	363.814104	-323.817486	-39.981636	-161.301185	-182.252616	411.498670	-327.980179	-73.299500	211.141086	-447.082277	-254.859199	280.252356	-555.235811	-270.644871	280.471534	-10.051225	-33.558767	196.255046	0.000000	0.000000	0.000000	74.474695	-238.331420	-21.035068	224.506982	-336.340677	-452.413004	235.612893	-124.984168	-790.396049	222.674659	-236.848926	-839.691937	224.758167	-297.878723	-837.315388	-141.317294	-212.026496	-14.552411	-276.160207	-250.107554	-463.271219	-201.527590	-31.399767	-790.279775	-218.314427	-149.977963	-815.057901	-227.498256	-210.464822	-817.753102	
-13.096658	-176.022747	657.567167	-10.411449	-160.043427	406.002195	149.200849	-189.143189	422.364006	236.378855	-87.775014	166.770191	334.451874	-253.741710	45.351615	357.725319	-319.770649	-38.264753	-167.454289	-182.829228	409.527891	-334.631414	-70.349914	211.547986	-457.039852	-246.456414	288.543288	-565.429837	-259.977242	292.444671	-12.745619	-34.402906	195.952163	0.000000	0.000000	0.000000	70.631311	-239.425256	-21.853709	226.033034	-346.772751	-449.088125	232.647040	-129.105826	-783.161198	218.301883	-240.850112	-832.340844	219.491508	-301.904760	-829.987146	-144.730261	-209.651751	-15.390908	-289.978937	-252.322696	-460.434006	-205.925429	-30.349303	-782.925152	-224.292375	-148.689505	-807.720187	-233.906752	-209.113190	-810.329602	
-15.979026	-176.514677	657.410681	-15.124034	-160.894273	405.810291	144.438944	-189.896120	422.814390	233.217156	-84.588530	169.373173	333.264711	-247.374271	45.288441	357.123832	-311.401578	-39.708132	-172.197314	-183.435555	409.545539	-339.294778	-70.638459	211.679213	-461.219209	-244.208286	294.947155	-569.471262	-257.675742	301.769390	-14.820982	-35.476454	195.614470	0.000000	0.000000	0.000000	69.788183	-239.659811	-21.991012	231.304689	-352.161998	-445.615966	231.665666	-130.352229	-777.018666	217.215815	-242.187512	-825.960243	218.156188	-303.246881	-823.616290	-145.425130	-209.083063	-16.534501	-297.843514	-256.831993	-458.654420	-208.633168	-31.440410	-777.367249	-227.301769	-149.704908	-802.297825	-236.838952	-210.142537	-804.867286	
-20.480240	-176.752117	657.514758	-19.340500	-161.386498	405.899808	140.329101	-189.944144	422.653019	230.949063	-82.186182	170.899263	334.557514	-240.052011	43.426128	359.731842	-301.401068	-43.151685	-176.338103	-184.213610	410.874994	-342.109748	-73.393435	210.788811	-461.282654	-246.213534	299.426464	-569.214143	-260.941357	308.387889	-16.798436	-36.838711	195.202415	0.000000	0.000000	0.000000	70.705864	-239.374911	-22.161964	239.518282	-353.803876	-442.412848	232.355967	-129.795464	-772.255820	218.614663	-241.878612	-820.833090	219.721344	-302.934753	-818.477699	-144.509906	-209.552012	-18.504767	-301.409591	-262.975830	-458.402177	-210.072164	-33.948453	-773.904403	-228.218422	-152.250112	-799.043468	-237.378541	-212.746255	-801.607821	
-26.575604	-177.039911	657.638003	-23.784211	-161.917165	406.021241	136.085870	-189.992933	421.638510	228.990720	-80.979652	171.261787	336.946815	-233.079471	40.430376	363.611182	-291.715727	-47.569466	-180.567114	-185.683460	412.975475	-343.314947	-78.396925	208.528484	-458.136565	-251.471498	302.266363	-565.633391	-268.270164	312.690350	-19.369069	-38.623339	194.618441	0.000000	0.000000	0.000000	72.356973	-238.837307	-22.628067	249.920146	-352.866942	-439.366580	234.254869	-128.172715	-768.447963	221.703520	-240.604311	-816.539610	223.261310	-301.648715	-814.135625	-142.862093	-210.400732	-21.436873	-302.311206	-270.302570	-459.579655	-210.817255	-37.480668	-772.246471	-227.901144	-155.894473	-797.601027	-236.494356	-216.473154	-800.179232	
-34.076603	-177.687150	657.465353	-28.758828	-163.030656	405.861711	131.391725	-190.717570	419.121637	227.297067	-80.866571	170.246903	340.061859	-226.674966	36.344904	368.097142	-282.827818	-52.840584	-185.118657	-188.608084	415.426023	-343.220336	-86.557808	204.747524	-451.495421	-260.917781	303.746047	-558.381107	-280.723120	315.131170	-22.864735	-41.033422	193.743963	0.000000	0.000000	0.000000	74.412242	-238.156123	-23.136535	262.332865	-350.051594	-435.892721	237.030168	-125.726424	-764.625811	226.098843	-238.576126	-812.130098	228.398132	-299.592547	-809.613218	-140.720832	-211.437593	-25.087389	-301.480774	-279.055828	-461.625317	-211.299372	-42.281008	-771.694210	-226.771659	-160.883490	-797.201100	-234.569427	-221.569070	-799.793826	
-42.575978	-178.999715	656.664637	-34.154501	-165.330651	405.090155	126.319338	-192.746076	414.424612	226.217649	-81.631532	167.690757	344.233935	-220.156188	30.618487	373.645791	-273.703546	-59.718629	-189.780305	-193.830435	417.835676	-341.961423	-99.736797	199.242163	-440.091937	-276.726273	303.983411	-545.975536	-301.013835	316.033312	-26.959973	-44.198296	192.517354	0.000000	0.000000	0.000000	77.134115	-237.275312	-23.271760	277.068110	-345.530024	-431.327811	240.532029	-122.325053	-759.766709	231.820930	-235.644875	-806.606234	235.238802	-296.600915	-803.903557	-137.797708	-212.852054	-29.041008	-299.102059	-289.970339	-463.799588	-211.719407	-49.021309	-771.444767	-224.810659	-167.903106	-796.984526	-231.441748	-228.727240	-799.576894	
-51.658679	-181.264991	654.947873	-39.674126	-169.364127	403.428044	121.035486	-196.702094	407.383632	226.090548	-83.326700	163.840691	349.683742	-212.609894	22.715535	380.724193	-262.689197	-69.054422	-194.119482	-202.113303	419.804866	-339.356982	-119.662604	191.980853	-422.454044	-300.384416	303.156871	-526.577703	-331.135815	315.767877	-30.948667	-48.136849	190.966711	0.000000	0.000000	0.000000	80.868932	-236.064973	-22.899009	294.318134	-339.218312	-425.392801	244.653162	-117.828024	-753.336675	238.935864	-231.624076	-799.477522	243.904071	-292.462266	-796.535314	-133.771191	-214.841045	-32.957232	-295.084912	-303.625736	-465.480652	-212.108728	-58.283020	-770.865039	-221.862090	-177.508022	-796.297551	-226.836556	-238.491025	-798.865638	
-61.135971	-184.598371	652.120908	-45.115388	-175.388610	400.712861	115.574924	-203.058899	398.823577	226.738051	-86.437141	159.562559	355.653074	-203.758873	12.857891	388.713054	-248.725565	-80.834186	-197.807262	-213.735643	420.931010	-335.172632	-146.101017	183.544947	-398.217721	-330.404213	301.795741	-499.398775	-369.583898	314.977886	-34.250691	-52.703509	189.189036	0.000000	0.000000	0.000000	85.422811	-234.512699	-22.305999	313.391346	-331.381083	-418.348028	249.101853	-112.588803	-745.493642	247.078505	-226.779375	-790.964798	253.957150	-287.418800	-787.775861	-128.889738	-217.213554	-36.650955	-289.776340	-319.681407	-466.298703	-212.437909	-69.925928	-769.578586	-218.052591	-189.464196	-794.790083	-220.947222	-250.583253	-797.309817	
-71.035771	-188.724333	648.180158	-50.538673	-183.027281	396.993182	109.860580	-211.661964	390.456717	227.369693	-91.664877	155.944420	360.337523	-194.798289	2.358005	395.551407	-232.892728	-93.568880	-200.931239	-227.804131	420.892695	-330.035697	-175.632838	175.116323	-369.802446	-361.652327	300.579295	-466.633304	-410.417687	314.441006	-36.652310	-57.462057	187.344552	0.000000	0.000000	0.000000	89.722457	-232.927728	-22.031216	332.336008	-323.302634	-410.841539	253.320679	-107.808004	-736.949029	255.203433	-222.239913	-781.815498	264.092341	-282.603416	-778.371692	-124.293280	-219.282175	-40.051135	-284.585454	-336.432545	-466.153889	-212.773452	-82.652965	-767.445575	-214.148122	-202.373671	-792.377579	-214.891475	-263.559110	-794.838558	
-81.115531	-193.021062	643.488144	-55.956755	-191.181192	392.667221	104.051039	-221.329027	383.767525	227.202406	-98.904338	153.442437	362.240759	-188.182354	-6.869167	399.049874	-218.913861	-104.817290	-203.819217	-242.164069	419.713761	-325.546388	-203.196699	167.801336	-342.177268	-388.173566	299.833811	-433.540929	-446.333277	314.549510	-38.293042	-61.840022	185.614427	0.000000	0.000000	0.000000	92.529704	-231.775509	-22.565175	348.873484	-316.822963	-403.691431	256.858120	-104.884276	-728.718536	262.143172	-219.435188	-773.005817	272.777224	-279.498476	-769.271721	-121.290420	-220.373905	-43.145812	-281.467983	-351.464109	-465.211984	-213.318348	-94.434516	-764.593239	-211.259291	-214.206818	-789.228538	-210.243869	-275.390370	-791.638685	
-90.308574	-196.971173	638.793120	-60.581306	-198.546217	388.470741	99.093067	-230.260400	379.042284	226.388104	-106.622353	151.636663	361.723735	-185.745292	-13.679879	399.198223	-210.784287	-112.986891	-206.161973	-254.523652	417.913453	-322.526656	-224.964632	162.215673	-319.683928	-406.900499	299.390237	-405.380590	-472.924470	314.989581	-39.355572	-65.455609	184.146581	0.000000	0.000000	0.000000	93.679613	-231.172559	-23.962433	361.912436	-312.839703	-397.571929	259.732524	-104.197814	-721.694253	267.470659	-218.854613	-765.342234	279.350146	-278.665091	-761.316120	-120.072448	-220.500712	-45.821703	-281.354573	-363.009620	-463.745900	-214.132331	-103.629903	-761.304385	-209.914377	-223.405984	-785.644501	-207.772801	-284.561610	-788.025682	
-97.065845	-200.455523	634.930385	-63.078585	-204.291982	385.175241	96.393156	-237.039337	375.849726	225.962001	-113.114785	149.888823	360.601381	-187.310712	-18.256749	398.091221	-209.515352	-118.229931	-206.982002	-263.601358	416.292459	-320.356738	-239.387706	158.696461	-303.855099	-418.217082	298.958188	-384.844696	-489.818830	315.091913	-39.765538	-68.227628	183.049047	0.000000	0.000000	0.000000	94.083823	-230.824855	-25.669842	371.631501	-311.008682	-392.739680	262.207197	-105.102266	-716.245974	271.416849	-219.918600	-759.183117	284.019384	-279.564418	-754.919603	-119.668380	-220.317659	-47.719945	-283.719317	-370.524418	-461.853457	-215.009984	-109.586666	-757.705171	-209.818727	-229.381824	-781.761623	-207.136736	-290.516256	-784.139684	
-100.223732	-203.581790	632.380041	-62.623221	-208.342357	383.159210	96.792019	-241.340969	373.753702	226.830593	-117.643534	147.938238	360.379285	-191.580678	-21.188274	397.594337	-213.433128	-121.341564	-205.549372	-269.398977	415.381579	-318.144955	-246.875538	157.290976	-293.880286	-424.174399	298.365217	-371.804997	-499.121132	314.401081	-39.240812	-70.332710	182.364277	0.000000	0.000000	0.000000	94.752455	-230.394540	-27.039756	378.689088	-310.710572	-389.160935	264.515747	-106.882225	-712.341855	274.382432	-221.908307	-754.565730	287.286544	-281.478158	-750.145122	-119.031659	-220.492493	-48.498555	-287.481039	-374.376513	-459.504470	-215.720545	-112.505174	-753.802878	-210.419124	-232.348955	-777.591640	-207.620945	-293.477581	-779.984999	
-99.539160	-206.500048	631.062090	-59.314758	-211.180017	382.249752	100.165054	-243.724747	372.369429	229.116117	-120.372369	145.743031	361.332941	-197.217050	-23.133663	398.080393	-220.326078	-123.177498	-201.853595	-272.783754	415.139510	-315.572819	-249.180972	157.638682	-287.988182	-427.013552	297.425172	-364.434861	-503.592450	312.852427	-37.574837	-72.049456	182.044688	0.000000	0.000000	0.000000	96.100732	-229.717116	-28.027054	383.759530	-311.440841	-386.880889	266.771968	-109.091047	-709.984471	276.694210	-224.349737	-751.555978	289.585425	-283.916849	-747.061450	-117.810325	-221.192403	-48.293204	-291.700806	-375.458727	-456.882667	-216.195451	-113.134401	-749.837627	-211.323128	-233.043033	-773.390170	-208.676540	-294.177577	-775.804713	
-95.595028	-209.363568	630.567397	-53.819936	-213.403184	381.999484	105.798573	-245.053358	371.473860	232.336580	-121.886366	143.391123	362.924464	-203.263367	-24.627685	399.014258	-228.456883	-124.407366	-196.436779	-274.706234	415.112152	-312.818803	-248.414018	159.065723	-284.735801	-428.432352	295.924578	-360.831817	-505.531269	310.470221	-34.817122	-73.640277	181.956419	0.000000	0.000000	0.000000	97.818009	-228.855576	-29.113271	387.334085	-312.779482	-385.960080	268.947707	-111.461756	-709.198834	278.500680	-226.958433	-750.192308	291.153223	-286.576719	-745.698069	-116.348642	-222.113802	-47.602917	-295.862393	-374.788498	-454.354189	-216.558005	-112.346397	-746.197773	-212.429033	-232.315232	-769.585210	-210.094398	-293.461775	-772.017635	
-89.434847	-212.160404	630.500684	-47.083885	-215.357536	382.017971	112.706983	-246.028474	371.212288	235.769544	-122.966128	141.179736	364.212328	-209.670871	-25.824665	399.509107	-237.236184	-125.260384	-190.335382	-275.460667	414.586346	-310.566401	-245.882979	160.685790	-284.082002	-429.051677	293.627155	-360.619527	-505.881318	307.251983	-31.270133	-75.237810	181.947002	0.000000	0.000000	0.000000	99.044741	-228.115163	-30.731606	389.376197	-314.843542	-386.242871	270.842531	-114.108167	-709.789673	279.590963	-229.855943	-750.251063	291.792627	-289.572059	-745.809226	-115.431794	-222.762661	-46.796188	-300.246357	-372.854517	-452.132294	-217.117589	-110.544590	-743.028890	-214.057832	-230.554395	-766.370406	-212.197754	-291.716714	-768.815369	
-82.241304	-214.621734	630.649410	-40.292614	-217.081355	382.090077	119.680619	-247.053295	372.048254	238.661008	-124.639951	139.535135	364.033983	-217.573988	-26.448639	398.221104	-247.782177	-125.503560	-185.052367	-274.560715	412.664809	-310.069122	-241.425055	161.530046	-287.609126	-428.095939	290.274489	-365.438721	-503.726446	303.274598	-27.470318	-76.838218	181.891536	0.000000	0.000000	0.000000	98.711190	-227.949247	-32.955448	389.093889	-318.795641	-387.394790	272.087391	-117.802061	-711.336935	279.261466	-233.832314	-751.295908	290.651579	-293.715042	-746.942826	-116.027158	-222.627885	-45.957687	-306.164018	-369.132407	-450.142974	-218.311993	-107.350234	-740.125447	-216.997518	-227.370370	-763.577118	-215.946098	-288.551515	-766.032523	
-75.052269	-216.450874	630.948932	-34.871196	-218.550616	382.094443	125.253886	-248.418374	374.448151	240.322992	-128.184686	138.849613	361.279295	-228.817877	-25.917693	393.607657	-262.288062	-124.547278	-182.231324	-271.327566	408.431925	-312.768839	-233.700016	160.762882	-297.564840	-423.628342	285.749567	-377.827896	-496.667518	298.770430	-24.173261	-78.450039	181.671422	0.000000	0.000000	0.000000	95.869416	-228.762057	-35.606130	385.145990	-326.655916	-389.072227	272.216176	-123.885887	-713.353934	276.458942	-240.214043	-752.862992	286.380678	-300.367004	-748.643345	-118.997398	-221.230232	-45.104205	-315.541372	-362.276871	-448.164571	-220.577167	-101.859763	-737.132473	-222.263246	-221.818738	-760.871541	-222.646476	-283.007194	-763.339924	
-68.595900	-217.698776	631.322686	-32.304689	-219.891060	381.872037	127.841385	-250.416336	378.403158	240.213802	-134.688842	139.272865	355.305977	-244.654045	-23.721543	384.675212	-282.201240	-121.807359	-183.003379	-265.740196	401.412723	-319.323521	-221.214406	158.040369	-314.990956	-413.459431	280.305168	-398.947953	-482.052711	294.183461	-22.330588	-80.135767	181.170816	0.000000	0.000000	0.000000	90.003073	-230.677473	-38.446983	376.229394	-340.171835	-390.991879	270.710025	-133.605821	-715.373749	270.176221	-250.133111	-754.518511	277.701912	-310.646114	-750.497873	-124.735222	-218.194529	-44.383072	-329.816681	-350.999421	-445.987109	-224.174762	-93.368649	-733.743759	-230.563094	-213.074212	-757.957586	-233.233582	-274.204721	-760.446832	
-63.437653	-218.941511	631.522671	-33.798611	-221.306768	381.196050	126.093592	-253.263059	383.163184	238.033595	-144.495051	140.588111	346.380297	-264.628161	-19.832460	371.761998	-306.689524	-117.196633	-187.604744	-258.949111	392.187150	-328.891990	-203.405593	153.967374	-338.320836	-396.424624	274.716504	-426.860658	-458.619327	290.174227	-22.911636	-81.869651	180.321042	0.000000	0.000000	0.000000	81.268800	-233.418255	-41.256763	361.706338	-359.587994	-392.879302	267.013274	-147.314187	-716.917121	259.837726	-263.702400	-755.820872	263.991918	-324.557119	-752.069755	-132.896907	-213.377233	-44.115232	-348.942069	-335.002048	-443.506318	-229.097896	-82.024648	-729.823500	-241.844641	-201.085880	-754.692864	-247.641717	-261.998022	-757.217130	
-60.329178	-220.939572	631.070705	-39.705562	-222.869375	379.836896	119.600712	-256.863575	387.353270	234.040820	-156.736071	142.237676	336.150009	-286.322075	-14.883018	357.343601	-332.422410	-111.416752	-195.527374	-252.974095	382.547187	-339.329336	-181.617652	150.114220	-363.617480	-373.821179	270.087102	-456.796393	-428.277212	287.368682	-26.432050	-83.372602	179.146915	0.000000	0.000000	0.000000	70.704551	-236.375584	-43.798060	342.372644	-383.016800	-394.362214	260.836339	-163.928081	-717.440249	245.819610	-279.598565	-756.248026	245.947860	-340.612672	-752.800229	-142.342400	-207.080279	-44.654052	-371.026562	-315.713262	-440.739618	-235.108807	-69.115066	-725.438428	-255.165684	-186.997263	-751.090933	-264.594960	-247.451530	-753.667248	
-60.220682	-224.017950	629.485256	-48.803195	-224.576313	377.658304	109.767302	-260.726657	389.454096	229.532384	-169.123794	143.549744	327.895069	-305.756170	-9.949791	346.340354	-354.527152	-105.732535	-205.479528	-249.843053	374.795505	-348.248183	-160.063781	148.184333	-385.958936	-350.508582	267.491829	-482.917248	-397.363865	286.202535	-32.364310	-84.360195	177.705289	0.000000	0.000000	0.000000	60.412120	-238.828258	-45.850396	321.542631	-406.493632	-394.994498	252.884953	-180.730930	-716.467325	230.231677	-295.160767	-755.246803	226.432928	-356.071704	-752.076271	-151.182075	-200.364445	-46.213145	-392.634461	-296.931285	-437.821287	-241.866866	-57.155315	-720.866047	-268.864838	-173.464755	-747.319131	-281.784595	-233.267615	-749.958220	
-63.665136	-227.826928	626.747536	-58.317517	-226.702888	374.720506	99.740520	-264.393403	388.419881	226.749085	-178.529631	144.084155	325.797819	-318.358854	-6.058671	344.568889	-368.047443	-101.304994	-215.130509	-250.910492	370.506935	-354.548357	-145.354046	148.659396	-401.034749	-334.098785	267.571300	-500.249811	-375.585343	287.107397	-38.954426	-85.048824	176.046901	0.000000	0.000000	0.000000	53.144228	-240.256739	-47.362541	305.245374	-425.138069	-394.445142	245.335614	-194.016322	-713.852425	217.048225	-307.213403	-752.549338	210.416699	-367.890423	-749.558160	-157.244505	-195.023926	-48.758787	-409.845503	-284.431214	-434.997598	-249.070931	-49.480367	-716.577703	-281.058586	-164.361429	-743.701002	-296.527642	-223.553523	-746.397534	
-70.500307	-231.886492	623.319153	-65.567497	-229.832675	371.289524	92.463894	-267.924621	384.160955	227.341846	-182.513648	143.918134	332.254121	-320.684806	-3.756770	354.995405	-369.433985	-98.622584	-222.013430	-256.602511	369.832560	-358.815693	-142.882309	150.404470	-406.633708	-330.808277	270.082662	-506.329772	-370.793357	290.289360	-44.029684	-86.137239	174.313006	0.000000	0.000000	0.000000	50.739846	-240.558724	-48.453983	299.268178	-435.475933	-392.610017	240.726502	-200.991955	-709.812774	210.117379	-313.648126	-748.320893	202.468050	-374.207013	-745.365553	-159.247073	-192.575196	-51.891705	-419.959240	-283.148192	-432.426914	-256.462038	-48.812675	-712.950085	-290.396350	-163.032722	-740.496142	-306.908984	-221.940710	-743.225407	
-80.141387	-236.291756	619.514180	-69.502876	-234.372127	367.659814	88.915080	-271.763681	377.468669	230.754265	-180.384973	143.512931	345.424226	-311.926302	-2.956896	374.940848	-357.753987	-97.411983	-224.909092	-266.417065	371.673131	-361.553332	-153.508449	151.728078	-403.202866	-341.432574	273.692997	-501.692690	-383.842036	294.849898	-46.209141	-88.224936	172.697241	0.000000	0.000000	0.000000	53.047955	-239.899314	-49.244834	305.259030	-436.780951	-389.582343	240.140595	-201.226297	-704.703031	210.660499	-314.271957	-742.949723	203.862864	-374.929306	-739.932587	-157.413213	-193.246897	-54.902664	-422.258575	-294.085090	-429.962580	-263.517664	-55.851808	-709.933910	-296.267573	-170.381316	-737.628262	-312.265773	-229.431058	-740.358188	
-91.804568	-241.561959	615.124482	-70.690010	-240.143988	363.928046	88.211872	-276.307390	369.671804	234.475624	-173.457416	143.325813	359.904699	-294.807922	-3.123268	396.770778	-336.084942	-97.092789	-224.290172	-278.835589	374.127427	-362.215094	-173.281215	151.347670	-393.664264	-361.225398	276.301803	-489.694481	-408.374590	298.697641	-45.570121	-91.229130	171.300528	0.000000	0.000000	0.000000	58.307710	-238.557428	-49.813499	319.761136	-431.088862	-385.635146	242.675274	-196.738364	-698.948196	216.736787	-310.738228	-736.927566	212.040070	-371.590986	-733.844105	-153.127746	-195.998140	-57.220694	-418.092694	-313.627163	-427.272495	-269.466465	-68.834242	-707.137444	-298.796906	-184.305318	-734.754429	-313.176187	-243.771313	-737.456039	
-104.513955	-247.837329	609.838249	-70.640027	-246.431161	360.042204	88.536701	-281.750223	362.476132	235.747052	-164.890978	143.668594	369.813484	-275.587797	-3.566381	412.281604	-312.029387	-97.170016	-222.127240	-291.345965	375.153834	-360.838941	-194.727939	148.835804	-383.416203	-382.666356	275.701956	-476.726804	-434.397137	299.439700	-43.422020	-94.469414	170.097969	0.000000	0.000000	0.000000	63.905686	-237.026004	-50.254920	336.111004	-423.056433	-381.161810	246.220782	-191.383654	-693.051093	224.466865	-306.322973	-730.825778	222.074641	-367.309885	-727.743765	-148.483882	-199.094715	-58.748759	-411.305935	-334.957030	-424.053216	-273.959828	-83.850571	-704.087700	-299.289143	-200.317402	-731.481950	-311.774590	-260.211876	-734.133848	
-116.862474	-254.374985	603.921347	-71.177556	-252.376284	356.017377	87.923827	-288.087128	357.458203	233.151560	-158.301488	144.694712	371.696089	-262.012852	-3.477815	417.105143	-295.245753	-96.894962	-221.288231	-301.020208	373.182192	-359.620317	-209.552564	144.503960	-379.333297	-398.462597	270.400742	-471.054316	-452.458848	295.261994	-41.501664	-97.310727	168.971877	0.000000	0.000000	0.000000	67.123804	-236.045132	-50.674554	347.494336	-418.899837	-376.494977	248.725158	-189.604681	-687.454515	229.880241	-305.086967	-725.136302	228.920941	-366.117783	-722.145583	-145.777230	-200.806184	-59.694731	-407.702060	-350.665902	-420.137230	-277.616312	-96.022121	-700.444137	-300.278142	-213.106814	-727.539489	-311.536788	-273.246724	-730.128132	
-126.832213	-260.033269	598.317762	-73.611506	-257.459168	351.926985	85.044739	-294.997966	355.029462	226.898299	-155.534946	146.148291	365.189203	-259.510997	-2.075655	411.011369	-292.879202	-95.242511	-224.032367	-305.737901	367.315467	-361.402402	-212.049907	138.956401	-386.743807	-403.486330	259.933716	-479.032944	-456.268797	285.294095	-41.111506	-99.525279	167.773132	0.000000	0.000000	0.000000	66.111367	-236.232348	-51.131057	349.527113	-423.459586	-371.792720	249.005389	-194.502564	-682.439656	230.434146	-310.020869	-720.146906	229.326623	-371.057567	-717.332655	-146.616080	-200.017276	-60.285983	-412.267013	-355.508149	-415.579548	-281.476949	-101.515529	-696.149375	-304.183916	-218.669680	-722.904570	-315.535255	-278.795393	-725.417098	
-132.176413	-264.653776	593.836530	-77.815984	-261.804717	347.697725	80.076347	-302.024500	354.252999	218.305300	-156.070239	147.386326	351.950926	-268.274587	0.911884	395.784168	-305.819555	-91.620238	-230.164973	-305.259756	357.471256	-366.534149	-201.164333	133.053297	-406.126778	-395.772974	244.791842	-501.116536	-443.618402	269.974835	-42.580597	-101.126031	166.444224	0.000000	0.000000	0.000000	60.710960	-237.567862	-51.638264	341.361918	-437.463036	-367.041791	246.857831	-206.520593	-678.107731	225.710353	-321.553734	-715.941145	222.795001	-382.542459	-713.391398	-151.086865	-196.554352	-60.636055	-425.914218	-348.144445	-410.595648	-285.777668	-99.362281	-691.321317	-311.444356	-215.988997	-717.702599	-324.271550	-275.820972	-720.124329	
-131.325123	-269.803862	590.312665	-82.505259	-266.119084	343.026337	74.419464	-309.180241	353.560027	209.094639	-158.447474	147.778735	334.410491	-284.128478	4.929325	374.210517	-328.812303	-86.243505	-237.272242	-301.326299	344.333985	-372.386214	-180.344751	127.761804	-432.893365	-376.720331	226.256059	-531.684905	-416.504967	250.829149	-45.235609	-102.298613	165.021194	0.000000	0.000000	0.000000	52.270243	-239.444058	-52.203300	325.070171	-457.951483	-362.101881	242.802543	-223.974350	-674.374506	217.045834	-337.998561	-712.404467	211.130211	-398.783471	-710.207838	-157.945691	-191.056392	-60.730544	-445.288784	-331.157150	-405.385547	-289.721403	-91.633460	-686.036417	-320.383420	-207.138976	-712.014451	-335.624719	-266.405930	-714.337802	
-124.328032	-277.864848	586.539098	-86.462557	-271.341804	337.398294	69.360269	-317.309175	351.428208	200.867498	-161.845743	147.122849	315.265760	-302.130033	8.778760	349.660693	-354.953387	-80.214796	-242.886491	-296.995538	329.181499	-375.921943	-155.548485	124.022708	-460.353183	-350.567543	206.269498	-562.719798	-380.645059	229.993780	-47.932874	-103.351178	163.597783	0.000000	0.000000	0.000000	42.671559	-241.175070	-52.957942	303.952923	-481.139116	-356.852219	237.611954	-244.715897	-671.066143	206.366334	-357.283050	-709.322568	196.908387	-417.632197	-707.546968	-165.615066	-184.496331	-60.583322	-465.772039	-309.345334	-400.141660	-292.537754	-81.812779	-680.421053	-328.958131	-195.734411	-705.954554	-346.948863	-254.228853	-708.190821	
-113.192886	-290.369045	580.887348	-89.228999	-278.141882	330.240758	65.350860	-327.379150	346.713440	194.855430	-166.200947	145.581983	297.384016	-318.880393	11.110398	325.439785	-379.109341	-75.368031	-246.140965	-295.422104	313.684625	-376.061286	-132.699153	122.797797	-483.142165	-323.315676	187.021066	-588.029999	-344.091035	209.678278	-49.883195	-104.488794	162.286844	0.000000	0.000000	0.000000	33.608952	-242.349460	-54.110975	281.094376	-504.319279	-351.306541	231.846803	-267.094710	-668.050339	195.184241	-377.944559	-706.512971	182.205450	-437.647023	-705.174375	-172.838296	-177.816840	-60.379468	-484.148238	-287.527441	-395.089867	-294.303520	-72.972883	-674.845197	-336.159810	-185.137661	-699.818293	-356.749872	-242.770538	-702.001825	
-101.250081	-307.033288	572.353312	-90.856582	-286.474674	321.321834	62.365073	-339.497376	338.708850	191.774306	-171.343113	143.308993	283.043092	-332.555576	10.695712	304.328507	-398.019341	-73.889143	-247.572494	-298.632103	299.267436	-374.171677	-116.100164	124.766525	-499.105783	-301.228343	169.984091	-605.401834	-315.252662	191.218270	-50.957742	-105.764011	161.122759	0.000000	0.000000	0.000000	26.416988	-242.866794	-55.755565	258.923306	-525.763164	-345.777774	225.806188	-289.700110	-665.472854	184.437428	-398.828136	-704.085107	168.375791	-457.783168	-703.108864	-178.724183	-171.890761	-60.405447	-498.926365	-269.324377	-390.494222	-295.669409	-67.016952	-669.950899	-341.933115	-177.608469	-694.152709	-364.671899	-234.428296	-696.325712	
-92.218003	-325.911082	561.189446	-91.789617	-295.655090	310.925833	60.082251	-352.728014	327.302879	191.373067	-176.887603	140.095557	272.861552	-342.513040	6.553155	287.782494	-410.256000	-77.598066	-248.206977	-306.725095	286.326212	-373.256378	-107.429749	129.993739	-509.456641	-288.373959	155.178716	-616.446418	-299.553275	174.534152	-51.520002	-107.236043	159.966813	0.000000	0.000000	0.000000	21.627679	-242.861164	-57.805869	238.485208	-544.417633	-341.070645	219.369946	-311.268982	-664.031581	174.242356	-418.864079	-702.735617	155.719209	-477.095665	-701.960719	-182.950363	-167.211501	-60.885664	-509.719697	-256.272201	-386.878518	-297.138649	-64.342019	-666.717442	-346.609340	-173.747358	-689.948123	-370.973504	-229.888431	-692.146841	
-89.432579	-344.248612	548.519927	-93.244433	-304.714998	299.582088	57.438227	-365.571975	313.063741	192.020063	-182.615111	135.248598	265.281867	-349.016509	-2.043114	274.972311	-416.097738	-87.479495	-249.374399	-317.835515	274.178099	-376.093444	-105.275218	137.956831	-517.654963	-283.816579	140.943585	-625.045160	-295.451161	157.629038	-52.328444	-108.843692	158.612880	0.000000	0.000000	0.000000	18.277808	-242.577641	-60.106821	218.211298	-560.008858	-338.434770	211.450823	-331.221841	-664.989896	163.133146	-437.406743	-703.737479	142.586737	-494.955664	-702.968185	-186.152104	-163.277568	-61.849941	-516.995939	-246.799832	-385.188363	-298.755857	-63.553894	-666.488757	-350.729603	-172.014982	-688.657738	-376.428046	-227.555837	-690.909511	
-93.989625	-359.781722	535.649761	-96.246110	-312.863234	287.978511	53.602514	-376.534343	297.032279	191.638494	-187.960720	127.947191	258.313982	-351.797107	-15.641628	264.442895	-415.668364	-103.823656	-251.978018	-329.547499	262.224194	-383.273291	-107.321334	147.450884	-526.987963	-282.621980	124.183345	-634.862294	-295.264722	136.419034	-54.107615	-110.528762	156.840746	0.000000	0.000000	0.000000	14.825743	-242.153972	-62.709418	196.027806	-572.076809	-339.330386	201.049186	-349.130194	-669.931424	149.558947	-453.819448	-708.662834	127.129440	-510.658141	-707.711385	-189.261179	-159.095437	-63.296392	-521.197627	-237.943716	-386.688554	-300.065523	-62.644084	-670.780706	-354.501089	-170.095905	-691.932947	-381.540018	-224.993639	-694.257195	
-102.382902	-371.669409	523.720580	-99.503065	-320.147043	276.972455	50.290315	-384.499790	280.327721	189.572285	-191.138372	117.798939	252.467438	-348.466560	-34.509209	257.183521	-406.910454	-126.461594	-254.720726	-340.878680	251.054240	-392.556527	-113.293594	156.174575	-537.584221	-280.247572	101.229701	-646.221148	-291.120714	106.349764	-56.694973	-112.649612	154.398854	0.000000	0.000000	0.000000	11.303272	-241.439677	-66.105511	174.133272	-578.806939	-345.161325	189.925455	-363.513483	-680.462366	135.405042	-466.715056	-719.039128	111.302576	-522.857798	-717.739605	-192.124665	-154.695181	-65.537008	-521.438442	-229.110791	-392.639591	-300.068852	-61.113833	-680.928069	-356.866712	-167.511473	-701.178681	-385.185997	-221.757129	-703.564873	
-107.182024	-380.559485	513.725378	-99.177069	-327.582365	267.398705	51.819898	-389.045222	263.817660	187.197372	-189.787190	105.158004	250.741906	-335.022408	-58.471318	256.286075	-385.702110	-154.876718	-253.811407	-352.903898	242.078389	-399.721093	-124.975942	161.115185	-545.247970	-274.434444	69.410846	-654.394931	-278.527531	65.335308	-58.687715	-116.044106	151.105191	0.000000	0.000000	0.000000	9.987018	-240.084183	-71.068027	159.896064	-577.726782	-356.947686	183.172438	-372.075468	-697.818924	126.758593	-474.408568	-735.984631	101.741865	-530.135500	-734.168735	-193.198133	-151.769588	-69.123505	-515.500333	-222.981058	-403.834672	-297.307298	-60.419688	-697.608939	-355.479810	-166.222525	-717.057853	-384.527540	-220.081069	-719.456539	
-101.241100	-387.543779	506.422562	-91.008909	-336.234698	259.825390	62.338483	-390.495997	248.385131	186.745322	-183.070150	91.219083	255.491436	-307.881790	-86.549749	263.383070	-347.462904	-187.862279	-244.923259	-367.174729	236.433850	-399.902060	-143.692327	160.059658	-543.349634	-263.444779	29.645909	-651.527283	-255.133542	16.419355	-57.950430	-121.544704	147.009841	0.000000	0.000000	0.000000	13.807833	-237.728103	-78.009698	161.022716	-566.872446	-374.984789	186.217653	-372.732474	-722.407211	130.332798	-475.642528	-759.791837	105.856655	-531.579245	-757.217513	-190.561111	-152.628760	-74.353951	-501.196480	-222.396820	-420.214373	-290.269953	-62.201478	-720.522835	-347.867312	-168.459290	-739.187339	-376.548040	-222.517561	-741.508146	
-81.697258	-392.585132	502.110075	-72.657196	-345.869588	254.555192	83.328164	-389.323579	235.296200	189.962750	-172.484061	77.773509	265.327519	-265.241211	-116.190390	275.683906	-288.537066	-222.224439	-225.581066	-383.347970	234.461961	-388.890932	-167.822518	152.764365	-526.671674	-245.217271	-11.406648	-631.116948	-219.598134	-30.932701	-52.569624	-129.237790	142.398347	0.000000	0.000000	0.000000	24.242837	-233.913422	-86.531012	180.009842	-544.680376	-398.561405	201.091659	-363.883730	-753.379080	149.171242	-469.282897	-789.524515	127.210237	-526.196380	-785.892058	-182.992632	-158.452271	-80.895981	-477.681099	-227.115603	-440.653401	-278.040791	-66.336303	-748.275707	-332.692243	-174.290515	-766.042215	-359.664021	-229.229449	-768.164405	
-51.650625	-394.286697	500.658106	-45.298785	-354.456585	251.819402	112.676793	-385.569767	226.007055	197.604041	-160.709995	66.541839	274.553453	-208.658135	-142.468916	285.117567	-208.816897	-251.011744	-197.042030	-398.217536	235.912065	-365.080639	-191.782766	141.341764	-495.039948	-219.023902	-43.844899	-592.081475	-173.159424	-64.480159	-41.880029	-137.949117	137.693011	0.000000	0.000000	0.000000	40.034821	-228.149715	-95.581070	211.649408	-510.411296	-425.852563	224.530052	-344.968590	-788.468411	180.385582	-454.398448	-822.929671	163.013583	-512.783736	-818.031014	-170.695333	-168.156918	-87.885946	-446.419611	-233.075018	-463.043393	-261.035308	-70.383165	-778.482358	-310.780273	-180.853043	-795.167272	-334.924698	-237.102698	-796.981113	
-18.365505	-391.600809	501.849432	-13.333570	-359.421638	251.876103	145.686490	-379.126346	221.628201	209.445165	-149.807885	58.681631	277.115862	-145.094519	-158.813639	283.112202	-116.002155	-263.746234	-164.150367	-407.564691	240.447328	-331.279147	-208.557046	129.723535	-453.355457	-186.761429	-61.451588	-538.703523	-120.530173	-78.051310	-27.000830	-145.682507	133.382245	0.000000	0.000000	0.000000	57.795018	-220.519106	-104.028265	245.839498	-465.954228	-454.175805	249.723781	-317.703084	-824.356793	216.676290	-431.568907	-856.816677	205.519907	-491.336684	-850.654445	-155.503843	-179.086016	-94.256771	-411.049096	-235.086820	-484.822874	-241.260693	-71.118412	-808.279175	-285.181113	-184.202411	-823.756502	-305.991220	-241.779470	-825.201753	
11.050917	-385.119304	505.589499	17.919561	-359.356019	254.917284	177.380077	-370.265272	222.607489	224.247278	-140.268483	54.951137	272.710468	-85.580621	-160.841097	269.697940	-26.579511	-252.508784	-132.677999	-409.009906	247.921345	-293.892837	-214.137300	122.102930	-408.293745	-151.836636	-64.864076	-477.995750	-68.216880	-74.651267	-10.328999	-150.720268	130.076799	0.000000	0.000000	0.000000	74.039297	-212.024303	-111.151686	273.729672	-416.366814	-480.705901	270.553485	-286.181904	-857.626655	250.429920	-403.617486	-887.877816	246.217240	-464.145544	-880.581750	-140.175487	-188.895708	-99.029438	-375.642260	-230.571186	-503.751442	-221.606480	-66.814103	-835.103695	-259.770773	-182.119729	-849.408977	-277.365015	-240.767034	-850.505930	
32.557143	-376.298432	511.837610	44.284063	-354.441739	260.974602	204.060379	-359.596629	228.794694	240.037806	-131.481378	55.957293	267.399615	-38.786729	-150.355006	255.615546	43.153648	-221.348537	-106.871369	-402.801602	258.247746	-259.763382	-208.873630	121.091616	-366.364995	-117.406146	-58.339143	-418.639913	-21.476217	-61.686381	5.418939	-152.330417	128.488677	0.000000	0.000000	0.000000	86.622617	-204.178501	-116.612529	291.213478	-367.896131	-503.318545	284.171622	-255.320486	-885.816375	276.572016	-374.762812	-913.869601	278.980286	-435.256217	-905.540545	-127.126695	-196.539605	-101.727934	-343.022205	-220.653866	-518.607986	-204.760539	-58.028771	-857.391855	-237.724760	-175.035713	-870.781310	-252.573318	-234.441132	-871.666506	
45.136690	-366.237831	520.519378	63.324643	-345.842006	269.918713	223.541186	-347.903208	239.636681	255.266683	-122.860560	62.005014	267.887323	-6.498567	-133.459401	252.240311	88.776264	-184.164912	-88.899200	-390.792139	271.128634	-233.446925	-195.446262	127.108588	-333.256810	-85.745366	-45.892285	-369.241334	17.459808	-45.414364	18.051135	-150.769254	129.174493	0.000000	0.000000	0.000000	94.935030	-198.378403	-120.100664	298.198491	-325.658384	-520.957493	290.574554	-229.113717	-907.801721	293.092262	-349.188234	-934.011990	300.947707	-409.072445	-924.695431	-117.715038	-202.006316	-102.343555	-314.175216	-208.248823	-529.363199	-192.166852	-46.413986	-874.705296	-220.628491	-164.641944	-887.690936	-233.313217	-224.546124	-888.615024	
49.935732	-355.329631	531.409198	74.676516	-334.842674	281.377874	235.468454	-335.824450	254.256305	270.087389	-114.385744	72.679493	278.265791	13.836144	-115.464049	263.690318	115.568782	-151.949624	-78.754943	-375.235848	285.988237	-216.609026	-177.213304	139.089790	-312.794677	-58.470243	-29.948690	-335.965975	48.338766	-28.787269	26.706334	-146.797495	132.213948	0.000000	0.000000	0.000000	99.652306	-195.366057	-121.211971	296.831150	-292.331691	-533.426229	291.326385	-209.448197	-923.461455	300.518075	-329.490693	-948.291247	312.199698	-388.581997	-937.977056	-112.020046	-205.847308	-101.074134	-288.689584	-196.044137	-536.588909	-183.572957	-33.598301	-887.159250	-208.375633	-152.612023	-900.467255	-219.526357	-212.815672	-901.670979	
49.466291	-343.470202	543.960263	80.020514	-322.221733	294.636324	241.424196	-323.465797	271.443774	286.120314	-106.450119	86.754407	300.429796	24.859683	-98.876156	289.452133	129.375885	-128.014203	-74.442342	-357.981169	302.157349	-208.983777	-157.617450	155.362210	-306.327651	-36.600741	-11.385288	-321.116854	71.692666	-11.874872	32.015192	-141.119151	137.126488	0.000000	0.000000	0.000000	102.222050	-194.957940	-119.719982	290.094159	-267.993364	-541.113294	288.582425	-196.006916	-933.341696	301.052091	-315.935231	-957.277300	314.921094	-374.378876	-946.024910	-108.961606	-208.845201	-98.227469	-265.786329	-185.602591	-540.773663	-177.495921	-20.983640	-894.953172	-199.848221	-140.350716	-909.389855	-210.171850	-200.692257	-910.998604	
46.197439	-330.483252	557.354282	81.686690	-308.351539	308.761875	243.635729	-310.752756	289.858606	305.024211	-100.087427	102.628044	334.148997	27.458550	-83.891397	327.970249	132.956863	-110.819083	-73.463513	-340.268726	318.949343	-209.369740	-139.198876	174.394015	-313.011225	-20.266608	9.958130	-323.644629	88.467753	6.765672	35.160650	-134.264928	143.108067	0.000000	0.000000	0.000000	104.028329	-196.354416	-115.818263	280.427082	-251.189727	-544.862543	284.138011	-187.344508	-938.483516	297.172471	-307.282973	-962.064740	311.860707	-365.378226	-950.072142	-107.079133	-211.657903	-94.194357	-245.284462	-177.062104	-542.171772	-172.567945	-9.485429	-898.497586	-193.965048	-128.782277	-914.836737	-204.134472	-189.136715	-916.884090	
41.555547	-316.406094	570.731429	81.308835	-293.635796	322.842998	243.669630	-297.897238	308.303298	327.278915	-96.873699	119.087194	376.925895	21.187076	-69.334042	377.092620	126.635878	-97.149388	-74.170268	-322.918411	335.604413	-216.457765	-123.348278	195.169873	-330.589742	-8.999824	34.471630	-340.817635	99.670498	28.764312	36.927733	-126.708459	149.414089	0.000000	0.000000	0.000000	105.859980	-198.651469	-110.100311	269.128382	-240.136450	-545.789249	278.872696	-181.841280	-940.167462	290.636723	-301.902039	-963.794321	305.123893	-359.930610	-951.247133	-105.349071	-214.571137	-89.433693	-227.658526	-169.663723	-541.102895	-168.679823	0.687703	-898.649569	-190.229704	-118.198469	-917.576343	-200.597523	-178.504232	-920.023833	
36.095756	-301.522500	583.454438	79.653601	-278.567767	336.223212	242.257089	-285.257085	325.930043	351.812748	-97.986559	135.848436	424.484584	5.535244	-53.645026	433.295103	109.949974	-83.862737	-75.859616	-306.441228	351.480555	-228.993096	-110.730750	217.154921	-356.156476	-2.358681	62.201472	-368.976436	105.940486	54.896583	37.600579	-118.835055	155.588197	0.000000	0.000000	0.000000	107.904136	-201.154091	-103.366092	256.767302	-233.166811	-544.973802	273.016867	-178.053830	-939.595094	282.534138	-298.271935	-963.432782	296.175800	-356.404504	-950.427609	-103.487559	-217.502671	-84.383046	-213.513568	-162.731288	-538.118343	-166.812326	9.708321	-896.477513	-188.583443	-108.582200	-918.611491	-199.050300	-168.857759	-921.362639	
29.928510	-286.331002	595.174437	76.943911	-263.591256	348.557445	239.609953	-273.157055	342.324877	376.497094	-103.673968	153.271701	471.877494	-19.391438	-35.685347	491.769832	82.595675	-68.792672	-78.389790	-291.068947	366.178306	-245.401213	-101.366884	240.019113	-386.669354	-0.225848	92.576226	-403.951261	107.379318	84.276460	37.245904	-110.860091	161.449818	0.000000	0.000000	0.000000	109.838682	-203.590173	-96.318875	243.694534	-228.828138	-543.138840	266.603392	-174.972073	-937.603239	273.458222	-295.341366	-961.591804	285.898658	-353.643225	-948.147332	-101.873393	-220.177967	-79.253138	-203.246847	-156.237600	-533.803904	-167.987834	17.627848	-892.782076	-189.079094	-100.017899	-918.689198	-199.222998	-160.338833	-921.647759	
23.164936	-271.428643	605.717897	73.355967	-248.998048	359.699171	235.909338	-261.703427	357.340003	399.154328	-113.139037	171.642925	514.551919	-52.546672	-15.219840	547.122567	45.080384	-51.293128	-81.674258	-276.737440	379.453469	-263.751964	-94.754602	263.153057	-419.440124	-3.158322	124.239702	-442.226455	103.290486	114.449062	36.047446	-102.832056	166.941340	0.000000	0.000000	0.000000	111.160452	-206.026143	-89.372268	230.519470	-226.014666	-540.544419	259.794314	-171.964975	-934.561002	263.827372	-292.479015	-958.463037	274.844296	-350.952057	-944.529059	-101.043481	-222.390660	-73.960764	-196.838377	-150.791251	-528.579516	-172.332713	24.083614	-887.962283	-191.530236	-92.898970	-918.013439	-200.855352	-153.343429	-921.140197	
16.205087	-257.451079	614.994095	69.337306	-234.882810	369.606391	231.630141	-250.689019	370.944395	418.278090	-124.532729	190.803218	549.118523	-91.746131	7.196161	594.465096	-0.736325	-32.225593	-85.366145	-263.103779	391.158557	-282.169140	-90.239850	285.411343	-452.370675	-12.742865	155.214352	-481.966018	91.676417	142.285644	34.467871	-94.696424	172.011087	0.000000	0.000000	0.000000	111.654738	-208.560401	-82.623232	218.252349	-224.145904	-537.152073	253.032427	-168.613904	-930.514497	254.206279	-289.258418	-954.067200	263.631539	-347.873000	-939.571674	-101.165720	-224.139644	-68.297164	-193.792149	-147.148258	-522.691286	-178.942173	28.366077	-882.290946	-195.372237	-87.910769	-916.441936	-203.525121	-148.514888	-919.749231	
9.671955	-245.089677	622.947973	65.557688	-221.180464	378.300024	227.499476	-239.675703	383.134668	433.254354	-135.272735	210.020080	573.869060	-133.868033	30.768127	630.451164	-51.745031	-13.361787	-88.895051	-249.684391	401.233724	-299.266581	-87.429555	305.249261	-483.604409	-31.444893	183.549283	-522.246135	69.093670	164.968737	33.118653	-86.343745	176.610230	0.000000	0.000000	0.000000	111.604766	-211.123502	-75.908255	207.979555	-223.313184	-532.817149	246.987739	-164.764479	-925.344682	245.242277	-285.479751	-948.495990	252.874790	-344.221676	-933.470809	-101.886846	-225.615939	-62.081430	-193.194348	-145.968543	-516.284666	-186.496214	29.719191	-876.043855	-199.815866	-85.858704	-913.738401	-206.592447	-146.621061	-917.242821	
4.146102	-235.054265	629.526445	62.554574	-207.826295	385.816428	224.129212	-228.289224	393.909349	444.128844	-142.832894	228.074832	588.670392	-175.570180	55.038007	653.605522	-104.562841	3.710064	-91.800858	-236.112785	409.656565	-314.267402	-86.294584	321.005715	-510.776319	-61.973452	208.230141	-561.383531	30.990787	180.972433	32.422252	-77.687693	180.711596	0.000000	0.000000	0.000000	111.600249	-213.520185	-68.886393	200.386686	-224.235657	-527.367116	242.316169	-160.588966	-918.798426	237.414496	-281.220438	-941.933425	242.933450	-340.137024	-926.669019	-102.560507	-227.088806	-55.223199	-193.955014	-147.990983	-509.504967	-193.991089	27.563024	-869.391767	-204.089234	-87.481465	-909.632727	-209.292959	-148.387797	-913.321476	
-0.141805	-227.833059	634.686578	60.245099	-194.983684	392.154467	221.478881	-216.654542	403.318338	450.957201	-145.707764	243.599945	594.250123	-214.043012	80.188918	663.814452	-156.913326	18.624525	-94.219649	-222.419698	416.278803	-327.003365	-86.894617	331.187536	-530.238758	-106.110542	229.936732	-595.383427	-27.528869	190.853296	32.301740	-68.745627	184.320095	0.000000	0.000000	0.000000	112.044934	-215.620680	-61.192117	195.491173	-227.846862	-520.637077	239.322134	-156.578829	-910.543691	230.862465	-276.842905	-934.547704	233.898207	-336.035452	-919.659731	-102.744157	-228.696638	-47.739621	-195.285433	-153.944874	-502.524881	-200.934166	21.667855	-862.338695	-207.640927	-93.157941	-903.891046	-211.004606	-154.185066	-907.717619	
-3.583500	-223.389187	638.505978	57.609478	-183.178741	397.288185	218.496892	-205.651146	411.459351	453.236038	-144.215553	255.488485	591.554870	-247.040809	106.489831	661.327542	-207.472780	32.602644	-97.177422	-209.282188	420.819068	-337.963665	-89.171920	334.846175	-536.746304	-162.800350	251.240442	-616.416001	-110.003153	198.215752	32.062902	-59.739038	187.473941	0.000000	0.000000	0.000000	112.718666	-217.508364	-52.682386	192.837076	-234.626992	-512.563261	237.709483	-153.272610	-900.371699	225.555103	-272.796466	-926.401019	225.989530	-332.359912	-912.739682	-102.651325	-230.244698	-39.845574	-197.158881	-164.063031	-495.553436	-207.238112	12.347654	-854.879748	-210.316845	-102.592105	-896.544062	-211.570994	-163.694649	-900.439337	
-7.444808	-221.052358	641.345299	52.752185	-173.207277	401.273113	213.192853	-196.738481	418.468035	449.805441	-140.707250	263.294925	581.564663	-272.872572	132.613761	646.940087	-253.884418	47.415902	-102.498361	-197.992192	423.114647	-348.432483	-93.086029	331.972261	-525.161530	-225.364094	275.448289	-612.376543	-213.226959	210.697584	30.512399	-51.229500	190.230893	0.000000	0.000000	0.000000	112.625588	-219.535106	-43.710802	191.729870	-244.093755	-503.430076	236.603308	-151.068384	-888.605501	221.419158	-269.536234	-917.691866	219.682590	-329.516548	-906.117272	-103.327258	-231.149611	-32.107947	-200.531889	-177.542982	-488.899952	-213.259488	0.681333	-847.245904	-212.591884	-114.580055	-888.122652	-211.620269	-175.688357	-892.008323	
-13.547462	-219.658252	643.820303	43.732511	-165.635385	404.345839	203.518468	-191.110362	424.595884	439.577249	-138.284599	267.467272	565.482288	-290.941771	154.553853	624.005037	-291.379043	62.531747	-111.996657	-189.696662	423.413030	-360.216752	-99.115949	323.524348	-495.205031	-281.649920	303.899980	-573.709354	-318.911130	237.604460	26.423101	-44.022775	192.631970	0.000000	0.000000	0.000000	110.444129	-222.159511	-35.186164	191.351268	-254.721523	-494.093754	234.977943	-150.074748	-876.419817	218.170419	-267.391123	-909.063069	215.135385	-327.770951	-900.136143	-106.148821	-230.699666	-25.449503	-206.981607	-192.464962	-482.999723	-219.884474	-11.597956	-840.012834	-215.608998	-127.206355	-879.673395	-212.558835	-188.252394	-883.460824	
-23.302088	-217.748523	646.511387	29.640049	-160.131481	406.876475	188.503303	-188.575534	430.200134	422.385085	-138.378259	269.006911	544.710765	-301.523949	167.391738	598.176559	-314.697322	73.258629	-126.466179	-184.300023	422.394332	-374.605336	-108.401172	310.760317	-454.146264	-320.644749	334.244499	-507.655141	-399.017180	280.013654	19.154157	-38.665068	194.631425	0.000000	0.000000	0.000000	105.458114	-225.564575	-28.107446	191.044247	-264.360836	-485.679615	232.328158	-149.709347	-865.387566	215.547328	-266.041711	-901.393001	212.187169	-326.733322	-895.079305	-111.771424	-228.498143	-20.816647	-217.487591	-206.323792	-478.324829	-228.069656	-22.532505	-833.917999	-220.648008	-138.366380	-872.440387	-215.959590	-199.322178	-876.000779	
-36.890182	-213.903741	649.587918	11.105547	-155.467589	409.111078	168.859315	-187.290274	435.410430	399.271133	-139.395383	268.616595	520.617171	-303.898761	168.020823	572.862269	-320.563004	73.755644	-145.257930	-180.183433	420.672522	-391.167509	-122.379696	294.248485	-412.264209	-338.908814	362.039870	-434.570742	-440.333578	327.953829	9.128038	-35.000540	196.048214	0.000000	0.000000	0.000000	98.204828	-229.393326	-22.920160	190.913004	-271.242910	-478.832687	229.155857	-148.732537	-856.398768	213.865486	-264.427259	-895.027028	211.034028	-325.317120	-890.664377	-119.428358	-224.782353	-18.637228	-231.201756	-217.005994	-475.175925	-237.961802	-30.340041	-829.362095	-228.357339	-146.239979	-867.197270	-222.813084	-207.145964	-870.357833	
-53.318130	-207.325115	652.730106	-10.122297	-150.317019	411.003646	146.577556	-184.885719	439.999360	372.028737	-138.381223	266.181045	494.261444	-296.123139	156.261143	546.894487	-307.942358	61.481188	-166.711265	-175.209208	418.375957	-407.159649	-142.337139	273.808216	-376.671100	-339.651114	383.641023	-368.757361	-448.069900	372.276075	-2.277148	-32.296180	196.710529	0.000000	0.000000	0.000000	90.159879	-233.013286	-19.152668	192.077024	-275.372336	-473.048066	226.700937	-146.192979	-848.735877	213.992764	-261.630357	-889.033773	212.346103	-322.627481	-885.677521	-127.355410	-220.408468	-18.392715	-245.509690	-223.769334	-473.375811	-248.556863	-33.774724	-825.839259	-238.534058	-149.678994	-863.552459	-233.293380	-210.637213	-866.178829	
-71.185004	-198.149407	655.407570	-32.067473	-144.072357	412.317101	123.831410	-180.149307	443.695160	342.453524	-133.938461	261.287269	465.742460	-278.064693	135.060493	517.474689	-279.342710	39.064064	-188.924858	-168.191763	415.161755	-418.114345	-168.529940	250.031823	-350.397515	-328.257295	397.772152	-316.301028	-431.417520	409.680962	-13.354936	-29.814925	196.662088	0.000000	0.000000	0.000000	82.656577	-236.034493	-15.698041	195.971330	-279.170328	-466.809438	226.024417	-142.562881	-840.256449	216.487560	-257.992021	-881.443446	216.397166	-319.022457	-878.296589	-134.120881	-216.318536	-18.853801	-257.717501	-227.169467	-472.271357	-258.282858	-32.327691	-822.091428	-250.288829	-148.300319	-860.078097	-246.658459	-209.390175	-862.340149	
-89.290078	-187.172002	657.226436	-52.980275	-136.973956	412.871696	102.310691	-173.613922	446.529078	312.270018	-127.340746	254.228312	434.912976	-253.305304	109.323632	483.326271	-241.717244	12.292498	-210.086954	-159.477063	410.596059	-420.087902	-198.900168	225.822548	-334.320195	-309.790904	405.468720	-280.857656	-398.564436	440.216947	-22.595106	-27.262257	196.187389	0.000000	0.000000	0.000000	76.183951	-238.432198	-11.700972	203.400616	-285.942650	-458.647393	227.476951	-139.663693	-828.850378	221.059202	-255.108891	-870.592748	222.523612	-316.110877	-867.240401	-139.400537	-212.942594	-18.987552	-266.952868	-228.452177	-471.172472	-265.912755	-26.844093	-817.136080	-261.454179	-142.982053	-855.197048	-260.059711	-204.158945	-857.586667	
-106.645968	-175.587245	658.103173	-71.289492	-129.925360	412.721030	83.346582	-167.070984	448.755429	283.505358	-121.010281	246.224973	402.771831	-227.353913	83.829554	445.895849	-203.374100	-13.425054	-228.444790	-150.712363	404.709176	-412.618524	-229.602075	205.580376	-328.243900	-289.002354	408.750579	-264.540798	-358.273223	464.337303	-29.152597	-25.028302	195.619455	0.000000	0.000000	0.000000	70.665155	-240.301300	-7.248538	214.081589	-297.338296	-448.135069	230.916383	-139.341296	-813.895908	227.056026	-254.672504	-856.263546	229.767772	-315.616786	-852.648863	-143.560625	-210.208113	-18.452143	-274.185616	-229.550985	-469.610997	-270.699535	-20.083698	-810.857276	-268.665403	-136.654809	-847.783964	-268.725660	-197.833054	-850.519957	
-122.256404	-165.015303	658.163557	-85.558550	-124.370716	412.096961	68.189488	-162.771326	450.535545	258.435495	-116.623737	238.685204	371.678061	-204.565825	61.631422	408.702434	-169.966084	-34.935782	-242.439642	-144.241451	398.401940	-399.209276	-257.388591	192.448457	-330.450938	-271.491564	409.240983	-265.435140	-321.205789	481.683125	-32.999497	-23.976441	195.139500	0.000000	0.000000	0.000000	66.150960	-241.667653	-3.408212	226.946032	-312.406136	-436.240093	236.060982	-142.251800	-796.783950	234.149876	-257.305172	-840.030636	237.749064	-318.198295	-836.329483	-146.886922	-207.987185	-17.411148	-280.708555	-233.170625	-467.343267	-272.187168	-15.387563	-803.253439	-270.493670	-132.789829	-837.464283	-270.862690	-193.958454	-840.384928	
-135.068145	-157.177081	657.552349	-94.706094	-121.680482	411.263127	57.926256	-162.266115	451.843452	239.052483	-114.606711	232.468018	344.420549	-186.844351	43.828082	375.700548	-143.684048	-51.313503	-251.112296	-141.934552	393.348065	-385.105908	-280.230633	186.670210	-337.329341	-262.652825	408.782844	-276.759994	-297.500063	492.827156	-34.504761	-24.546746	194.807956	0.000000	0.000000	0.000000	63.097817	-242.502248	-1.464684	240.749876	-328.423607	-424.855392	242.511943	-147.577554	-780.269311	242.257692	-262.218496	-824.638178	246.570441	-323.076831	-821.132697	-149.329700	-206.348086	-16.083945	-287.016445	-241.213517	-464.200123	-271.256537	-15.031567	-794.247196	-268.430876	-133.320150	-825.172408	-268.439083	-194.489290	-828.105531	
-143.860518	-153.134381	656.444450	-98.107692	-122.197450	410.482929	53.414423	-165.280697	452.619293	226.701856	-114.282408	227.731877	323.330877	-174.298405	30.332171	349.906410	-124.814117	-63.146262	-254.144108	-143.934153	391.137911	-374.912587	-296.277588	186.193328	-344.996552	-264.642422	409.866860	-290.548868	-292.633174	500.411821	-33.889461	-26.121684	194.711127	0.000000	0.000000	0.000000	62.240780	-242.721902	-1.727264	254.410515	-342.031364	-415.745198	249.697615	-153.394677	-767.059078	251.074506	-267.557815	-812.623195	256.164574	-328.377539	-809.512326	-150.452407	-205.654250	-14.421783	-292.136264	-252.766400	-460.165517	-269.361796	-19.203705	-784.615067	-264.518027	-138.107953	-812.808322	-263.759944	-199.273660	-815.714963	
-147.235667	-152.978336	655.271528	-95.315156	-125.023844	410.179114	55.526158	-169.865557	452.919136	222.187089	-114.319833	224.134266	309.915520	-166.368497	20.417820	332.865801	-113.088920	-71.927957	-251.270401	-148.578555	392.368615	-370.734275	-303.783773	188.811367	-350.433602	-276.354422	414.113643	-300.877743	-306.928960	506.611409	-31.100256	-27.726014	194.954618	0.000000	0.000000	0.000000	64.393048	-242.147626	-2.980351	267.037447	-350.125752	-409.770712	257.056947	-157.398678	-758.746524	260.080567	-271.134955	-805.288157	266.205656	-331.876571	-802.537799	-149.355219	-206.599824	-12.129168	-293.686987	-264.723545	-455.718303	-266.742510	-25.843761	-775.949724	-259.537283	-145.030814	-802.389714	-257.790053	-206.177028	-805.280159	
-144.632422	-156.095572	654.494179	-86.486571	-128.606305	410.750697	64.456844	-173.599486	452.967872	225.112746	-113.443796	221.074182	304.146355	-162.143363	13.017045	324.139976	-107.539927	-79.242866	-242.622822	-153.532013	396.813088	-371.923830	-301.870389	194.148820	-351.457894	-295.788627	421.018297	-304.512485	-337.987174	510.247404	-26.292027	-28.822088	195.502628	0.000000	0.000000	0.000000	69.815851	-240.630392	-3.685284	277.781454	-350.775495	-407.195866	263.994583	-157.867313	-755.941918	268.604563	-271.327568	-803.024031	276.079973	-331.925169	-800.440623	-145.351449	-209.584522	-9.212492	-289.863248	-273.899720	-451.887590	-263.342034	-32.551511	-770.298309	-253.746995	-151.757968	-795.877553	-250.905732	-212.864882	-798.730491	
-137.634794	-161.349673	654.055555	-73.496727	-131.390354	412.112933	78.219217	-174.907390	453.090128	232.963341	-111.274153	218.124647	303.688004	-160.772541	7.284274	320.852192	-106.813640	-85.919797	-229.907913	-157.088232	403.792056	-377.148593	-291.120095	203.413735	-348.087724	-320.862566	427.459384	-302.452899	-381.400176	506.193639	-20.402540	-29.131237	196.159038	0.000000	0.000000	0.000000	77.199187	-238.362738	-3.782922	285.106135	-344.250328	-408.461739	269.419711	-154.677272	-758.952032	275.386463	-268.039750	-806.117200	284.332207	-328.437673	-803.530761	-139.221543	-213.804000	-6.541926	-281.335842	-277.726998	-450.049224	-259.855476	-37.394566	-769.606160	-248.133065	-156.465752	-794.927684	-244.217923	-217.520006	-797.632640	
-129.259171	-167.546721	653.453085	-59.391903	-132.649752	413.769437	93.355181	-173.784572	453.352839	242.221224	-108.362569	215.103867	304.975692	-161.675756	2.676674	319.069624	-109.597836	-92.098969	-215.923045	-158.913974	412.263077	-385.170486	-274.404020	217.806957	-342.791935	-348.980765	428.918230	-299.643006	-429.816597	488.501453	-14.924083	-28.586094	196.731716	0.000000	0.000000	0.000000	84.233065	-235.963865	-4.082287	287.254251	-332.364103	-413.584201	272.078174	-148.965295	-767.366644	278.969245	-262.395014	-814.243274	289.176645	-322.588894	-811.572901	-132.915633	-217.821302	-4.990030	-270.475500	-274.828796	-450.869807	-257.532644	-39.310032	-774.445322	-244.192739	-158.205965	-799.789869	-239.320796	-219.206625	-802.124518	
-121.975522	-173.838004	652.256951	-46.656422	-132.572833	415.251248	107.051814	-171.311513	453.509363	250.358635	-105.639503	211.943529	305.239505	-164.389336	-1.228417	316.151901	-114.668361	-97.674855	-202.931645	-159.720234	421.180013	-394.314230	-256.304154	237.223272	-338.517254	-377.076946	422.226602	-301.403640	-474.332435	455.548846	-10.928028	-27.323342	197.173208	0.000000	0.000000	0.000000	89.196591	-234.116115	-4.942958	283.532457	-317.132183	-421.529479	271.439015	-142.119718	-779.652138	278.763711	-255.734419	-826.012199	289.820636	-315.774081	-823.253870	-128.184251	-220.646811	-4.622521	-259.518375	-265.471006	-453.758899	-257.247763	-38.452778	-783.600206	-242.870232	-157.209671	-809.029106	-237.166469	-218.159780	-810.707855	
-116.731644	-179.711744	650.406209	-36.449115	-131.758440	416.306485	118.019021	-168.719262	453.239981	256.386943	-103.935800	208.574636	303.447349	-168.521075	-4.779042	311.650626	-121.054875	-102.619919	-191.980015	-160.460172	429.738778	-402.726892	-241.182449	259.840284	-337.288826	-402.673860	406.687094	-310.671633	-508.601645	410.840628	-8.642193	-25.596136	197.518129	0.000000	0.000000	0.000000	91.627559	-233.143579	-6.267543	274.593768	-300.333461	-430.780572	267.993505	-135.350101	-793.774209	275.362989	-249.193663	-839.562205	286.843664	-309.151183	-836.748858	-125.824109	-221.987766	-5.225948	-249.706001	-251.038057	-457.764018	-258.983865	-35.664023	-795.203888	-244.108290	-154.338506	-820.730860	-237.717952	-215.237943	-821.560955	
-113.318338	-184.968200	648.178983	-28.979944	-130.848864	416.866170	126.029251	-166.932145	452.373029	260.136812	-103.697963	204.945645	299.889609	-173.776953	-8.160858	306.299490	-128.364545	-107.104265	-183.272827	-161.910450	437.432179	-409.033117	-231.847011	282.716313	-340.430278	-424.559786	383.120688	-328.458581	-530.727700	360.066947	-7.866523	-23.763984	197.779301	0.000000	0.000000	0.000000	91.889458	-232.987820	-7.988954	261.812083	-283.504726	-440.165734	262.867918	-129.600810	-808.051481	270.036129	-243.660767	-853.330058	281.586003	-303.603728	-850.489824	-125.765492	-221.975795	-6.882792	-241.383719	-233.143867	-462.392448	-262.036461	-31.696882	-807.834622	-247.179048	-150.334190	-833.544313	-240.397594	-211.196896	-833.643787	
-111.149537	-189.519263	646.029912	-24.136711	-130.249748	416.981059	131.186485	-166.403426	451.013500	261.523275	-104.902990	201.146081	295.477832	-179.865685	-11.300181	300.866931	-136.835394	-111.362775	-176.748962	-164.466252	444.051494	-412.777002	-229.164271	302.981438	-349.308034	-442.160688	353.278736	-355.083076	-541.791257	308.704967	-8.412289	-22.137991	197.945456	0.000000	0.000000	0.000000	90.430735	-233.472711	-10.178185	246.595587	-267.936510	-449.071351	257.224325	-125.513674	-821.402143	264.020117	-239.751228	-866.288723	275.362489	-299.731266	-863.395498	-127.584878	-220.827683	-9.737493	-234.511988	-213.151474	-467.437193	-265.539468	-26.896942	-820.543783	-251.291180	-145.531782	-846.607221	-244.619209	-206.406508	-846.467511	
-109.792948	-193.118706	644.399322	-21.794140	-129.940773	416.776294	133.577713	-167.072352	449.508904	260.446678	-107.168473	197.478150	291.336508	-186.398281	-13.884542	296.013920	-146.990281	-115.463588	-172.340546	-168.030258	449.625154	-414.400661	-232.298539	318.964071	-365.491165	-454.856509	320.152759	-391.020343	-543.538830	261.585453	-10.115180	-20.767592	198.014270	0.000000	0.000000	0.000000	87.402106	-234.494848	-12.800701	230.115820	-254.539099	-457.135541	251.840814	-123.354315	-833.095686	258.040765	-237.739203	-877.692374	268.947327	-297.790831	-874.614392	-130.934105	-218.653852	-13.577126	-229.069603	-192.196870	-472.544226	-268.863118	-21.300998	-832.473103	-255.948463	-139.966403	-859.086546	-250.022886	-200.917739	-859.385163	
-109.033770	-195.452199	643.566023	-21.786689	-129.599899	416.412098	133.306858	-168.573939	448.312044	257.125373	-110.003551	194.457371	288.673612	-192.957884	-15.373558	292.668945	-159.283739	-119.023258	-169.923307	-172.170829	454.324298	-414.728120	-239.577036	330.538852	-390.145739	-462.105752	288.085598	-436.469354	-537.316954	223.713087	-12.711110	-19.494465	197.994077	0.000000	0.000000	0.000000	82.801218	-235.992691	-15.563677	213.500132	-243.637911	-463.962796	247.069680	-122.938929	-842.555314	252.296154	-237.484730	-886.862765	262.564820	-297.623143	-883.320052	-135.578368	-215.495960	-17.820854	-225.136058	-171.414747	-477.187389	-271.758640	-14.902080	-842.793515	-260.843625	-133.634420	-869.997111	-256.193299	-194.685025	-871.207537	
-108.706122	-196.405685	643.588955	-23.771548	-128.963301	416.025497	130.707798	-170.442929	447.745568	252.435735	-112.917797	192.643866	288.844469	-199.249716	-15.026390	292.417001	-173.888913	-121.032229	-169.262842	-176.310199	458.270392	-414.685292	-249.104213	338.835544	-423.179693	-463.548361	262.238192	-489.684321	-523.834243	199.874989	-15.864531	-18.212385	197.888571	0.000000	0.000000	0.000000	76.834371	-237.824619	-18.076234	197.985823	-235.013819	-469.204654	243.053934	-123.745392	-849.488306	246.817673	-238.494932	-893.415333	256.287602	-298.706014	-888.991411	-141.180351	-211.497739	-21.780729	-222.809845	-152.067148	-480.895069	-274.289810	-7.924839	-850.909295	-265.630495	-126.768495	-878.436441	-262.412888	-187.887766	-880.521792	
-108.427488	-196.256847	644.352515	-27.055422	-128.168228	415.682423	126.614825	-172.277552	447.782475	247.993781	-115.368057	192.376586	293.532564	-205.307091	-11.934258	297.791049	-190.826161	-119.940458	-169.945206	-179.954073	461.451548	-415.193549	-258.794256	345.549409	-462.309793	-459.181198	247.821549	-545.730132	-503.856519	193.126165	-19.206979	-17.131309	197.688824	0.000000	0.000000	0.000000	70.259839	-239.684446	-20.143022	184.777695	-228.069388	-472.860568	239.972789	-125.080437	-854.140296	241.911814	-240.058860	-897.584617	250.511400	-300.293020	-891.882143	-147.028782	-207.111271	-25.000879	-221.967098	-135.447026	-483.509147	-276.568010	-1.083212	-856.742084	-269.853941	-120.081800	-884.142803	-267.859235	-181.233334	-886.746266	
-107.440738	-195.628421	645.667326	-30.522653	-127.741965	415.401128	122.468008	-173.745804	448.082853	245.748922	-116.543806	193.655146	304.844126	-211.522730	-4.820273	312.050652	-210.379096	-113.631713	-171.259933	-182.789582	463.948575	-416.897237	-266.268284	352.192362	-502.755783	-450.071375	248.412135	-597.447678	-480.318467	202.970075	-22.319265	-16.757791	197.393738	0.000000	0.000000	0.000000	64.505268	-241.145895	-21.875734	174.820630	-221.899829	-475.376048	238.150591	-126.111461	-857.267863	238.343686	-241.300826	-900.193142	246.180441	-301.483739	-893.035818	-151.953806	-203.208450	-27.458185	-221.996534	-122.649739	-485.263446	-278.461660	4.499189	-860.739889	-272.955857	-114.676690	-887.634830	-271.730665	-175.839585	-890.439491	
-104.942110	-195.085241	647.338969	-32.889809	-128.192156	415.215584	119.962151	-174.408231	448.245015	247.155495	-115.298993	196.190138	324.612133	-218.159606	8.238295	338.244241	-233.122171	-98.922605	-172.285435	-184.507113	466.122971	-419.824012	-269.194148	359.593214	-538.662628	-438.750262	264.442232	-639.078121	-458.838363	226.237268	-24.830748	-17.560620	197.023652	0.000000	0.000000	0.000000	61.195079	-241.842584	-23.625129	168.619153	-215.408319	-477.457392	237.929908	-125.961142	-859.848128	237.031221	-241.309633	-902.334886	244.442080	-301.373978	-893.850862	-154.744479	-200.804561	-29.483211	-221.967027	-114.235150	-486.613622	-279.673268	7.833309	-863.584444	-274.475554	-111.498377	-889.842290	-273.451551	-172.662467	-892.701039	
-100.702635	-194.667912	649.231649	-33.296910	-129.550810	415.215162	120.222313	-173.697300	447.979874	252.487009	-110.690139	199.504810	352.915035	-225.006520	29.941524	377.341335	-259.159456	-70.706894	-172.343003	-184.664662	468.344477	-423.336415	-266.130787	367.540669	-565.974908	-427.852545	293.879723	-668.845049	-444.839057	261.083155	-26.581764	-19.678351	196.594591	0.000000	0.000000	0.000000	61.151179	-241.626747	-25.843155	165.985069	-207.612067	-479.776280	239.314943	-124.059886	-862.750452	238.335510	-239.509364	-904.960229	245.811310	-299.418982	-895.495821	-154.863173	-200.405077	-31.508540	-221.245909	-109.696813	-487.958635	-280.051352	8.842263	-865.884722	-274.379228	-110.584390	-891.607154	-273.035637	-171.740731	-894.499159	
-95.406695	-193.813934	651.286231	-31.801771	-131.340892	415.491793	123.124919	-171.183417	447.128555	260.777876	-102.839905	203.029113	386.765763	-231.616822	63.568403	425.792596	-286.873650	-21.969661	-171.513497	-182.827937	470.480835	-426.862261	-257.002284	375.134074	-583.539309	-417.366529	334.376089	-687.623461	-438.971883	308.957194	-27.625813	-22.882560	196.103197	0.000000	0.000000	0.000000	63.736709	-240.611282	-28.890537	165.869113	-198.166144	-482.729504	241.785202	-120.581423	-866.454420	241.580690	-236.093298	-908.504053	249.569375	-295.846109	-898.483700	-152.850055	-201.569149	-33.827862	-219.955446	-107.276914	-489.445232	-279.719474	8.730662	-868.005957	-273.168739	-110.730008	-893.359028	-271.204017	-171.866693	-896.310732	
-90.200582	-191.883976	653.464125	-29.215159	-133.065385	416.043325	127.500107	-166.998430	445.699094	270.521172	-93.272585	206.297372	419.780337	-237.147276	111.811888	473.390853	-311.547912	52.789612	-170.532116	-178.983882	471.856281	-430.520344	-242.519841	381.495154	-591.405596	-403.879603	383.631670	-695.479754	-435.393404	372.592093	-28.079548	-26.816968	195.539383	0.000000	0.000000	0.000000	67.361165	-239.108640	-32.868705	166.731538	-187.670446	-486.390553	244.606530	-116.410459	-870.948681	245.436206	-231.970241	-912.858763	254.152996	-291.604029	-902.736811	-149.918454	-203.284534	-36.571036	-218.549826	-104.778135	-491.068089	-278.940200	9.344082	-870.102179	-271.600701	-110.126704	-895.190125	-269.015072	-171.235677	-898.235608	
-85.808268	-188.809912	655.675495	-26.393379	-134.603906	416.763242	132.053691	-161.960409	443.906166	280.605102	-84.130086	209.217800	443.483658	-239.506121	174.080991	504.974211	-326.451527	150.573985	-170.058615	-173.765863	471.724301	-434.435135	-223.623101	385.613084	-588.621014	-383.013257	438.025818	-688.706842	-424.862977	451.361874	-28.011865	-31.253463	194.889244	0.000000	0.000000	0.000000	70.695159	-237.453749	-37.533077	167.367873	-177.355844	-490.572870	247.324599	-112.483809	-875.833813	248.847980	-228.094235	-917.584445	258.234562	-287.688672	-907.836615	-147.048823	-204.769181	-39.797127	-217.013264	-100.744617	-492.859169	-277.847111	11.959334	-872.246547	-270.191212	-107.535243	-897.125759	-267.213006	-168.619750	-900.300695	
-82.126747	-185.136560	657.758850	-23.674023	-136.118078	417.492431	136.164071	-157.109370	442.022823	290.444204	-76.924548	211.866909	450.650000	-235.725310	243.838028	508.892732	-326.920356	257.418124	-170.107499	-168.131617	469.707824	-437.796797	-201.391262	385.850411	-572.013107	-351.877480	491.989388	-659.640274	-399.255561	536.969597	-27.439159	-36.063887	194.138480	0.000000	0.000000	0.000000	73.393359	-235.813224	-42.383469	167.544220	-168.363422	-494.919176	249.898984	-109.190417	-880.592226	251.559923	-224.854088	-922.189857	261.404612	-284.495760	-913.213324	-144.477437	-205.847971	-43.479518	-214.769891	-94.930711	-494.852622	-276.313670	16.614242	-874.467961	-268.947660	-102.924695	-899.221269	-265.871921	-163.996263	-902.548493	
-78.553373	-181.560532	659.533848	-20.900141	-137.701226	418.080021	139.917096	-153.074745	440.262484	299.669402	-71.879951	214.230814	439.614265	-224.155613	309.799059	484.356078	-312.899338	354.697752	-170.084793	-162.835336	466.103903	-438.939303	-177.230713	380.629607	-537.742910	-309.827976	537.414221	-602.659212	-355.292906	612.681984	-26.415635	-40.960090	193.307388	0.000000	0.000000	0.000000	75.898485	-234.174941	-46.822398	167.911044	-161.260809	-498.950304	252.485517	-106.366062	-884.775625	253.919289	-222.062241	-926.291226	264.014373	-281.803601	-918.310985	-141.891103	-206.775263	-47.418253	-211.309631	-88.023474	-496.929574	-274.133474	22.348365	-876.678098	-267.529382	-97.236327	-901.425404	-264.565465	-158.305114	-904.901821	
-74.589131	-178.512891	660.927111	-17.856048	-139.109297	418.489080	143.568041	-149.839338	438.927287	308.274722	-68.201669	216.642087	415.969778	-206.699815	361.989154	441.511775	-289.503332	428.203617	-169.301954	-158.179230	462.015535	-436.449988	-152.899393	370.364670	-487.484143	-260.155053	564.831480	-523.863824	-298.291082	660.584205	-25.097149	-45.370827	192.496447	0.000000	0.000000	0.000000	78.712025	-232.518783	-50.301615	169.175523	-156.027606	-502.151016	255.165048	-103.697248	-888.019891	256.343469	-219.386431	-929.563012	266.561651	-279.239419	-922.646828	-138.983613	-207.848922	-51.185606	-206.745781	-81.097097	-498.760862	-271.310604	27.944841	-878.601564	-265.637626	-91.670671	-903.430753	-262.839180	-152.740140	-907.030146	
-70.238634	-175.966121	662.050170	-14.642774	-139.762456	418.850911	147.079405	-146.919986	438.479903	317.071156	-64.777781	220.399246	389.486688	-188.323543	397.594525	395.436687	-265.395392	474.521105	-167.550298	-154.043166	458.968578	-430.485044	-130.082594	358.534320	-432.786516	-211.567750	571.326412	-442.416164	-241.768719	675.928485	-23.713029	-48.531871	191.900002	0.000000	0.000000	0.000000	81.799437	-230.975045	-52.442357	171.318396	-152.325920	-504.109376	257.796258	-101.043464	-890.009807	258.918333	-216.688626	-931.676870	269.209812	-276.632792	-925.726457	-135.905631	-209.123017	-54.173873	-201.879727	-75.195913	-499.923013	-268.207583	32.557435	-879.827674	-263.329996	-87.074152	-904.748239	-260.632511	-148.143157	-908.431605	
-65.983819	-173.608681	663.121354	-11.662878	-139.057543	419.394174	150.096340	-143.839556	439.436086	327.764902	-60.856861	227.890667	369.087200	-174.263014	421.119141	358.806465	-248.645819	500.205651	-165.178446	-150.149405	458.175842	-423.266639	-109.766018	350.679345	-387.936363	-173.929585	566.457959	-377.807665	-199.617660	672.212177	-22.451087	-49.861868	191.710729	0.000000	0.000000	0.000000	84.570038	-229.808370	-53.168053	173.670409	-149.888395	-504.694738	260.058029	-98.521937	-890.604209	261.361272	-214.101743	-932.446969	271.717888	-274.102220	-927.221234	-133.259615	-210.385615	-55.833263	-197.842072	-71.148316	-500.156825	-265.397521	35.898745	-880.044845	-260.995224	-83.739859	-905.020157	-258.293572	-144.805725	-908.752176	
-62.267375	-171.266228	664.281961	-9.211893	-136.786074	420.266143	152.343140	-140.498585	442.101417	341.973104	-56.059044	241.816243	359.798838	-167.374833	439.797984	338.243536	-243.168002	515.189865	-162.562558	-146.393266	460.082624	-417.719684	-92.111671	351.712058	-360.277180	-152.505133	563.793623	-338.637603	-179.049150	667.589414	-21.316666	-49.307957	191.983296	0.000000	0.000000	0.000000	86.494320	-229.204461	-52.677014	175.583964	-148.587107	-504.081824	261.703752	-96.265273	-889.922804	263.405139	-211.768872	-931.961244	273.852547	-271.791816	-927.194384	-131.546745	-211.448294	-55.880750	-195.474911	-69.574851	-499.464409	-263.304147	37.910166	-879.179941	-258.984395	-81.723310	-904.194198	-256.167828	-142.782508	-907.950293	
-59.141890	-169.010161	665.528870	-7.265774	-133.181167	421.453807	153.821971	-137.114909	446.470900	359.579848	-50.358009	263.876689	361.694487	-167.659781	459.175317	333.990278	-248.404446	527.042445	-159.767295	-142.851867	464.393771	-415.061979	-76.417295	363.364559	-349.170049	-147.073426	569.741802	-323.099664	-179.980142	670.657140	-20.144801	-47.251095	192.626016	0.000000	0.000000	0.000000	87.479549	-229.155943	-51.241608	176.772190	-148.379921	-502.577939	262.718545	-94.347570	-888.221793	265.000268	-209.763232	-930.473721	275.581432	-269.782947	-925.968408	-130.833822	-212.287805	-54.350569	-194.922126	-70.609756	-497.973570	-261.939882	38.663484	-877.322616	-257.375820	-80.948399	-902.396679	-254.354687	-141.997293	-906.161297	
-56.378330	-167.050474	666.757348	-5.629977	-128.780360	422.815783	154.682026	-134.047162	452.191171	378.071748	-44.337205	293.279669	370.374698	-173.046154	481.110692	340.763759	-260.720294	538.813454	-156.757511	-139.649161	470.106525	-413.967433	-61.603577	383.228605	-348.639071	-153.130360	581.422084	-322.786414	-196.252548	678.471243	-18.765049	-44.289245	193.467301	0.000000	0.000000	0.000000	87.705744	-229.542089	-49.081075	177.242969	-149.258126	-500.456746	263.253615	-92.911698	-885.754945	266.194260	-208.226341	-928.241324	276.927628	-268.230325	-923.889109	-130.877788	-212.948031	-51.591919	-195.685062	-73.621388	-495.854736	-261.003196	38.494393	-874.670406	-256.052249	-81.083959	-899.830842	-252.802809	-142.121137	-903.595290	
-53.641338	-165.716274	667.831193	-4.097841	-124.309401	424.154364	155.147975	-131.633243	458.472317	393.769824	-38.698640	325.707552	379.146409	-180.068653	503.770481	350.096907	-274.597136	549.745077	-153.687019	-136.896613	475.717110	-412.164687	-47.348481	405.245432	-349.975330	-163.274171	591.308110	-325.754218	-217.177697	683.254670	-17.115424	-41.159161	194.309667	0.000000	0.000000	0.000000	87.580124	-230.130587	-46.480694	177.312829	-150.889110	-498.001741	263.545590	-91.910912	-882.856176	267.162487	-207.113691	-925.593095	278.059970	-267.096025	-921.351690	-131.212974	-213.527005	-48.238561	-196.966702	-77.602377	-493.415256	-260.221342	37.730104	-871.614924	-254.851127	-81.812380	-896.859670	-251.385759	-142.837933	-900.620000	
-50.710786	-165.360302	668.640386	-2.558886	-120.539748	425.288795	155.514651	-129.954478	464.208075	404.185774	-33.621998	354.269747	382.274881	-184.844383	523.259197	354.328774	-284.411239	557.880399	-150.998069	-134.575414	479.721190	-408.684940	-34.406574	421.759911	-345.654232	-170.237722	593.523210	-321.363826	-232.048037	680.332676	-15.278145	-38.639582	194.979030	0.000000	0.000000	0.000000	87.609177	-230.617058	-43.945703	177.474742	-152.479291	-495.632647	263.818731	-90.965836	-880.065039	268.190515	-206.051718	-923.045659	279.320241	-265.998527	-918.906287	-131.316049	-214.155434	-45.068070	-198.069763	-81.635714	-491.121668	-259.575675	36.471485	-868.753011	-253.687938	-83.037620	-894.040365	-249.975603	-144.048940	-897.795954	
-47.605230	-166.115346	669.156285	-1.013217	-118.057572	426.119006	156.123506	-128.659116	468.383035	409.256523	-29.059198	372.428662	377.314602	-184.520615	535.882609	349.366637	-286.656059	561.967733	-149.202354	-132.399730	481.149534	-404.261702	-23.870304	426.725986	-333.168762	-170.145229	586.335014	-305.465636	-235.057531	669.793700	-13.386096	-37.354856	195.368084	0.000000	0.000000	0.000000	88.104747	-230.771012	-42.108355	178.063684	-153.151853	-493.866123	264.213119	-89.641277	-878.017311	269.477771	-204.620080	-921.184022	280.952329	-264.508362	-917.140113	-130.870419	-214.889367	-42.814466	-198.582564	-84.898148	-489.467234	-259.198241	34.818133	-866.735668	-252.591544	-84.660066	-891.991429	-248.544618	-145.650293	-895.743977	
-44.539318	-167.731152	669.448716	0.462245	-116.995820	426.656068	157.226357	-127.127362	470.393418	410.316200	-25.439738	376.537844	364.955328	-178.106628	539.451759	334.665521	-280.532085	561.468218	-148.543184	-129.924847	479.800202	-399.820651	-16.680312	417.903998	-315.040346	-162.738316	570.890799	-281.086753	-225.539036	653.653383	-11.517664	-37.543104	195.451067	0.000000	0.000000	0.000000	89.032746	-230.533846	-41.450405	179.042934	-152.379519	-493.105686	264.785322	-87.764798	-877.163799	271.004766	-202.671393	-920.395725	282.899134	-262.482655	-916.425577	-129.886583	-215.652485	-41.965067	-198.381861	-86.644485	-488.783464	-259.176771	33.097356	-866.014944	-251.661948	-86.353498	-891.145853	-247.199433	-147.314801	-894.897181	
-41.795975	-169.669241	669.617970	1.759480	-117.027485	426.967497	158.791994	-124.957876	470.193520	408.435575	-23.854976	366.946263	347.711131	-166.568755	533.832604	312.416870	-267.217231	556.578388	-148.821672	-126.916126	476.177334	-395.239236	-13.476072	397.401904	-296.205982	-150.136223	550.509773	-255.449203	-206.272794	634.972739	-9.724655	-38.922736	195.278551	0.000000	0.000000	0.000000	90.101315	-230.008583	-42.055019	180.070081	-150.212622	-493.431415	265.523434	-85.515906	-877.540140	272.565727	-200.407043	-920.686860	284.848208	-260.142360	-916.755253	-128.629304	-216.285899	-42.573434	-197.590597	-86.451461	-489.080664	-259.472659	31.782519	-866.610869	-251.002286	-87.650757	-891.520452	-246.115536	-148.579571	-895.270957	
-39.614240	-171.321122	669.750064	2.777198	-117.529569	427.145614	160.455837	-122.249126	468.446498	404.156845	-25.412450	348.295814	329.233509	-152.679219	521.776057	287.271379	-249.558817	549.101765	-149.507472	-123.568845	471.496300	-389.931296	-14.127803	371.421961	-281.854918	-136.076908	530.712620	-236.672048	-183.068476	618.443591	-8.110358	-40.800386	194.968745	0.000000	0.000000	0.000000	90.968408	-229.389716	-43.542243	180.773435	-147.272003	-494.534664	266.346224	-83.292874	-878.736983	273.889158	-198.228583	-921.679895	286.420437	-257.912882	-917.758599	-127.460167	-216.647987	-44.216975	-196.456948	-84.478197	-490.033010	-259.941943	31.232309	-868.078581	-250.651268	-88.201290	-892.692412	-245.420709	-149.101597	-896.442196	
-38.180047	-172.131670	669.943353	3.395634	-117.683955	427.344108	161.702746	-119.389808	466.415055	398.791952	-30.003608	328.565406	314.176044	-140.336003	509.044331	266.135519	-232.149069	543.039039	-150.130311	-120.329503	467.554334	-384.661255	-17.090175	348.673272	-276.451482	-124.719941	517.883438	-231.478668	-163.428282	609.674138	-6.882531	-42.328948	194.689886	0.000000	0.000000	0.000000	91.359995	-228.915028	-45.189395	180.981973	-144.541984	-495.801774	267.110738	-81.561986	-880.044938	274.729228	-196.583187	-922.744921	287.311926	-256.257147	-918.830938	-126.723304	-216.684124	-46.117023	-195.259645	-81.505323	-491.101077	-260.402720	31.529425	-869.673718	-250.569862	-87.924219	-893.977702	-245.141860	-148.807215	-897.727982	
-37.587408	-171.652388	670.300543	3.540907	-116.706749	427.737308	162.190275	-116.661351	465.433020	395.278953	-35.650798	316.065460	307.529686	-133.048514	502.397106	256.618637	-220.393363	543.288592	-150.490566	-117.511505	466.048334	-382.055765	-19.702509	337.181004	-283.166585	-119.276736	516.712352	-244.089904	-153.966956	612.712477	-6.257954	-42.701366	194.629629	0.000000	0.000000	0.000000	91.168821	-228.795817	-46.168606	180.795585	-143.033020	-496.517594	267.657833	-80.680078	-880.697909	274.957888	-195.791247	-923.210666	287.404572	-255.495268	-919.320294	-126.624072	-216.472939	-47.364506	-194.306741	-78.804946	-491.715636	-260.681336	32.419273	-870.610484	-250.642261	-87.066028	-894.673353	-245.182463	-147.945975	-898.426982	
-37.786542	-169.645892	670.868261	3.230710	-114.091844	428.424830	161.828735	-114.143724	466.335969	396.513664	-39.688964	316.058949	312.877763	-132.782015	506.438705	264.377905	-218.615525	553.059983	-150.521945	-115.170759	467.833382	-384.454902	-19.678556	341.530411	-303.160562	-121.634697	528.404104	-276.238622	-158.639786	627.662630	-6.300490	-41.238521	194.943451	0.000000	0.000000	0.000000	90.473875	-229.149238	-45.781271	180.458689	-143.510052	-496.082380	267.847762	-80.810842	-880.086823	274.588993	-195.974326	-922.550152	286.783056	-255.733254	-918.703027	-127.168284	-216.196336	-47.169452	-193.950618	-77.786542	-491.426355	-260.653384	33.426357	-870.266891	-250.718203	-86.086284	-894.236930	-245.366927	-146.975434	-897.997548	
-38.646544	-166.269446	671.555019	2.515848	-109.812411	429.344893	160.632065	-111.900235	469.163151	402.777136	-40.764184	329.488040	331.035754	-140.007360	521.607007	292.054376	-228.641120	571.783496	-150.141330	-113.294394	472.677772	-391.333263	-16.437084	362.038977	-335.203062	-132.174772	550.134139	-327.720752	-177.641903	649.246082	-6.812466	-37.562866	195.667786	0.000000	0.000000	0.000000	89.376529	-229.998916	-43.625163	180.087181	-146.329923	-494.150970	267.536929	-82.039344	-877.878368	273.649463	-197.188854	-920.474539	285.545065	-257.011612	-916.685427	-128.288933	-215.981327	-45.073287	-194.505666	-79.350027	-489.964936	-260.277495	34.169221	-868.283804	-250.722314	-85.353496	-892.357866	-245.590416	-146.261053	-896.126176	
-40.045534	-162.218544	672.120958	1.394826	-104.424670	430.273798	158.583299	-110.211591	473.272473	411.297129	-39.587584	353.473976	359.836641	-153.931226	543.692485	339.730190	-248.787637	593.604037	-149.321032	-112.047245	479.474441	-399.312898	-11.240849	394.987950	-375.268366	-149.095606	574.831015	-394.776771	-206.311009	665.892764	-7.408070	-31.985850	196.634908	0.000000	0.000000	0.000000	87.875487	-231.280021	-39.727455	179.553486	-151.279413	-490.723545	266.595713	-84.404401	-874.101735	272.102648	-199.471311	-917.002628	283.679781	-259.360499	-913.277017	-129.954543	-215.778395	-41.098496	-196.057949	-83.419868	-487.296778	-259.595764	34.562029	-864.630764	-250.710359	-84.952011	-889.002588	-245.902369	-145.885778	-892.774360	
-41.822177	-158.602703	672.325867	-0.098791	-99.114895	430.938535	155.791996	-109.563408	477.623455	418.346412	-37.744903	382.171943	394.128815	-171.912393	564.705020	402.779365	-271.858469	607.473246	-148.219314	-111.784452	486.561098	-404.705355	-6.194008	433.069053	-415.696120	-168.099745	593.041980	-464.592134	-234.933156	664.378488	-7.760297	-25.825020	197.524953	0.000000	0.000000	0.000000	86.062907	-232.773692	-34.646850	178.765547	-157.544577	-486.254231	265.068841	-87.682073	-869.266536	270.037537	-202.623630	-912.567311	281.289113	-262.578341	-908.898550	-131.970086	-215.491727	-35.844069	-198.343324	-89.233657	-483.766874	-258.713024	34.630986	-859.733321	-250.755097	-84.856148	-884.553434	-246.352617	-145.820700	-888.322867	
-43.708651	-156.355175	672.179657	-1.742611	-95.387671	431.203933	152.810076	-110.176419	481.057224	421.781130	-35.792676	408.082291	426.373169	-189.047384	576.598282	466.201507	-286.797592	604.016735	-147.310166	-112.634611	492.086664	-406.176205	-2.425729	466.823928	-446.739305	-184.116192	598.234781	-517.057223	-255.303265	642.214473	-7.775328	-20.974670	198.098128	0.000000	0.000000	0.000000	84.342102	-234.124474	-29.376191	177.982762	-163.962717	-481.605315	263.294474	-91.298184	-864.318302	267.849226	-206.111629	-908.002779	278.810635	-266.121573	-904.358710	-133.830054	-215.183774	-30.381658	-200.847865	-95.926081	-480.123320	-257.785368	34.271332	-854.482070	-250.827252	-85.164713	-879.842622	-246.834499	-146.157927	-883.604631	
-45.280287	-155.690754	671.963026	-3.100920	-94.371882	431.113734	150.706937	-111.657894	482.445279	421.799739	-32.501644	423.736755	449.830288	-199.739176	575.893343	510.291082	-290.069639	584.729130	-147.326150	-114.183700	494.364442	-405.231552	0.845537	487.371042	-461.719777	-194.476052	590.250384	-540.220772	-268.375877	608.217908	-7.536433	-18.885358	198.317438	0.000000	0.000000	0.000000	83.446821	-234.940414	-25.108762	177.831061	-169.247140	-477.854203	261.864007	-94.426933	-860.434722	266.236085	-209.148806	-904.377676	277.022942	-269.186864	-900.676264	-134.788002	-215.160152	-25.997859	-202.925510	-102.741975	-477.330087	-256.972430	33.213011	-850.067115	-250.763808	-86.143896	-875.988607	-247.055829	-147.155887	-879.737586	
-46.054609	-156.205251	671.921650	-3.694234	-96.385014	430.727491	150.488548	-113.317520	481.042008	419.511538	-26.494259	423.665512	461.795813	-200.686312	564.288768	527.527453	-287.443948	557.533383	-148.643904	-115.775314	492.433944	-403.983263	4.995746	488.970901	-459.686135	-199.277064	573.205165	-534.433423	-279.006293	571.619212	-7.110731	-19.927151	198.231196	0.000000	0.000000	0.000000	84.047475	-234.949702	-22.923335	178.873383	-172.203216	-475.994357	261.366917	-96.338720	-858.704232	265.868174	-211.042831	-902.680499	276.654752	-271.067459	-898.766572	-134.219996	-215.764762	-23.835801	-203.962783	-108.766761	-476.239071	-256.371230	31.366045	-847.660490	-250.375118	-87.894371	-874.071502	-246.720021	-148.910677	-877.802135	
-45.822625	-157.292032	672.047056	-3.305402	-100.821145	430.074311	152.212425	-114.651182	477.122438	414.999315	-18.826609	406.663858	462.914767	-192.547897	546.058101	519.835964	-284.186905	530.075584	-150.718957	-116.900335	486.685089	-402.581395	9.987270	470.539558	-443.061009	-198.716737	552.573940	-503.825809	-288.700605	540.045373	-6.451742	-23.489892	197.863238	0.000000	0.000000	0.000000	86.150766	-234.142132	-23.373649	180.982132	-172.123721	-476.543765	262.033734	-96.892330	-859.686465	266.850316	-211.683760	-903.400704	277.744721	-271.657721	-899.034804	-132.136664	-216.979119	-24.444823	-203.699059	-112.621930	-477.180671	-255.990772	29.315475	-847.932703	-249.655260	-89.860806	-874.642575	-245.850273	-150.869239	-878.352036	
-44.808145	-158.403000	672.185683	-2.093100	-106.329047	429.263447	155.008761	-115.466208	471.996434	407.526173	-13.136855	377.300237	455.565051	-178.797322	526.144475	490.640597	-280.876358	510.564113	-152.476406	-117.330941	478.840625	-399.105646	13.688881	436.371178	-415.893044	-191.388366	534.284954	-453.866975	-293.072501	521.449857	-5.514615	-28.449190	197.239686	0.000000	0.000000	0.000000	89.069756	-232.746504	-26.200445	183.256806	-169.127376	-479.283034	263.630026	-96.554511	-863.080868	268.630839	-211.549944	-906.234649	279.557856	-271.459452	-901.128161	-129.214599	-218.369273	-27.496065	-202.339322	-112.928233	-479.730859	-255.792211	28.132593	-850.651810	-248.833782	-91.008829	-877.362176	-244.835491	-152.006048	-881.052710	
-43.432187	-159.067123	672.260912	-0.370061	-111.320558	428.512264	157.974212	-115.748543	467.217234	397.931337	-12.561129	344.838128	444.596524	-163.653837	508.847535	450.082101	-272.500191	504.904075	-153.131088	-117.137946	471.224130	-392.117042	13.232991	395.825440	-385.922083	-175.799221	522.924013	-397.191093	-284.504792	521.333242	-4.411951	-33.535362	196.466728	0.000000	0.000000	0.000000	91.982451	-231.097872	-30.394442	184.730445	-164.232898	-483.306476	265.695104	-95.988461	-867.773476	270.468112	-211.281461	-910.152115	281.191633	-271.137025	-904.074065	-126.285575	-219.481812	-31.894718	-200.250926	-109.407358	-482.887056	-255.666827	28.525003	-854.695421	-248.155864	-90.656435	-881.075566	-244.085863	-151.649446	-884.757231	
-42.072986	-158.806411	672.365822	1.566162	-114.520666	428.067066	160.634187	-115.516360	463.941329	389.781435	-16.933402	319.108154	437.260665	-151.575723	496.655048	418.174911	-258.155886	509.677102	-152.585392	-116.528761	465.847257	-382.976698	8.171246	360.179929	-364.590204	-154.148612	519.050325	-354.089976	-261.600390	536.088016	-3.381942	-37.607529	195.748556	0.000000	0.000000	0.000000	94.276201	-229.582181	-34.566461	185.069700	-159.216944	-487.344220	267.776793	-95.865614	-872.277460	271.777950	-211.487931	-913.830765	282.005787	-271.321346	-906.761195	-124.004601	-220.112658	-36.205830	-197.756441	-103.380465	-485.556037	-255.424448	30.454603	-858.517556	-247.698855	-88.830478	-884.361833	-243.785846	-149.833375	-888.049910	
-40.920591	-157.267926	672.620315	3.572482	-115.450573	428.040758	162.911138	-114.938713	462.703729	387.148378	-23.124134	306.206276	439.848152	-146.744552	490.180343	409.264769	-248.008552	516.702604	-151.093919	-115.800666	463.709491	-375.092259	1.547122	337.812429	-360.186228	-133.717847	520.587701	-338.941385	-235.019502	555.702563	-2.595748	-39.887587	195.308739	0.000000	0.000000	0.000000	95.640614	-228.562677	-37.453911	184.687448	-156.063438	-490.241883	269.522478	-96.715440	-875.350032	272.268268	-212.610300	-916.240724	281.772645	-272.468536	-908.412356	-122.707736	-220.328894	-39.186419	-195.208765	-97.263578	-487.047866	-254.790240	33.287337	-860.871656	-247.333654	-86.123468	-886.209393	-243.831635	-147.150315	-889.914364	
-40.005149	-154.432294	673.009797	5.633428	-114.439161	428.336231	164.882294	-114.451855	463.413135	391.423397	-27.753449	307.316290	453.778076	-151.175911	488.381255	423.940997	-251.059694	520.414826	-148.868744	-115.391737	464.698963	-371.132423	-2.576475	331.780178	-373.284628	-121.703234	526.021741	-352.073831	-218.188048	572.789304	-2.039276	-39.953375	195.301895	0.000000	0.000000	0.000000	96.047237	-228.249770	-38.311758	184.186414	-156.063379	-491.327250	270.653978	-98.751774	-876.380744	271.906894	-214.784942	-916.950939	280.619725	-274.711236	-908.732002	-122.404484	-220.327618	-40.130642	-193.162299	-93.450815	-487.206648	-253.569006	36.181103	-861.217764	-246.875481	-83.325799	-886.314354	-243.974109	-144.382778	-890.041859	
-39.555648	-150.653710	673.395421	7.461999	-112.220274	428.733008	166.339254	-114.615983	465.378186	400.260200	-29.453842	319.665762	474.410250	-163.949798	487.946300	454.014582	-267.410458	515.750611	-146.320659	-115.781887	467.877431	-371.234315	-1.851026	340.482628	-399.329102	-120.615801	532.917586	-386.156027	-217.101674	582.549920	-1.687348	-37.781125	195.737070	0.000000	0.000000	0.000000	95.462837	-228.706884	-37.024693	183.615796	-159.235402	-490.461783	270.828455	-101.960376	-875.352646	270.627619	-217.974044	-915.997390	278.626717	-277.996526	-907.754749	-123.109186	-220.161864	-38.864730	-192.403558	-93.098631	-486.116977	-251.892531	38.594200	-859.554762	-246.410530	-80.942543	-884.802661	-244.217049	-142.027341	-888.558080	
-40.052523	-146.570560	673.601339	8.430865	-109.601423	428.999359	166.779795	-115.788585	467.443161	409.156947	-29.090109	337.287867	493.121987	-181.430933	484.420042	485.562711	-289.246926	498.971339	-144.214471	-117.238293	471.838087	-373.412462	3.320097	359.011736	-430.838243	-128.396984	535.869001	-430.641418	-228.859024	578.924337	-1.662764	-33.918914	196.443385	0.000000	0.000000	0.000000	93.735045	-229.874452	-34.092490	182.504602	-164.493574	-488.017299	269.695536	-106.131984	-872.749828	268.254384	-222.001415	-913.779141	275.669105	-282.135730	-905.809756	-124.970186	-219.647953	-35.704548	-193.573432	-95.663426	-483.926345	-250.209711	40.452005	-856.220100	-246.335479	-79.037129	-881.985948	-244.908311	-140.142541	-885.775258	
-41.692582	-142.921645	673.529488	8.138865	-107.342343	428.992324	166.043789	-117.778608	468.333267	414.372061	-28.267222	352.038420	502.223195	-198.286063	475.656797	503.938079	-307.310775	473.696584	-143.251450	-119.543585	475.102833	-375.242658	10.591187	380.019446	-457.917417	-139.923121	529.805724	-471.060322	-244.596474	558.392005	-2.090766	-29.526971	197.147274	0.000000	0.000000	0.000000	90.935135	-231.495877	-30.516884	180.563760	-170.237373	-484.847745	267.251281	-110.739556	-869.519990	264.848254	-226.407418	-911.069691	271.801189	-286.656424	-903.563764	-127.887552	-218.605469	-31.527898	-196.631122	-99.534755	-481.058580	-248.988817	41.919676	-851.985844	-246.978740	-77.455984	-878.480245	-246.335806	-138.572235	-882.308759	
-43.978430	-140.194483	673.259738	6.878293	-106.010541	428.734614	164.772386	-119.676472	467.118053	414.635004	-27.688647	356.164811	499.582288	-210.047305	463.099418	502.959117	-318.168557	449.258787	-143.668901	-121.845953	476.472011	-375.491342	17.613172	395.198780	-472.183723	-150.076859	515.432882	-493.700101	-256.590789	527.190874	-2.906749	-25.933319	197.641784	0.000000	0.000000	0.000000	87.692855	-233.120008	-27.492633	178.143875	-174.940489	-482.065160	264.141652	-114.976675	-866.819857	261.047787	-230.463740	-908.824290	267.637096	-290.812917	-901.811239	-131.187516	-217.169585	-27.654876	-200.645219	-103.042798	-478.356607	-248.444607	43.104038	-848.078179	-248.256789	-76.126861	-875.290295	-248.337125	-137.244388	-879.151434	
-45.869798	-138.460217	673.006303	5.533585	-105.807847	428.386190	164.093099	-120.251064	463.612095	410.250016	-27.117470	345.558651	487.856114	-214.486095	449.366277	485.541964	-322.280831	432.992185	-145.119841	-122.961801	475.326197	-374.286219	23.018442	398.070972	-471.355968	-157.242624	498.116031	-493.380348	-264.298921	497.569979	-3.801416	-24.047001	197.864984	0.000000	0.000000	0.000000	85.124731	-234.235931	-26.040902	176.101987	-177.475877	-480.687865	261.499148	-117.947473	-865.643898	257.978308	-233.340892	-907.871485	264.305371	-293.752856	-901.164181	-133.759521	-215.869208	-25.425589	-204.086442	-105.029822	-476.812454	-248.504906	43.910291	-845.840315	-249.673028	-75.207076	-873.521181	-250.280853	-136.322286	-877.371973	
-46.387014	-137.541271	672.968021	5.025528	-106.493886	428.140949	164.773643	-118.831248	458.454640	401.543407	-26.958427	321.695095	470.484762	-210.976418	436.978224	457.357574	-318.918215	428.646571	-146.759357	-122.124302	471.857261	-371.800421	25.675531	386.373002	-457.350182	-162.098309	483.057154	-472.322072	-270.288751	478.922760	-4.423999	-24.118336	197.843360	0.000000	0.000000	0.000000	84.262560	-234.478873	-26.651440	175.235703	-177.277554	-481.243919	260.332961	-119.001470	-866.457896	256.645129	-234.426414	-908.584950	262.821024	-294.847413	-901.818391	-134.633818	-215.297044	-25.661315	-205.537886	-104.831818	-477.049611	-248.970946	44.254800	-846.135603	-250.641286	-74.853232	-873.830883	-251.448352	-135.973091	-877.569669	
-45.166589	-137.160180	673.212087	5.776620	-107.496286	428.115519	166.745496	-115.801300	452.826614	389.470283	-28.815294	291.485937	450.810254	-200.369769	428.278485	425.444535	-306.107394	436.603526	-147.626205	-119.514922	467.066805	-367.471709	24.107845	362.969328	-433.035740	-163.847912	473.872858	-435.290298	-273.107000	475.819891	-4.618169	-25.755942	197.632398	0.000000	0.000000	0.000000	85.390355	-233.787913	-29.026181	175.733987	-174.511062	-483.478278	260.972573	-118.099274	-868.938454	257.278555	-233.682353	-910.629132	263.369246	-294.056210	-903.381654	-133.566545	-215.638252	-28.243717	-204.425191	-102.186379	-478.897765	-249.629855	44.341349	-848.794890	-250.836807	-74.893814	-875.962171	-251.478889	-136.032228	-879.418900	
-42.512141	-136.916678	673.669897	7.609133	-108.131323	428.299268	169.411964	-112.267486	448.131732	377.727131	-33.779929	264.697262	434.079353	-186.304763	424.279008	399.297452	-285.888846	451.962957	-147.171577	-116.144679	462.545359	-361.084625	17.644331	335.511747	-403.709922	-159.805658	471.967554	-390.999662	-267.250775	487.472983	-4.396269	-27.989601	197.333515	0.000000	0.000000	0.000000	87.870236	-232.454502	-32.164364	177.125145	-170.190509	-486.432107	262.989912	-115.909467	-872.059212	259.212383	-231.747101	-913.029684	265.165697	-292.028222	-904.944544	-131.173338	-216.567223	-32.090166	-201.263468	-97.567750	-481.431736	-250.228039	44.531008	-852.576092	-250.291359	-74.923274	-878.790825	-250.497575	-136.091056	-881.744960	
-39.120185	-136.230868	674.212512	9.983507	-107.860320	428.587953	172.148528	-109.367791	445.641514	372.350075	-40.951921	249.574384	427.219117	-175.437045	425.098944	388.217157	-267.819358	467.965324	-145.515762	-113.246961	459.973276	-354.565792	8.304464	313.962434	-379.081745	-150.169562	475.859170	-353.935981	-251.956244	506.739329	-3.827809	-29.432381	197.135344	0.000000	0.000000	0.000000	90.496597	-231.074093	-34.726786	178.638373	-166.106830	-488.833280	265.521063	-113.588397	-874.476464	261.281826	-229.718912	-914.563106	266.893898	-289.880824	-905.415750	-128.644146	-217.539717	-35.563193	-197.373689	-92.523997	-483.479107	-250.468237	45.024414	-855.768139	-249.287818	-74.650142	-880.930596	-248.978233	-135.847283	-883.184711	
-35.885369	-134.576067	674.709284	12.203539	-106.445158	428.856496	174.357983	-107.841038	446.019779	377.859961	-48.291060	250.457883	435.470854	-174.123683	431.435417	397.511137	-263.159393	481.683536	-143.278500	-111.690481	460.350923	-352.065872	0.168704	306.431509	-369.352558	-141.350090	484.193156	-338.056456	-237.344317	526.051067	-3.051048	-28.738711	197.251207	0.000000	0.000000	0.000000	92.045133	-230.349120	-35.465426	179.621270	-164.425047	-489.543462	267.618587	-112.357233	-874.994974	262.374608	-228.730738	-914.249458	267.367296	-288.773817	-904.025622	-127.221802	-218.123945	-37.069436	-194.396263	-89.501071	-484.199277	-250.177687	45.640353	-856.976620	-248.218188	-74.178405	-881.393160	-247.552939	-135.394219	-882.957970	
-33.798839	-132.008019	674.948155	13.507938	-104.068262	428.921889	175.285771	-108.102216	448.978071	393.727904	-54.528218	268.377485	459.103022	-185.108894	443.250332	427.394583	-277.497364	491.748957	-141.202198	-111.923689	463.521645	-357.228701	-4.197797	316.812708	-379.392750	-141.489389	497.326906	-349.161115	-236.467176	542.178780	-2.483348	-25.279876	197.732197	0.000000	0.000000	0.000000	91.774302	-230.742978	-33.555558	179.757084	-166.930703	-487.856614	268.457257	-112.990235	-872.889286	261.861435	-229.457251	-911.659583	266.054531	-289.423148	-900.653482	-127.670953	-218.115891	-35.541117	-193.838698	-91.088958	-483.276903	-249.521053	45.753401	-855.448051	-247.484329	-74.089455	-879.739685	-246.807594	-135.312308	-880.993200	
-33.658991	-129.449371	674.639184	13.159936	-101.379931	428.534371	174.072445	-110.562160	453.302127	413.970805	-60.403534	301.194931	492.177607	-206.867458	457.200529	472.616050	-307.868770	493.384111	-139.940738	-114.318731	468.369632	-369.860250	-6.121330	344.975263	-407.416317	-155.146610	513.220945	-385.031496	-255.134362	551.270800	-2.707579	-19.617594	198.371066	0.000000	0.000000	0.000000	89.510494	-232.273787	-28.767683	179.002652	-174.470713	-483.577956	267.489958	-115.672423	-867.947844	259.661449	-232.010381	-906.875990	263.079413	-291.994867	-895.704419	-130.140118	-217.385390	-30.736413	-196.603990	-98.761632	-480.727863	-248.906057	44.630511	-850.918228	-247.406766	-75.101964	-875.786450	-247.075790	-136.322302	-877.278946	
-35.462602	-128.278459	673.657832	10.859220	-99.299007	427.564425	170.390948	-115.408323	457.241158	430.400585	-67.774953	341.786576	524.274806	-233.154962	467.256950	522.032870	-341.276523	481.323680	-139.781914	-119.084728	473.497538	-385.449517	-10.229659	386.354940	-444.924053	-180.966339	525.053778	-435.847464	-287.837574	546.091291	-4.082619	-13.354732	198.867404	0.000000	0.000000	0.000000	85.690665	-234.496177	-21.435320	177.847237	-186.786115	-476.883827	264.804065	-120.003637	-860.297525	256.332168	-235.985473	-900.142816	259.260926	-296.114858	-889.630708	-134.050132	-215.921158	-23.370939	-202.384288	-112.188891	-476.748714	-248.598013	41.732849	-843.504912	-247.951502	-77.773524	-869.473172	-248.160110	-138.976617	-871.571968	
-38.167071	-129.440401	672.278067	7.018124	-98.638404	426.194708	165.038165	-121.874171	459.063485	438.279966	-77.122398	378.193791	546.619098	-255.411213	469.744118	561.861503	-362.938188	459.804803	-140.563468	-125.743001	477.954648	-398.468142	-20.483929	431.034110	-478.172613	-211.100856	527.148554	-483.517100	-320.253390	525.255650	-6.599282	-8.410578	199.070271	0.000000	0.000000	0.000000	81.349854	-236.685437	-12.370343	177.627426	-202.815902	-468.205741	261.293745	-125.275728	-850.324729	253.002688	-240.725557	-891.722821	255.920501	-301.094101	-882.681234	-138.152639	-214.070362	-15.010458	-209.609012	-129.589898	-471.889419	-248.378873	37.002794	-833.941200	-248.513697	-82.225188	-861.166410	-249.211069	-143.400159	-863.887354	
-40.342295	-132.742508	671.043040	2.402335	-99.807926	424.799879	159.626130	-127.899835	457.695374	438.946083	-86.305505	398.924757	557.984315	-268.870721	465.299247	585.437525	-371.112431	439.105258	-142.241477	-132.730979	481.265065	-407.086473	-35.574220	466.652660	-496.978799	-237.525780	521.974798	-511.660027	-343.587095	500.023005	-10.085524	-6.139893	199.007148	0.000000	0.000000	0.000000	77.726149	-238.203866	-2.895495	180.147039	-221.260283	-458.335175	258.327761	-130.952111	-838.808120	250.866168	-245.765892	-882.090068	254.172211	-306.379335	-875.039847	-141.122241	-212.515570	-7.696176	-216.406907	-148.604816	-467.292718	-247.637060	31.102927	-823.758038	-248.194484	-87.893010	-851.975020	-249.175893	-149.043638	-855.122174	
-41.080748	-137.122159	670.399003	-2.370599	-102.713411	423.690578	155.428112	-131.268847	453.266659	435.911807	-92.445390	398.263515	561.666694	-273.789019	454.884428	594.762498	-372.736240	423.146652	-145.324978	-138.007037	482.956778	-413.717919	-49.921903	484.394857	-501.164552	-258.102470	515.046767	-517.061437	-360.996711	481.782876	-14.258451	-7.003651	198.723190	0.000000	0.000000	0.000000	75.775681	-238.792826	5.181941	186.988641	-240.868573	-448.502745	257.159345	-136.883730	-827.040296	250.662725	-251.030851	-872.200404	254.436691	-311.817844	-867.168133	-142.144556	-211.945948	-3.380150	-221.827820	-167.346409	-464.512241	-245.873413	25.049302	-814.859810	-246.413353	-93.836586	-843.537254	-247.450009	-154.975475	-846.888170	
-40.357498	-141.553514	670.429362	-6.966338	-106.837892	422.987772	152.434879	-131.431998	447.008029	429.827144	-94.790877	376.903326	558.897809	-272.214218	438.282908	591.899446	-372.277920	410.152520	-150.228710	-140.463788	482.479525	-420.754548	-59.163548	481.111295	-494.092351	-273.062536	509.296246	-502.983222	-376.374540	474.741874	-18.556269	-10.658372	198.205260	0.000000	0.000000	0.000000	75.937663	-238.583572	10.107947	198.973205	-260.341112	-439.993476	258.500712	-143.150138	-816.490760	252.597242	-256.673597	-863.275159	256.671635	-317.551066	-859.817102	-141.056190	-212.674791	-3.189029	-226.303847	-184.866768	-464.644224	-243.031359	19.567776	-808.540178	-243.240325	-99.330872	-837.169006	-244.153817	-160.468945	-840.570254	
-38.621494	-145.478602	670.889616	-11.048450	-111.428184	422.640184	149.992741	-129.776544	440.519307	418.465798	-94.657204	341.057960	548.665003	-265.958361	415.956638	577.477176	-369.564925	397.826284	-156.235021	-140.621038	479.760352	-427.202578	-63.631454	458.664926	-476.243222	-280.971662	506.454578	-470.893682	-387.015505	480.521817	-22.199765	-16.132802	197.459272	0.000000	0.000000	0.000000	78.286177	-237.781612	11.045329	216.099527	-277.924432	-433.475155	262.472026	-149.325726	-808.094184	256.718884	-262.392151	-855.990858	260.989102	-323.300993	-853.440695	-138.059300	-214.548420	-6.796365	-230.844996	-200.713596	-467.427192	-239.478071	14.810148	-804.788579	-239.168927	-104.179695	-833.035056	-239.805610	-165.323338	-836.399067	
-36.451468	-148.600000	671.457123	-14.227754	-115.816689	422.501614	147.883408	-128.259866	434.980768	401.107588	-93.501570	301.290510	532.179494	-256.968811	390.757532	555.255008	-363.397464	384.958082	-161.843626	-140.035283	475.577889	-429.803519	-66.942727	424.091933	-448.739721	-278.354366	506.990311	-425.896290	-384.818148	497.500145	-24.597544	-22.187163	196.585736	0.000000	0.000000	0.000000	82.285808	-236.530967	8.542107	237.166729	-291.599341	-428.701303	268.462925	-154.371913	-801.818757	262.740362	-267.304498	-850.033798	267.334655	-328.200649	-847.758666	-133.766118	-216.999267	-12.471127	-236.032151	-214.268125	-471.290858	-235.874087	10.738708	-802.515283	-234.838481	-108.386625	-830.167125	-235.031114	-169.538610	-833.432796	
-34.562299	-150.638039	671.919242	-16.350146	-119.558501	422.420015	146.268401	-127.957786	431.094729	381.853949	-92.098862	268.560740	514.736478	-248.468293	367.538342	532.942382	-355.909330	371.797440	-165.947138	-139.987762	471.383900	-427.208749	-71.547425	388.594280	-419.433468	-265.173735	508.485894	-382.561850	-367.674844	517.454103	-25.572838	-27.581277	195.776822	0.000000	0.000000	0.000000	86.509926	-235.134625	4.308228	258.971546	-300.341809	-424.885713	275.059110	-157.604243	-796.900001	269.461802	-270.784276	-844.546165	274.576434	-331.631919	-842.090578	-129.469217	-219.213608	-17.908132	-241.685751	-224.941774	-474.368409	-232.955352	7.497605	-800.303118	-231.016212	-111.780488	-827.238564	-230.648800	-172.937275	-830.397586	
-33.497675	-151.470276	672.195905	-17.387386	-122.404197	422.309719	145.404532	-128.893067	429.185510	367.616614	-90.650305	249.288340	502.760944	-243.475776	350.708835	518.041476	-351.070822	359.818317	-168.102117	-140.876632	468.547319	-422.270051	-77.163033	363.024485	-398.718274	-250.029622	509.612540	-355.383021	-347.594508	533.055474	-25.327059	-31.370014	195.237607	0.000000	0.000000	0.000000	89.556705	-234.030352	0.459038	276.986520	-305.051835	-421.475127	280.762487	-159.142017	-792.586324	275.337612	-272.800186	-839.100816	281.015596	-333.580688	-836.251948	-126.422100	-220.686957	-21.267462	-246.273382	-233.171378	-475.647432	-231.099661	4.996303	-797.180685	-228.179606	-114.401623	-823.489436	-227.283471	-175.554810	-826.612193	
-33.205140	-151.259300	672.243533	-17.130965	-124.292669	422.119751	145.657276	-130.650058	429.202317	363.408306	-89.151053	244.632462	499.829946	-242.829059	343.008973	514.162963	-350.625384	351.236256	-168.064010	-142.538387	467.731007	-419.479778	-82.748660	353.664667	-391.833740	-243.243219	513.047209	-349.584948	-339.194466	543.947372	-24.184487	-33.036209	195.107612	0.000000	0.000000	0.000000	91.051778	-233.449971	-1.226639	287.160842	-308.172799	-418.551644	284.679339	-159.583655	-788.609155	279.432972	-273.644812	-834.147430	285.543494	-334.365699	-830.944233	-124.946447	-221.495030	-21.585242	-246.854221	-240.262051	-475.201424	-229.971900	2.789604	-792.972725	-226.079391	-116.623414	-819.086351	-224.841390	-177.766992	-822.279650	
-33.105922	-150.333245	672.039247	-15.295779	-125.162391	421.845899	147.342768	-132.774807	430.865034	369.814424	-87.674724	252.887353	505.357040	-245.500806	345.757470	520.023870	-353.519849	348.910509	-165.636826	-144.595963	468.898875	-420.864619	-88.360120	361.697505	-398.422997	-249.922541	520.818715	-363.623224	-348.977965	551.206560	-22.286786	-32.412266	195.437983	0.000000	0.000000	0.000000	91.570674	-233.250002	0.261332	287.350261	-312.052678	-416.467498	286.364513	-159.438048	-784.890158	281.512260	-273.563703	-830.310387	287.926264	-334.245894	-826.970133	-124.466044	-222.033928	-18.620530	-240.796461	-247.057267	-473.397853	-228.826481	0.595224	-787.822220	-224.023701	-118.671853	-814.446259	-222.742005	-179.804712	-817.822317	
-32.804255	-148.988975	671.607194	-12.128830	-124.784512	421.538893	150.155577	-134.865721	433.897341	383.320661	-86.586040	271.088171	515.235610	-250.326670	358.798968	530.378618	-358.264712	355.160355	-161.163928	-146.576894	471.615917	-424.912373	-95.133411	384.517375	-415.504031	-269.448148	530.980535	-393.823797	-374.298759	552.951860	-19.640722	-29.576933	196.170100	0.000000	0.000000	0.000000	91.739552	-233.132255	4.901678	277.669995	-317.433583	-415.247798	285.556208	-158.866575	-781.064371	281.398747	-272.653875	-827.393327	288.057796	-333.316038	-824.170878	-124.313679	-222.532599	-12.764673	-228.346355	-252.745912	-470.198499	-227.416815	-1.200050	-781.745501	-221.847257	-120.169814	-809.525300	-220.884574	-181.291712	-813.193241	
-32.514624	-147.382123	671.043867	-8.551707	-122.876481	421.298523	153.058777	-136.618251	438.145058	398.559568	-86.385234	295.282482	523.882372	-256.723758	380.045172	538.780223	-364.285227	369.957772	-155.662828	-148.036185	475.329850	-428.442953	-104.231996	416.439901	-439.257007	-296.341410	538.516234	-435.561244	-405.346481	545.633688	-16.386763	-24.947191	197.110052	0.000000	0.000000	0.000000	91.748721	-232.891576	11.597666	260.396463	-323.346853	-414.522280	282.331671	-157.784621	-776.648566	278.801570	-270.961136	-824.500645	285.605868	-331.621290	-821.555769	-124.261552	-222.870220	-5.051453	-213.303404	-255.244982	-465.491210	-226.430855	-1.665912	-775.108788	-220.368354	-120.271933	-804.304676	-220.055157	-181.377808	-808.334682	
-32.787576	-145.556255	670.526464	-5.602984	-119.424984	421.276311	154.891744	-137.892164	443.434741	411.023537	-87.272809	320.805645	526.753241	-264.206777	405.698154	540.053031	-371.448912	391.021260	-150.326532	-148.756958	479.489769	-429.261305	-115.763645	449.445407	-465.903788	-322.146672	538.826480	-483.107237	-429.549026	528.093442	-12.922583	-19.422369	197.987473	0.000000	0.000000	0.000000	91.411782	-232.578529	18.491462	239.573222	-328.194735	-414.068540	277.090428	-156.154698	-771.870354	273.650019	-268.660736	-821.284538	280.396370	-329.341881	-818.655776	-124.523837	-222.760752	3.007757	-201.118596	-252.925236	-459.814772	-226.897555	0.065358	-769.118707	-220.842321	-118.241427	-799.505886	-221.321583	-179.323952	-803.860483	
-33.971945	-143.484614	670.269068	-3.824064	-114.899762	421.629779	155.112242	-138.625388	449.323390	418.546029	-88.807866	342.906455	521.692211	-271.645687	431.432880	531.299426	-379.055680	415.185850	-146.055411	-148.727037	483.436220	-427.692342	-128.460667	475.328002	-492.888230	-339.732217	530.459030	-531.161010	-438.452604	503.331517	-9.704629	-14.194962	198.614159	0.000000	0.000000	0.000000	90.350119	-232.534496	23.566589	220.092177	-330.810461	-414.281853	270.408051	-154.067713	-768.199594	266.320636	-266.039500	-818.764586	272.715035	-326.769341	-816.393262	-125.529860	-222.001017	9.766674	-196.417244	-245.540343	-454.347779	-229.428420	4.387143	-765.449424	-224.134351	-113.803295	-796.425789	-225.263146	-174.865962	-800.936158	
-36.025709	-141.042118	670.429356	-3.161354	-110.209826	422.403574	154.071937	-138.591566	455.003567	421.226479	-90.196047	357.586760	508.679167	-277.334543	453.695772	511.853312	-385.423564	439.558605	-143.517021	-147.802802	486.287310	-425.880281	-139.846712	488.163454	-519.559705	-345.935021	514.189910	-576.356917	-430.786691	475.193846	-6.997061	-10.346417	198.965459	0.000000	0.000000	0.000000	88.084006	-233.221689	25.291733	206.342780	-330.930334	-415.922851	262.883225	-151.741759	-767.664355	257.468283	-263.445548	-818.695213	263.140747	-324.252350	-816.463389	-127.772123	-220.495383	13.916025	-201.631398	-233.658872	-450.145261	-234.000491	11.316163	-765.228096	-230.361549	-106.975040	-796.058132	-231.809688	-168.038296	-800.468196	
-38.628596	-138.039013	671.056882	-3.257639	-106.360687	423.482926	152.723457	-137.343023	459.546525	420.354283	-90.974602	362.451622	488.947523	-279.511915	470.407079	482.767421	-388.077885	462.136192	-143.318732	-145.496553	487.086002	-425.792780	-146.773864	485.470236	-545.973555	-340.302521	490.840718	-616.760047	-409.724497	444.837629	-4.800479	-8.538093	199.116341	0.000000	0.000000	0.000000	84.236704	-234.864978	23.096313	200.924035	-329.011747	-419.309471	254.972833	-149.445894	-771.250212	247.680406	-261.200424	-821.935044	252.213973	-322.102361	-819.693196	-131.617644	-218.154844	14.927991	-216.569943	-217.917802	-447.418630	-240.005888	20.619348	-768.181009	-238.924270	-97.930452	-798.202948	-240.430168	-159.014522	-802.293879	
-41.235046	-134.513832	672.059231	-3.703908	-104.091231	424.645885	151.956500	-134.709550	462.367848	417.115627	-91.253851	357.458604	464.528575	-276.639770	481.110555	446.771654	-384.237180	481.923075	-145.549675	-141.506103	485.259271	-427.475070	-147.109068	468.451287	-570.803089	-324.103639	460.994576	-650.222110	-380.046612	410.900414	-2.987194	-8.927087	199.134740	0.000000	0.000000	0.000000	79.046200	-237.151050	17.375208	204.047042	-325.778365	-423.898419	247.026384	-147.172333	-777.847730	237.487479	-259.282044	-827.361651	240.568105	-320.269039	-824.969743	-136.791992	-215.066414	13.113883	-238.387785	-199.387174	-445.594960	-246.658352	31.559179	-772.601228	-248.700735	-87.265467	-801.464251	-250.227687	-148.374221	-805.159587	
-43.298938	-131.006009	673.184618	-4.211941	-103.767035	425.641229	151.954694	-131.362429	463.602617	411.983669	-91.626100	345.240180	438.144483	-268.246546	486.755414	408.196174	-372.439858	498.588579	-149.280785	-136.498665	481.118682	-428.959463	-141.540854	441.745554	-591.003419	-300.998953	426.238372	-674.149209	-347.455238	372.619219	-1.489617	-11.285809	199.031838	0.000000	0.000000	0.000000	73.566619	-239.361182	9.219376	213.597480	-322.002278	-428.689557	239.360826	-144.594160	-784.905871	227.453533	-257.288751	-832.543588	229.059799	-318.322958	-829.922401	-142.161574	-211.754074	9.374664	-262.674242	-180.455605	-443.922644	-253.651486	42.803853	-776.204939	-258.636490	-76.165657	-804.096645	-260.264874	-137.289221	-807.491538	
-44.746031	-128.253358	674.096462	-4.810572	-105.302943	426.253927	152.127676	-128.662220	463.874680	405.296006	-92.934741	330.334223	412.818090	-256.250259	489.007445	371.938857	-354.758791	511.769880	-153.231531	-132.056604	475.746731	-428.428806	-133.120026	412.019513	-604.219199	-276.425277	389.952687	-687.557362	-317.572667	332.436905	-0.412474	-15.007393	198.791018	0.000000	0.000000	0.000000	69.102296	-240.864263	0.315621	225.734553	-318.476841	-432.864537	232.207417	-141.504103	-790.168617	217.985584	-254.881660	-835.494940	218.372870	-315.925995	-832.655173	-146.430892	-208.975652	4.975533	-285.363224	-164.402673	-441.894027	-261.311414	52.994131	-777.301032	-268.356533	-65.918944	-804.988371	-270.077030	-127.045158	-808.288792	
-46.055848	-126.596949	674.513735	-5.819182	-108.109786	426.347017	151.658570	-127.863173	463.778984	398.103284	-95.573977	317.402345	391.163489	-245.009229	489.235624	342.029657	-337.202127	520.532708	-156.824573	-129.662631	470.243755	-426.220954	-124.977416	385.394075	-610.779633	-255.490062	356.581834	-692.276509	-294.903685	295.334403	0.030643	-18.999880	198.449653	0.000000	0.000000	0.000000	66.474435	-241.493795	-7.260607	236.164044	-315.909864	-436.061389	225.539121	-138.017533	-792.809035	209.193882	-252.019518	-835.792604	208.732858	-313.057405	-832.827996	-148.937369	-207.252707	1.249388	-303.653438	-153.854840	-439.423907	-270.175982	61.226486	-775.514672	-277.958809	-57.403136	-804.202342	-279.595778	-118.523252	-807.654682	
-47.776790	-125.819010	674.331699	-7.523046	-111.251405	425.906851	150.077467	-129.389802	463.638370	391.977943	-98.861190	309.508965	375.127003	-239.446510	487.995785	320.984175	-327.200482	523.505867	-160.213066	-129.751793	465.118715	-424.223649	-118.873893	365.239223	-612.646489	-242.167307	330.293991	-691.459793	-283.438210	266.799125	-0.257201	-21.880202	198.152597	0.000000	0.000000	0.000000	65.835655	-241.498814	-11.610740	241.559691	-314.457850	-438.225869	219.010665	-134.184392	-793.219496	201.055585	-248.623671	-834.359175	200.172188	-309.656898	-831.394422	-149.695121	-206.708257	-0.807904	-315.597395	-150.252549	-437.008014	-280.438687	66.641474	-771.759515	-287.405221	-51.428582	-802.863713	-288.667044	-112.533323	-806.721861	
-50.133110	-125.483317	673.657978	-10.053753	-113.778467	425.053621	147.297445	-132.465459	463.550209	387.877782	-101.309766	307.492097	365.835276	-242.834886	484.665740	310.155853	-330.159366	518.833097	-163.771506	-131.461257	460.440744	-424.104287	-115.499366	351.960834	-611.413295	-239.660356	314.211846	-687.263420	-286.970221	251.323394	-1.213242	-22.615511	198.066473	0.000000	0.000000	0.000000	66.827892	-241.222730	-11.681068	240.385866	-313.331191	-439.326278	212.350164	-129.567993	-792.132939	193.771330	-244.191409	-832.475299	192.944828	-305.232605	-829.662043	-149.064442	-207.163660	-0.771566	-319.755293	-154.277553	-435.569266	-291.582337	67.879732	-767.518275	-296.304897	-49.256205	-802.352333	-296.906845	-110.325901	-806.868633	
-53.190036	-125.345898	672.778424	-13.607100	-114.976895	424.035265	143.284112	-135.483684	463.471416	385.293038	-101.858336	310.158906	363.733460	-255.684092	476.827898	310.714092	-347.202536	503.407819	-167.929808	-133.236783	456.364121	-426.557016	-115.271866	344.180971	-607.312156	-249.735972	309.937939	-679.430118	-307.303105	251.359384	-2.984872	-21.161209	198.208362	0.000000	0.000000	0.000000	68.689426	-240.856061	-7.806465	233.040187	-311.223382	-439.361436	206.046213	-123.466558	-790.140788	188.008872	-237.939398	-831.150905	187.669134	-298.999939	-828.677053	-147.641540	-208.178937	1.044591	-315.710231	-165.388574	-435.880170	-302.261712	63.535337	-764.134187	-303.992200	-52.252334	-803.463089	-303.875286	-113.254920	-808.842469	
-57.081086	-125.356929	672.033757	-18.595404	-114.476684	423.140292	137.858817	-136.942914	463.239368	382.577079	-100.769129	314.887963	369.042289	-275.344894	460.647502	324.330948	-374.014313	473.233726	-173.226682	-133.809027	453.298295	-431.531840	-118.257102	340.018056	-599.118321	-270.979419	317.296539	-665.296712	-341.922375	266.958285	-6.074624	-18.252498	198.426828	0.000000	0.000000	0.000000	70.356081	-240.495703	-1.630558	221.489987	-307.221757	-438.561448	201.642222	-115.578663	-787.712481	184.734295	-229.355237	-831.073984	185.039344	-290.435089	-829.128814	-146.323112	-209.081184	3.491532	-304.911066	-180.680079	-438.124347	-310.501500	53.609097	-762.801184	-309.666008	-60.632693	-806.443562	-309.225233	-121.543493	-812.763934	
-61.803249	-125.481067	671.585009	-25.321869	-112.378098	422.496860	130.939589	-136.293254	462.509519	378.109589	-99.351728	318.474715	381.547190	-296.178527	433.161791	351.959848	-400.918260	426.280743	-180.021803	-132.862392	451.521004	-438.329175	-123.988014	337.528124	-584.962279	-298.385196	334.372600	-641.590847	-383.589442	295.903597	-10.918372	-14.728481	198.512272	0.000000	0.000000	0.000000	70.771033	-240.331376	4.807328	208.559399	-301.265481	-437.350819	201.287410	-106.415775	-785.213095	184.804175	-218.621926	-832.639767	185.453523	-279.717023	-831.377797	-146.075330	-209.222685	5.044942	-290.789924	-195.414584	-441.999093	-314.423196	40.321906	-764.810950	-312.717335	-72.634179	-811.657025	-312.858499	-133.463578	-818.730304	
-67.009968	-125.645564	671.271503	-33.567698	-109.281158	421.949813	122.832768	-134.060331	460.878945	371.064711	-99.046083	318.195326	399.475977	-311.767140	394.669393	390.492522	-416.500597	365.628529	-188.135484	-130.958801	450.810791	-445.705325	-131.884339	334.824798	-564.167646	-325.200190	357.655955	-607.489104	-422.682016	333.844881	-17.449559	-11.186667	198.276656	0.000000	0.000000	0.000000	69.219199	-240.621017	10.052299	196.997757	-294.027965	-436.067376	206.794882	-97.151361	-782.724371	188.655642	-206.548891	-835.774864	188.805506	-267.658676	-835.331283	-147.501033	-208.229812	4.623397	-277.522542	-205.433339	-447.115393	-313.189407	27.087904	-771.151603	-313.068078	-85.227437	-819.543662	-314.942333	-146.009318	-826.776716	
-72.001183	-125.752018	670.817771	-42.425742	-105.927931	421.258593	114.371722	-131.190532	458.230839	361.481610	-100.208155	312.695600	419.425141	-317.650745	348.290528	431.838156	-413.868338	298.478250	-196.720574	-128.873803	450.595750	-451.964449	-141.898642	330.276394	-538.063759	-346.227351	382.833882	-565.651369	-451.728310	375.424852	-24.914952	-7.962012	197.633784	0.000000	0.000000	0.000000	65.746996	-241.419382	13.595380	188.864292	-286.255324	-434.773102	219.053190	-88.885416	-779.970441	196.395770	-193.863260	-839.782649	194.732913	-254.950079	-840.293020	-150.433512	-206.162079	2.130987	-268.095226	-209.223142	-452.981854	-307.492805	16.194440	-781.573490	-310.981004	-96.227134	-829.591861	-315.320810	-156.951484	-836.224082	
-75.986409	-125.708670	670.148234	-50.603828	-102.889845	420.383324	106.719004	-128.429445	454.848465	349.900594	-101.604085	302.051789	437.907735	-311.704469	297.773542	467.109688	-392.931070	231.120288	-204.612899	-127.074431	450.222707	-455.080471	-154.597672	322.534429	-508.664565	-359.666015	406.208327	-519.935660	-467.917989	416.252977	-32.053342	-5.265552	196.692954	0.000000	0.000000	0.000000	61.235783	-242.483732	15.576853	184.946104	-278.225966	-433.445056	237.955509	-82.048961	-776.566083	207.911380	-180.663187	-843.527202	202.839949	-241.543199	-845.117718	-154.034099	-203.491030	-1.575504	-263.597025	-208.146830	-458.692158	-299.401640	7.584553	-794.125787	-306.714835	-105.564364	-839.955706	-313.154965	-166.210992	-845.503526	
-78.638265	-125.379670	669.459665	-57.267519	-100.378460	419.528244	100.606839	-126.080107	451.241065	336.709122	-101.248276	287.403334	451.644913	-293.595180	246.194548	490.349787	-357.286992	166.580121	-211.142186	-125.595905	449.205578	-453.227227	-170.369056	310.691939	-477.434752	-365.631785	425.635683	-473.153379	-471.137127	453.861822	-37.732211	-3.199979	195.727620	0.000000	0.000000	0.000000	56.716428	-243.535298	16.267305	184.026040	-269.844764	-432.400167	262.320953	-76.521132	-772.287403	222.696262	-166.715077	-845.813879	212.491082	-226.907150	-848.533011	-157.530032	-200.733056	-5.302322	-264.098842	-205.139791	-463.128726	-291.486654	-0.052770	-805.950752	-300.747831	-114.387688	-848.357108	-307.855822	-175.055683	-852.731786	
-80.456918	-124.517027	668.958920	-62.578245	-98.266947	418.881391	95.804394	-124.097345	447.835159	321.821847	-97.861253	270.545880	457.189817	-265.219766	195.897557	498.479769	-311.538315	106.215323	-216.575508	-124.209560	447.269781	-445.508508	-188.472286	294.771211	-445.716670	-363.891670	440.213977	-427.736964	-461.121028	486.792990	-41.569815	-1.657535	194.967854	0.000000	0.000000	0.000000	52.482265	-244.508381	15.877145	182.784393	-261.115439	-432.395079	289.452765	-72.010152	-766.892466	239.415539	-152.227044	-845.459207	222.595309	-210.858307	-849.211522	-160.831972	-197.999812	-8.169239	-269.358648	-202.861690	-465.530879	-285.689194	-7.478084	-814.667355	-294.036393	-123.282028	-853.090168	-300.144859	-184.127983	-856.364827	
-82.543788	-122.843601	668.618452	-67.387676	-96.271196	418.395184	91.398260	-122.340605	444.814928	305.019361	-91.573472	253.443250	451.986709	-230.640347	148.721072	490.487148	-260.673734	51.207570	-221.730390	-122.713773	444.341164	-432.623286	-206.791154	276.260795	-415.594369	-353.736590	449.588971	-386.916757	-437.747532	513.355566	-43.972379	-0.297759	194.446913	0.000000	0.000000	0.000000	47.832766	-245.538218	14.622918	177.107239	-252.534397	-434.199530	315.014082	-68.122687	-759.778210	255.547553	-138.319534	-841.309438	231.724320	-194.413194	-845.845946	-164.562673	-194.837768	-9.744535	-278.573156	-202.375519	-465.733722	-282.649369	-14.235250	-819.180101	-287.738319	-131.528902	-853.426906	-291.805709	-192.591854	-855.671730	
-85.919789	-120.321130	668.249450	-72.436851	-94.187616	417.884248	86.571777	-120.833873	442.314231	286.573667	-83.599135	237.823331	435.957676	-194.626098	106.433975	468.061264	-209.577809	3.288557	-227.163029	-121.213123	440.764558	-417.263501	-222.702937	258.124316	-389.780834	-336.087472	453.864583	-354.045815	-404.074704	531.628116	-45.646556	1.184282	194.057338	0.000000	0.000000	0.000000	41.745926	-246.748616	12.775685	164.383108	-244.959854	-437.956328	333.844653	-63.997341	-750.306784	267.550926	-126.454108	-832.862829	238.118762	-179.774156	-837.897238	-169.443998	-190.602267	-9.853570	-290.113561	-203.183340	-464.014247	-281.865100	-19.261880	-819.601899	-282.749021	-137.815555	-849.615010	-284.655126	-199.011887	-850.896691	
-90.720584	-117.345264	667.751243	-77.541099	-92.116059	417.277147	81.459931	-119.804635	440.571047	267.877812	-75.390720	224.980028	412.272741	-161.099807	71.000196	436.169161	-162.368634	-35.397747	-232.467016	-120.143331	437.439220	-403.545476	-234.498688	243.917018	-370.366003	-315.410720	454.340324	-330.676611	-368.472972	541.263116	-46.968778	2.762761	193.725481	0.000000	0.000000	0.000000	34.113136	-248.017199	10.704345	145.557193	-239.292073	-442.844462	341.967569	-58.222044	-738.925636	272.402160	-117.391540	-821.210697	240.128983	-169.009441	-826.564146	-175.367135	-185.236230	-8.455319	-301.702866	-204.390052	-460.842058	-282.259871	-21.913410	-816.738060	-279.320164	-141.384476	-842.710436	-279.599235	-202.621990	-843.105411	
-95.717780	-114.681220	667.280243	-81.266421	-90.479379	416.774927	77.530055	-119.488427	439.856197	251.693416	-68.045593	215.748035	386.858799	-132.754324	44.141418	402.478183	-122.457556	-63.297786	-236.097242	-119.965363	435.538462	-395.128476	-242.134978	236.592536	-357.364777	-298.720559	454.072596	-315.313251	-342.150106	545.132829	-47.588647	4.117016	193.550076	0.000000	0.000000	0.000000	26.670247	-248.995259	8.993280	125.489877	-236.214963	-447.376932	338.832534	-49.598978	-727.888675	270.057208	-110.930602	-809.249557	238.093143	-162.728352	-814.719171	-180.914870	-179.932196	-5.639149	-310.855674	-205.940775	-456.660532	-282.629287	-22.626625	-811.536444	-276.918832	-142.663205	-834.233400	-276.258499	-203.898254	-833.917526	
-98.643866	-113.232629	667.193278	-81.475212	-89.892558	416.777698	77.038270	-120.056198	440.319610	241.411698	-62.285793	210.433408	366.648877	-111.675523	26.634509	375.534433	-92.843723	-80.414925	-235.953502	-120.927609	435.944341	-393.352611	-246.584247	237.874253	-348.646298	-292.300381	456.590925	-304.379656	-334.208299	547.313651	-46.551011	4.802841	193.786473	0.000000	0.000000	0.000000	22.749481	-249.408144	8.298112	111.051741	-236.181958	-450.210562	327.194891	-38.080059	-720.516370	263.942705	-106.580644	-800.629024	235.399628	-160.368386	-805.805573	-183.785375	-177.080795	-1.706787	-315.512826	-208.698100	-451.850732	-282.149608	-22.735702	-804.898324	-274.708082	-143.009724	-825.762773	-273.548064	-204.234865	-825.127652	
-97.282012	-113.752285	667.770470	-76.446147	-90.935299	417.585066	81.853889	-121.646862	441.843861	239.511787	-58.621770	208.658237	356.944667	-99.691387	17.795625	361.692648	-76.303624	-88.616970	-230.437262	-123.067352	438.759214	-396.931683	-248.570151	248.169379	-341.370865	-299.525288	463.209308	-294.755365	-349.013643	548.791551	-42.966887	4.349284	194.623204	0.000000	0.000000	0.000000	25.779046	-249.095206	8.822655	108.107666	-239.248870	-450.881025	310.375048	-25.207677	-719.770829	258.243815	-104.201304	-798.215383	236.327339	-161.085584	-802.513260	-181.724583	-179.183233	2.670222	-314.430193	-213.448741	-446.992366	-280.952141	-23.565163	-797.935618	-272.209152	-143.715515	-819.006805	-270.536173	-204.930856	-818.619264	
-90.756741	-116.410472	668.928025	-65.878802	-93.684430	419.103887	92.350723	-124.179707	444.084804	246.128392	-57.275311	209.393645	359.223315	-98.176963	15.893452	362.581643	-75.190320	-90.659385	-219.375062	-126.130224	443.192173	-403.227291	-247.768728	266.561875	-333.905738	-320.228698	471.182687	-286.297065	-385.098612	545.153836	-36.623823	2.531576	195.947819	0.000000	0.000000	0.000000	37.327341	-247.584083	9.980560	118.737623	-244.385688	-449.980919	289.891559	-14.058109	-726.897856	254.648864	-104.043536	-802.870102	242.689839	-163.910151	-805.626036	-173.414155	-187.142893	6.531006	-307.429898	-220.552400	-442.807321	-280.473463	-25.876625	-791.680381	-269.762373	-145.321384	-815.654615	-267.007496	-206.496851	-816.144391	
-80.118674	-120.616069	670.178096	-51.112360	-97.532982	420.832373	107.143515	-127.247336	446.575836	258.921335	-58.190669	211.207231	370.920422	-107.732510	19.093874	374.954490	-90.850555	-88.571799	-204.203035	-129.559761	447.880620	-409.594560	-243.099674	290.658358	-327.407636	-350.362084	474.140473	-283.057930	-434.083911	528.639846	-28.067375	-0.342398	197.371138	0.000000	0.000000	0.000000	56.149379	-243.970141	10.799897	140.440112	-249.274959	-448.622955	265.779507	-8.202039	-740.515635	251.676089	-106.551730	-812.900982	252.551837	-167.652929	-813.609221	-158.931984	-199.487748	9.102096	-295.516917	-229.990827	-439.668965	-283.359610	-29.912572	-786.307986	-268.588448	-147.485354	-816.556880	-263.607252	-208.490975	-818.498236	
-67.919937	-125.311566	670.924754	-34.638636	-101.551537	422.177291	123.654777	-130.283443	448.790513	274.193835	-61.488164	212.551415	386.910183	-128.182849	26.130989	392.547767	-123.269770	-82.668140	-187.507089	-132.683110	451.437130	-414.252094	-233.482818	316.448420	-326.202136	-381.659298	465.500551	-291.629519	-481.262709	494.315773	-18.452403	-3.547014	198.469616	0.000000	0.000000	0.000000	78.638212	-237.685784	10.598103	167.596071	-251.457367	-447.767765	238.767197	-9.885151	-756.968329	246.637667	-112.145677	-824.732974	261.339511	-171.446432	-823.354083	-139.976018	-213.169009	10.162346	-280.905307	-240.747204	-437.453254	-292.950102	-35.590681	-781.115069	-270.609890	-148.916713	-821.297990	-261.673501	-209.373373	-825.222308	
-57.063931	-129.256536	670.894770	-19.218896	-104.842016	422.864190	139.094007	-132.671428	450.307567	288.244968	-67.617192	212.136101	401.425670	-158.635867	36.604164	408.291591	-170.932089	-71.538488	-172.171202	-134.798729	452.901908	-416.805505	-218.007406	338.769512	-335.414619	-403.330109	443.443392	-316.677026	-510.992088	445.498425	-9.224892	-6.266820	199.044943	0.000000	0.000000	0.000000	100.299839	-229.443131	9.306557	194.194864	-249.976079	-447.819845	211.666630	-18.491639	-772.068431	238.049223	-120.927805	-834.694283	264.422307	-175.982165	-831.847732	-119.775350	-225.146482	10.025585	-266.317733	-250.412960	-435.920916	-312.082150	-42.640696	-775.146539	-278.005682	-147.441908	-828.175230	-262.723705	-206.385146	-834.688520	
-49.360967	-131.407433	670.305146	-6.803402	-106.903027	423.048453	151.554213	-133.965096	450.996637	298.457174	-76.891747	209.406359	409.663439	-197.129936	51.034404	416.013892	-230.355320	-52.642579	-160.267617	-135.370549	451.899998	-417.666223	-196.152470	352.666204	-356.481907	-407.384638	412.357513	-356.463838	-514.756568	391.920031	-1.557468	-8.054142	199.188268	0.000000	0.000000	0.000000	117.684099	-221.104312	7.359081	216.616840	-245.798881	-448.497164	188.438866	-30.427474	-782.934920	226.547438	-132.051348	-840.654341	260.068960	-183.039634	-837.318585	-101.943253	-233.795811	9.202022	-253.099323	-256.159829	-435.357355	-341.310362	-50.822045	-767.611664	-292.286747	-141.027370	-834.066358	-267.791053	-196.303122	-843.803876	
-44.548273	-131.409552	669.625597	2.248736	-107.810951	423.047759	160.734256	-134.142721	450.968512	304.042875	-88.765687	204.783064	409.333155	-239.526351	70.280608	412.367999	-294.697491	-23.741231	-152.137811	-134.336878	448.645537	-416.493237	-168.664919	355.191675	-384.791860	-393.082524	378.800218	-402.371736	-494.772257	342.792324	4.189785	-9.020204	199.108871	0.000000	0.000000	0.000000	129.664924	-214.358749	5.306036	234.861000	-240.719256	-449.052122	171.814739	-41.339413	-788.611101	214.052691	-143.573932	-842.232598	250.007789	-192.892826	-839.149949	-88.592309	-239.219608	7.935197	-240.091559	-256.659657	-436.727787	-377.230996	-60.406475	-757.687571	-312.940739	-130.248249	-834.794193	-277.196681	-178.207965	-847.927929	
-40.641902	-129.900367	669.205452	8.984078	-108.080809	423.017204	167.673063	-133.641436	450.495399	306.321059	-101.597230	199.589815	402.244478	-279.240191	94.008530	399.439548	-353.481574	14.174198	-146.485078	-132.240466	443.986927	-411.558817	-138.556856	346.560823	-411.882616	-366.424056	347.987857	-443.047094	-461.139196	303.219119	8.533451	-9.576951	198.944020	0.000000	0.000000	0.000000	137.427508	-209.503797	3.557984	251.266038	-235.893726	-448.710505	161.802483	-48.976008	-789.423716	202.542266	-153.450276	-839.788426	237.582757	-203.449770	-837.173160	-79.282278	-242.518281	6.065408	-225.055764	-253.347696	-440.716599	-412.447411	-72.163054	-744.680767	-335.726404	-119.097348	-827.551757	-289.556106	-156.205429	-843.093988	
-35.612645	-128.212160	669.084770	14.657077	-108.424134	422.855459	173.512602	-133.272282	450.023128	308.198433	-113.453204	195.718899	394.273650	-310.019510	119.178217	385.463961	-397.072842	54.083840	-141.743585	-130.109605	439.061945	-401.614216	-110.622403	330.051239	-430.293181	-336.599998	323.948361	-469.785125	-426.535820	276.007181	12.426270	-10.102696	198.712819	0.000000	0.000000	0.000000	143.195674	-205.621667	2.355640	267.641168	-231.247580	-447.154157	156.446623	-53.265201	-786.249275	193.450991	-160.318575	-834.013888	226.109412	-211.920375	-831.710234	-71.943176	-244.847348	3.397206	-207.347976	-249.704143	-446.739771	-438.792057	-85.576272	-729.287818	-353.969748	-111.335343	-813.538563	-300.741685	-136.888190	-829.789479	
-29.113093	-127.524110	669.093323	19.433221	-109.390022	422.391287	178.236378	-133.995849	450.080653	312.522426	-122.967517	195.032925	392.157602	-329.394868	140.703202	379.961759	-422.631264	85.463660	-137.582947	-129.085368	434.723893	-388.398349	-89.440856	310.966966	-437.323498	-311.997695	310.346783	-479.743077	-401.408117	263.948741	16.357284	-10.762383	198.393224	0.000000	0.000000	0.000000	148.442825	-201.871525	1.853464	283.351022	-226.710781	-444.672252	153.751668	-54.829943	-780.363238	187.377695	-163.826945	-826.190637	217.707589	-216.835863	-824.004965	-65.029825	-246.796807	0.208231	-189.201990	-249.106430	-453.176028	-452.499942	-97.400357	-713.938708	-363.866124	-107.760393	-797.564409	-307.152848	-124.412792	-813.582179	
-22.812087	-128.156107	669.080626	22.198841	-111.017208	421.638190	180.599313	-136.261037	451.008758	320.320871	-129.134045	198.757292	399.581977	-338.033688	154.211273	388.099802	-432.215430	100.442041	-135.118163	-129.710084	431.436830	-376.757488	-77.718089	294.677556	-435.244741	-297.436748	309.795542	-475.542607	-390.680503	269.445739	19.636666	-11.431278	198.058043	0.000000	0.000000	0.000000	152.927753	-198.490989	2.291256	295.954399	-223.481408	-441.692170	152.284400	-54.445084	-773.072777	183.858272	-164.432706	-817.984025	212.694750	-218.270738	-815.851186	-59.013595	-248.291046	-2.556822	-174.783661	-252.958082	-458.140906	-455.780502	-104.028976	-701.448563	-366.469182	-107.449761	-784.925076	-308.661495	-119.849003	-800.887440	
-19.170664	-129.822928	669.093360	21.496669	-112.994292	420.878837	179.170825	-139.658622	452.792231	330.190312	-131.175649	207.181027	415.783682	-336.473614	157.863158	409.659063	-426.371762	96.430404	-135.887102	-131.700611	429.510119	-371.870911	-76.070631	284.552272	-428.280547	-293.490707	322.919776	-462.086333	-393.094351	293.209423	20.825843	-12.037600	197.900585	0.000000	0.000000	0.000000	154.960770	-196.881782	3.942570	302.849187	-223.691495	-438.338654	151.402026	-53.093058	-765.427914	181.906390	-163.056395	-811.130811	210.158077	-217.210071	-809.169528	-56.183760	-248.931334	-3.763179	-168.122858	-260.434497	-460.182572	-452.949717	-103.577788	-693.864734	-365.078295	-109.474937	-778.719780	-307.683123	-122.941105	-795.294564	
-19.854584	-132.199662	669.277921	16.543736	-114.926921	420.431986	173.360537	-143.143571	455.114865	339.051503	-128.729698	219.440399	436.599310	-323.331188	152.206354	440.378049	-401.258152	76.007400	-140.760421	-134.236722	429.184743	-375.948314	-83.871046	281.043650	-419.123947	-297.165452	348.622958	-442.872947	-402.843819	333.977477	18.732951	-12.636078	198.072378	0.000000	0.000000	0.000000	152.573556	-198.662154	6.743770	302.139099	-229.589913	-434.703903	151.606835	-51.690724	-758.307626	180.777187	-160.560241	-807.376204	208.951261	-214.769719	-805.900041	-59.080703	-248.269200	-3.075721	-171.138967	-269.627934	-459.110914	-446.327935	-95.870452	-692.385619	-362.363043	-113.637818	-779.510584	-307.240563	-133.657429	-797.145617	
-25.038056	-135.090194	669.571879	7.509843	-116.528376	420.285742	163.581924	-145.759288	457.402449	343.609443	-121.832129	233.301370	456.194990	-296.268584	139.481601	472.477756	-351.694390	46.982830	-149.621635	-136.568787	430.393032	-387.453677	-100.494919	282.303782	-408.224392	-303.187274	384.333134	-419.029715	-411.858190	388.838610	12.997321	-13.122117	198.499725	0.000000	0.000000	0.000000	144.546657	-204.433086	10.207711	292.503116	-242.779901	-431.200076	154.319881	-50.774380	-752.240146	180.300422	-157.251026	-807.908287	208.267188	-211.586057	-807.473011	-68.871279	-245.749667	-1.197233	-183.327904	-278.193417	-455.981171	-435.591526	-82.231171	-697.434236	-359.994545	-119.835972	-785.907494	-310.659682	-151.165553	-804.204916	
-33.754146	-138.258338	669.639089	-4.775125	-117.705896	420.068863	150.828440	-147.209427	458.897499	341.669151	-110.802502	245.688520	468.810398	-254.628975	122.990597	495.422975	-278.873422	20.048144	-161.632175	-138.479241	432.654998	-402.556520	-125.672901	285.728868	-395.637840	-305.681641	425.280247	-391.165642	-411.465751	452.412219	4.142689	-13.283969	198.870901	0.000000	0.000000	0.000000	130.759995	-213.312505	13.799240	272.873480	-263.412433	-428.350260	161.372225	-50.765255	-746.746398	181.003296	-152.985273	-812.144375	207.864512	-207.857263	-813.615729	-84.834883	-240.706717	0.950819	-202.961864	-283.412770	-452.043173	-419.689445	-65.104519	-708.379636	-359.260622	-126.696081	-795.047846	-321.048692	-171.266572	-812.471584	
-44.639734	-141.138020	669.122382	-19.207972	-118.381315	419.356808	136.233396	-147.683769	458.979247	332.549983	-96.348121	253.971543	470.327675	-201.575413	106.153222	500.586006	-193.956417	1.656545	-175.623575	-140.117625	435.349587	-416.842505	-158.096357	289.452285	-382.765872	-300.267478	464.242895	-361.953502	-394.548092	515.472118	-6.699022	-12.924120	198.824926	0.000000	0.000000	0.000000	112.082890	-223.461938	17.117472	242.497905	-289.397275	-426.556824	174.388111	-52.627117	-740.130422	184.016769	-147.996491	-817.092608	207.970645	-204.038751	-821.576138	-104.951729	-232.624939	2.890976	-228.013528	-282.446336	-448.057989	-398.609161	-47.120732	-723.478957	-360.438285	-131.240625	-803.624884	-338.409226	-186.506956	-818.137645	
-56.475472	-142.821629	667.882607	-34.626361	-118.317649	417.943303	120.885884	-147.367034	457.473868	316.897534	-79.678013	256.971152	459.551424	-143.882310	91.340819	486.569873	-111.278281	-9.158693	-190.375231	-141.521805	437.891571	-427.024569	-193.905450	292.809268	-372.138729	-286.462611	493.673198	-336.558307	-359.924407	566.363091	-18.151359	-11.811702	198.177377	0.000000	0.000000	0.000000	90.082611	-232.996173	19.716153	201.431844	-316.276950	-426.230128	193.578439	-58.200570	-730.141890	190.250923	-143.866677	-818.240995	208.438181	-201.591901	-826.705465	-126.729339	-221.487647	4.525704	-256.264944	-273.559659	-444.351093	-374.118483	-30.496525	-739.932851	-362.268956	-130.666023	-809.086319	-358.197055	-190.865379	-819.561252	
-68.233806	-142.490468	666.078955	-49.721659	-117.133135	415.955404	105.970516	-146.198549	454.759255	296.543827	-62.189222	255.189829	438.798490	-89.316432	79.310731	458.624123	-41.068130	-16.460959	-204.580989	-142.406532	439.912033	-432.162075	-227.432028	295.782423	-365.240112	-268.204940	509.755838	-319.119188	-315.332612	596.923867	-28.878172	-9.694200	197.016077	0.000000	0.000000	0.000000	66.890115	-240.561657	21.133426	151.792260	-338.208025	-427.708682	215.941595	-69.323421	-715.134126	198.695239	-143.362409	-811.736393	207.764124	-202.469274	-824.336350	-147.662417	-208.082398	5.925517	-285.072946	-257.543437	-440.900287	-349.883162	-16.773180	-754.216483	-362.994377	-124.609671	-810.394142	-374.226282	-184.410678	-817.318795	
-78.835348	-140.026013	664.132771	-62.868804	-114.660918	413.834617	92.985643	-144.139477	451.663131	274.544909	-45.461790	250.410412	413.191181	-44.101305	69.631288	424.784377	11.332540	-23.566662	-216.685480	-142.463343	441.430490	-433.481235	-253.532383	298.395184	-361.334011	-250.942616	514.528645	-309.605928	-273.556831	608.119377	-37.669939	-6.613462	195.654028	0.000000	0.000000	0.000000	45.068139	-245.574748	21.277358	99.126802	-350.494452	-430.687179	234.843812	-85.286149	-695.777545	205.561400	-148.133070	-797.286221	203.895649	-207.200280	-812.871953	-165.547148	-194.107682	7.344037	-311.677453	-237.919376	-437.299434	-330.538756	-5.888440	-763.096327	-362.361790	-115.186958	-807.791633	-383.732715	-172.375611	-812.588349	
-86.869561	-136.344682	662.648980	-72.115114	-111.394451	412.234770	83.790142	-141.620366	449.255521	255.163377	-31.550099	245.002099	389.321023	-12.205545	61.881249	393.444005	44.009350	-31.478581	-224.837429	-141.848441	442.935350	-432.918477	-269.636968	300.920563	-358.470897	-239.091328	514.110908	-304.643542	-245.431344	609.025830	-43.380197	-3.222643	194.553422	0.000000	0.000000	0.000000	27.504276	-248.219914	20.523385	52.508037	-352.665220	-434.084596	244.405780	-100.863852	-676.569195	207.578670	-156.154922	-779.999694	197.386902	-214.060097	-796.665336	-178.661555	-182.029573	9.103221	-333.800955	-219.439751	-433.065968	-318.867490	3.629916	-765.262649	-361.236533	-104.940323	-802.328931	-387.654803	-160.049476	-806.243428	
-90.427440	-133.327504	662.211159	-75.288367	-108.724593	411.785542	80.533460	-139.837945	448.420338	243.444954	-22.824476	241.124889	373.999291	4.260597	56.388062	372.522284	57.449977	-38.805843	-226.926833	-141.576505	445.260967	-431.408094	-276.619459	304.738212	-354.498848	-236.327601	515.420760	-300.419903	-237.594730	610.395938	-44.939027	-0.751720	194.224560	0.000000	0.000000	0.000000	17.543016	-249.205061	19.491026	22.400294	-349.394171	-436.733671	244.831165	-109.179736	-664.437396	206.656038	-163.470919	-767.908811	193.110718	-220.861765	-783.953754	-185.550226	-174.875822	11.275896	-349.524140	-206.456863	-428.151618	-313.653779	12.194937	-761.681867	-359.254588	-96.126119	-795.499864	-386.846488	-150.670216	-799.227540	
-87.596530	-133.237595	662.980403	-70.588533	-108.535382	412.684552	85.056654	-140.508236	449.330190	243.667068	-21.042628	240.106829	372.579347	4.841727	54.049430	368.072928	53.768153	-43.311077	-221.110133	-143.367497	449.072030	-428.419089	-278.163085	312.510777	-347.747967	-246.748761	523.297191	-295.002638	-254.862572	618.683346	-41.732597	-0.524290	194.939417	0.000000	0.000000	0.000000	18.528193	-249.198263	18.648099	16.950205	-347.353790	-438.041542	240.262008	-107.095542	-664.834986	208.212782	-168.021235	-766.678560	197.624785	-226.544425	-780.734010	-184.772298	-175.538145	13.533027	-357.079034	-202.698693	-422.991932	-312.085964	17.907858	-754.120446	-354.975446	-91.218231	-788.884377	-380.978905	-146.521333	-792.840900	
-77.787457	-137.431865	664.327089	-57.815062	-111.890481	414.334637	97.611315	-144.686826	451.180692	257.095528	-26.137465	242.100457	386.871201	-9.072156	55.625844	382.187271	35.759972	-43.678296	-207.015622	-148.513109	454.235174	-423.219655	-278.302793	326.931271	-338.007260	-274.045534	538.228042	-289.147105	-300.427141	632.372178	-34.193211	-3.034918	196.379415	0.000000	0.000000	0.000000	31.941652	-247.882103	18.028136	38.472249	-349.991155	-437.749791	232.053358	-97.571577	-678.245454	214.500814	-170.096868	-775.934742	213.220547	-230.216364	-786.826581	-175.227228	-184.920088	15.413137	-355.132842	-210.701811	-418.119584	-313.361110	18.258887	-743.956722	-347.919573	-92.101306	-783.742176	-369.999724	-149.033839	-788.370417	
-62.599100	-145.237363	665.157151	-39.063672	-117.923529	415.662617	116.108441	-151.594046	452.790806	281.091356	-36.056030	246.307601	414.059636	-34.655058	61.312451	411.873210	5.936653	-39.883911	-186.596342	-156.487996	459.719056	-415.996312	-278.634256	349.031321	-327.021583	-318.062133	555.076321	-285.788706	-370.884621	641.424783	-23.748363	-7.412119	197.798728	0.000000	0.000000	0.000000	55.638563	-243.709772	17.341211	81.913914	-355.335044	-435.485280	217.974772	-88.782137	-699.046362	221.650716	-171.740338	-789.686479	234.387886	-231.083694	-796.810776	-157.073781	-200.474873	16.590295	-343.331142	-229.462892	-414.047879	-318.559717	12.502266	-732.131135	-339.047795	-97.838853	-780.727616	-354.759182	-156.737431	-786.590790	
-45.334252	-154.388271	664.774011	-18.062246	-124.532467	415.952080	136.788618	-159.131341	453.564822	310.199385	-48.162639	251.529273	447.390395	-69.019471	70.837959	449.636792	-34.310427	-32.522609	-163.724603	-165.129590	464.205872	-407.563155	-277.807653	376.785938	-318.231834	-371.328605	564.400832	-289.039704	-451.164970	633.105975	-12.218010	-12.094942	198.614434	0.000000	0.000000	0.000000	84.031220	-235.506113	16.323139	136.303440	-358.805790	-431.189130	198.816970	-89.135443	-718.238630	225.007011	-176.573030	-800.579123	252.492858	-231.019606	-804.416248	-132.874205	-217.239638	16.999135	-322.941284	-253.305052	-411.434219	-329.312632	2.306632	-719.589687	-330.470130	-104.066900	-779.921054	-336.981382	-164.468691	-787.634300	
-29.757079	-162.566496	663.293929	1.174800	-130.114714	415.226227	155.617123	-165.628496	453.657083	338.232305	-61.139749	256.331193	478.206312	-110.621458	83.517509	485.538337	-85.132585	-22.264010	-142.881340	-172.413178	466.731035	-399.443349	-273.009039	404.664632	-316.228779	-419.527365	558.070360	-302.558355	-518.647273	602.056559	-1.384637	-15.981073	198.710717	0.000000	0.000000	0.000000	110.360157	-224.472139	14.957087	188.803975	-357.654482	-425.850645	180.220799	-99.933676	-730.044282	224.363059	-186.640162	-805.175187	263.196060	-233.793534	-806.959152	-107.721174	-230.770974	16.688067	-297.165462	-274.135991	-411.344272	-347.185796	-9.232717	-707.421866	-325.374826	-104.788910	-780.564449	-319.315425	-164.885673	-790.660475	
-18.767220	-168.375178	661.376505	15.637147	-134.272720	413.988457	169.610968	-170.642113	453.484282	360.190535	-75.366972	259.047181	498.308379	-158.813573	98.218523	509.527926	-147.047590	-9.618644	-127.710370	-177.462380	466.716245	-394.137411	-261.591410	425.065696	-324.753549	-448.674786	535.117012	-327.198626	-556.397633	553.453642	7.268181	-18.790299	198.336480	0.000000	0.000000	0.000000	129.744408	-213.957629	13.391854	229.516492	-352.754067	-421.330477	165.924731	-115.256150	-735.302261	220.803141	-200.321192	-805.041099	266.108204	-241.326381	-805.847792	-87.208377	-239.361799	15.434166	-270.134530	-285.312956	-415.155964	-371.945634	-18.969842	-696.285052	-327.071061	-95.493317	-780.469210	-305.364577	-151.355748	-793.058262	
-13.461303	-171.334139	659.761583	24.037790	-137.210716	412.826583	177.578331	-174.350198	453.280900	373.151777	-91.426831	258.143890	501.940477	-211.552668	113.613667	513.460522	-217.927174	5.355525	-120.015462	-180.102202	463.846753	-393.732266	-241.886110	431.324608	-343.728720	-453.210322	500.370421	-360.036950	-561.222525	496.651818	12.776885	-20.683971	197.869112	0.000000	0.000000	0.000000	140.726820	-206.997889	11.775226	254.351306	-346.896156	-419.177645	155.128919	-128.634043	-737.837371	213.644949	-214.778564	-803.153543	261.222194	-253.131543	-803.436095	-74.606827	-243.740242	12.731892	-244.644488	-283.929165	-423.677768	-399.825098	-23.964516	-685.737072	-336.523183	-75.722993	-776.679194	-299.079384	-121.994639	-791.072373	
-12.964621	-171.608389	658.942773	26.790508	-139.052310	412.149103	180.124552	-176.714615	452.902169	376.389067	-108.759036	252.737264	487.396958	-264.110965	128.444232	493.706505	-290.874726	22.911953	-119.432138	-180.189088	458.201031	-397.340780	-213.392537	419.989153	-368.556844	-436.067187	458.887576	-395.096689	-540.107392	438.450000	14.963014	-21.848526	197.590514	0.000000	0.000000	0.000000	144.681475	-204.342530	10.110461	264.520737	-342.456830	-419.733018	145.823244	-137.187158	-740.361651	201.989025	-228.088315	-801.136574	248.643664	-267.558613	-800.881057	-69.614182	-245.408496	8.131485	-220.949121	-270.833849	-436.202437	-424.222218	-21.390557	-674.521155	-350.074984	-48.349914	-767.965912	-301.283572	-82.106936	-783.135901	
-15.157104	-169.766737	659.059018	25.427883	-139.653881	412.090277	179.014937	-177.230273	451.960341	371.103800	-125.670918	243.041190	457.551773	-310.428894	141.567204	453.192255	-356.154245	42.656345	-123.873474	-177.509179	450.432919	-400.173812	-177.237029	391.663206	-392.029566	-403.879183	413.857959	-424.971237	-503.109424	382.004734	14.532138	-22.281947	197.574272	0.000000	0.000000	0.000000	144.569755	-204.498183	8.420165	264.169587	-340.607543	-422.128959	137.002485	-141.497423	-743.393867	186.306926	-239.310082	-799.187795	229.654679	-282.376577	-798.252739	-69.159706	-245.665863	1.674601	-198.038183	-250.011460	-450.379379	-438.891497	-9.782166	-661.607423	-361.280292	-16.436651	-755.887646	-306.769311	-39.453459	-771.668851	
-17.963239	-166.557082	659.979101	21.739200	-138.722613	412.599953	176.096669	-175.372486	450.298086	359.713068	-140.183563	230.638195	418.448286	-345.859747	152.195778	400.194324	-405.921682	63.018831	-130.656038	-172.192959	441.746209	-395.984720	-137.241196	351.331083	-407.540804	-364.204617	368.054259	-443.783170	-459.648697	329.024260	12.589044	-21.790666	197.762342	0.000000	0.000000	0.000000	143.746125	-205.124176	7.207213	257.773463	-341.342863	-424.816700	128.316757	-143.560982	-745.987593	168.257824	-248.007976	-797.043868	206.895092	-295.327455	-795.414923	-69.362821	-245.549203	-5.654498	-175.538429	-227.594431	-463.241335	-441.031551	9.351964	-646.837433	-365.926108	17.455228	-743.014621	-309.587731	1.210791	-760.688685	
-20.565404	-162.694172	661.388357	16.948569	-136.117982	413.529743	172.327358	-171.328757	448.289258	344.867959	-151.104099	218.018951	376.425567	-369.185088	160.135178	344.135602	-437.760248	81.726143	-137.847887	-165.062264	433.388307	-382.138443	-99.583097	307.569259	-413.225619	-324.686438	324.530240	-451.017287	-417.520107	280.939850	9.915998	-20.155898	198.087541	0.000000	0.000000	0.000000	144.422976	-204.640232	7.429635	247.854410	-343.669470	-426.362060	119.344148	-144.621367	-747.130541	149.364521	-254.000286	-794.525012	182.904251	-305.040391	-792.375783	-67.827533	-245.752214	-11.952420	-154.196012	-209.838137	-472.638877	-431.642536	31.615049	-630.947135	-363.732476	50.202742	-730.943451	-308.069618	37.561530	-753.127069	
-23.561082	-158.702566	662.877122	11.498174	-132.128693	414.659149	167.747594	-166.128062	446.608360	328.821466	-158.380736	207.445452	336.138568	-382.221498	165.642283	291.794775	-454.223360	96.776247	-144.780424	-157.381961	426.206845	-362.527018	-69.685222	269.071449	-413.366061	-291.236583	285.071072	-452.273274	-381.688033	237.624405	6.721614	-17.430329	198.479884	0.000000	0.000000	0.000000	146.552829	-203.025180	9.688386	234.702015	-345.954361	-426.205404	109.344660	-144.653856	-746.815905	130.071196	-257.186554	-791.738160	158.756247	-311.092492	-789.300377	-64.798657	-246.382905	-15.303063	-134.786017	-201.392867	-477.968182	-413.372937	51.214955	-615.504853	-355.516393	77.497237	-719.996019	-303.017838	67.037241	-749.740888	
-27.916348	-154.913471	664.085532	5.470139	-127.477203	415.730789	162.230894	-160.957014	445.660014	313.380393	-162.686143	199.988386	300.641096	-388.070492	169.242053	247.111780	-460.124026	107.306023	-151.531628	-150.301102	420.587906	-344.388665	-49.377339	240.542392	-413.984806	-266.189829	249.163473	-454.140088	-353.430120	196.980072	3.022331	-14.060247	198.837713	0.000000	0.000000	0.000000	148.366040	-201.470944	13.703900	218.457317	-346.853548	-424.649310	98.124377	-143.588880	-745.944986	110.712641	-257.930160	-789.290272	135.073633	-313.918409	-786.744068	-62.345422	-247.038988	-14.912143	-117.240106	-205.297849	-479.912786	-388.160560	62.607361	-603.065640	-340.010276	93.234675	-711.232453	-293.451568	84.273760	-749.991398	
-33.817157	-151.602254	664.794064	-0.910063	-123.079940	416.497698	156.046190	-156.647449	445.282206	299.957634	-164.866114	195.430931	272.090340	-389.713388	171.496663	212.305943	-460.299722	113.733644	-158.171974	-144.591951	416.460619	-332.713591	-37.263310	222.008525	-417.400602	-248.722761	215.794639	-458.592901	-331.501545	157.508365	-0.933546	-10.665776	199.069412	0.000000	0.000000	0.000000	148.131552	-201.244074	18.673135	200.744279	-345.668156	-422.434574	86.663000	-142.029422	-745.767500	92.545726	-257.299113	-788.069964	113.255436	-314.737318	-785.503736	-62.419989	-247.206882	-11.405600	-101.113916	-223.246648	-479.283825	-356.681349	61.529476	-597.290461	-314.586786	90.159267	-708.488144	-275.176428	80.669209	-754.390535	
-40.240000	-149.238274	664.927924	-6.914444	-119.777408	416.797013	150.040758	-153.760581	445.095410	289.760519	-165.696089	193.024701	252.357220	-389.517596	172.760017	188.911394	-458.535108	117.043040	-164.216203	-140.738890	413.503135	-327.820877	-31.076904	211.009705	-421.569336	-237.218064	185.659162	-462.808136	-314.818818	120.667572	-4.488858	-7.806519	199.153633	0.000000	0.000000	0.000000	145.557793	-202.573895	23.823642	184.525913	-341.717430	-420.386880	76.404129	-140.671024	-747.369259	77.330485	-256.382873	-788.855599	95.240967	-314.753658	-786.268871	-65.285894	-246.654188	-6.086789	-85.781825	-255.037615	-475.651462	-319.153808	44.701005	-602.268983	-277.974743	61.361968	-716.212999	-243.946921	47.073251	-765.082282	
-45.485386	-148.324559	664.581277	-11.445974	-118.021213	416.648806	145.394395	-152.551035	444.922126	283.771344	-165.809429	192.177699	242.950977	-389.119102	172.884714	178.160317	-457.276575	117.658811	-168.708249	-138.888563	411.432735	-326.838095	-29.107546	204.698824	-423.266077	-230.846220	160.781245	-463.159845	-303.742196	89.780638	-6.761550	-5.827384	199.157184	0.000000	0.000000	0.000000	141.908003	-204.549100	28.506214	172.769798	-334.164164	-419.210114	68.503996	-139.676287	-751.370560	66.571281	-255.657899	-792.061307	82.776199	-314.520452	-789.373261	-69.470104	-245.583910	-0.181881	-69.940006	-298.052704	-467.330842	-275.700395	9.118997	-621.103167	-231.132515	3.008372	-734.826103	-199.494246	-20.544881	-781.671927	
-48.092615	-148.965991	664.011021	-13.540732	-117.669401	416.272902	143.122280	-152.758091	444.839932	282.497643	-165.765130	192.631615	244.428100	-389.358673	171.128855	180.468192	-457.591509	115.034457	-170.749764	-138.683287	410.123630	-326.417055	-30.098350	200.904042	-420.679115	-229.199398	142.602768	-457.953198	-298.914197	67.124878	-7.084878	-4.806451	199.173200	0.000000	0.000000	0.000000	139.101252	-205.937388	32.116253	167.095194	-322.444675	-419.375516	63.600684	-138.760884	-757.867176	61.117755	-255.027517	-797.705746	76.910177	-313.990027	-794.765195	-72.824778	-244.550700	5.393711	-51.703545	-347.268229	-452.846782	-225.457204	-47.898680	-654.155647	-175.154775	-82.859581	-760.004326	-143.716576	-117.449781	-799.569774	
-47.414203	-150.692306	663.516701	-12.788755	-118.102424	415.955673	143.695688	-153.623247	444.963962	285.847729	-166.239653	194.290203	256.001565	-390.394162	166.546845	194.970140	-459.295084	108.057536	-169.960565	-139.286043	409.447730	-324.450532	-32.632434	198.370285	-413.810780	-231.143120	131.036376	-447.674964	-299.492992	52.755252	-5.263356	-4.579179	199.235010	0.000000	0.000000	0.000000	138.645244	-205.926168	34.098822	166.947872	-306.738604	-421.135447	61.712889	-137.614602	-766.606320	60.879655	-254.198964	-805.575524	77.556939	-312.893691	-802.195837	-73.661202	-244.156804	9.953287	-29.803620	-396.223551	-432.690547	-166.028926	-128.636872	-697.601389	-109.151941	-189.720358	-786.990193	-76.846540	-233.138002	-815.652646	
-43.699126	-152.654568	663.284283	-9.423384	-118.581597	415.874318	146.944445	-154.242879	445.335577	293.225610	-168.005702	197.109641	275.788538	-391.869165	158.550207	219.745859	-461.198157	95.733966	-166.594186	-139.717333	409.188775	-320.267912	-35.053646	196.525359	-404.045808	-234.462036	124.809533	-434.381764	-302.814336	45.096829	-1.586378	-4.814410	199.292664	0.000000	0.000000	0.000000	141.012838	-204.288336	34.241424	169.840505	-288.230733	-424.370684	62.250749	-136.166701	-776.973050	64.729227	-252.974202	-815.197015	83.315956	-311.051822	-811.178485	-71.335849	-244.691326	13.226372	-4.635852	-439.314719	-409.448671	-95.254578	-234.339185	-741.278441	-31.369049	-312.446040	-810.376198	2.482497	-360.195348	-828.385735	
-37.814833	-154.011361	663.328308	-4.098329	-118.548752	416.036810	152.215299	-154.012009	446.020098	303.678153	-171.701248	201.173606	301.309950	-393.072895	147.371030	252.233870	-461.431787	78.004097	-161.313432	-139.283439	409.140363	-314.078114	-35.845884	195.225767	-393.579707	-236.522161	122.190635	-420.934325	-305.500934	41.940551	3.358956	-5.122550	199.262987	0.000000	0.000000	0.000000	145.618074	-201.256201	32.895864	172.722040	-269.003360	-428.491308	64.305322	-134.546431	-787.927816	70.907986	-251.343352	-825.691434	91.913141	-308.523188	-820.805244	-66.214152	-245.986869	15.611903	21.857783	-474.042956	-385.904102	-15.242739	-361.324853	-768.338279	55.798028	-447.342178	-818.445875	91.833769	-495.697494	-829.097438	
-30.731370	-154.205462	663.539714	2.533482	-117.718737	416.336047	158.779925	-152.779817	447.131511	316.107659	-177.447590	206.625389	330.000773	-393.019688	134.227989	289.668682	-457.762408	56.286512	-154.760902	-137.747034	409.165221	-306.355393	-34.024456	194.557283	-384.483368	-235.275555	121.621582	-410.005236	-304.823039	41.258630	9.009430	-5.144733	199.086973	0.000000	0.000000	0.000000	151.508568	-197.216606	30.685246	173.649173	-251.274066	-432.769186	67.130025	-132.903174	-798.377524	77.805686	-249.444914	-835.997463	101.106209	-305.621753	-830.008023	-59.135565	-247.628455	17.908617	47.181047	-501.586092	-363.121098	64.249747	-496.947390	-763.152173	141.786303	-585.204435	-797.142147	180.303127	-632.302847	-804.103530	
-23.160963	-153.073467	663.749628	10.044751	-116.087757	416.612172	166.135200	-150.731544	448.646067	329.451654	-184.588092	213.305506	359.555107	-390.641226	120.884623	329.345476	-448.301375	33.386870	-147.341360	-135.259195	409.119188	-297.544518	-29.403275	194.574635	-377.852894	-229.910303	121.958533	-403.097778	-299.536126	41.575930	15.028778	-4.656963	198.735275	0.000000	0.000000	0.000000	157.963410	-192.467720	28.187901	172.461428	-236.404388	-436.636585	70.341855	-131.340498	-807.528247	84.365739	-247.500400	-845.229895	109.329742	-302.805750	-837.967535	-50.889446	-249.228996	20.802814	69.472255	-525.702070	-339.831415	128.943500	-623.290509	-723.598776	211.108352	-711.547020	-744.001404	251.653774	-757.057917	-749.925426	
-15.641534	-150.856691	663.768035	18.041397	-113.964291	416.681217	173.883270	-148.288447	450.233474	342.695898	-191.854481	220.433546	387.846830	-385.314153	108.896644	368.582341	-432.831538	12.646196	-139.426627	-132.293394	408.810886	-288.086344	-22.592318	195.124685	-373.716357	-220.849708	122.412171	-400.195693	-289.895156	41.926189	21.176299	-3.664223	198.195355	0.000000	0.000000	0.000000	164.540123	-187.213185	25.857133	170.094770	-224.597078	-439.732833	73.675814	-130.004930	-814.943659	89.948680	-245.814780	-852.818174	115.749175	-300.551770	-844.284626	-42.137525	-250.508928	24.643284	87.635130	-550.660401	-313.068869	168.188829	-727.797943	-663.027598	252.356930	-815.926384	-673.306239	293.718574	-860.561310	-680.176808	
-8.760995	-148.084543	663.453444	25.907492	-111.886844	416.400197	181.490322	-145.963073	451.377106	354.908354	-197.776422	226.776854	412.922746	-377.308842	99.073401	404.463736	-413.314806	-3.518932	-131.622973	-129.482864	408.117106	-278.544388	-14.691619	195.907545	-371.537385	-209.329697	122.464215	-400.269551	-277.131389	41.694075	27.102068	-2.389297	197.491848	0.000000	0.000000	0.000000	170.851253	-181.737831	23.917152	167.450970	-215.447802	-441.973931	76.689679	-129.111543	-820.571200	93.975760	-244.723486	-858.601142	119.832160	-299.255939	-848.994726	-33.598069	-251.268862	29.541736	100.186848	-578.890751	-279.888127	178.307639	-807.995966	-598.864085	262.175069	-896.814420	-604.701748	302.799781	-941.576990	-614.510523	
-3.138268	-145.264589	662.798301	32.889720	-110.292439	415.763046	188.328296	-144.050928	451.676891	365.372534	-201.037113	231.196455	433.266030	-367.619423	91.387519	434.146803	-392.529593	-14.781586	-124.689212	-127.262350	407.104006	-269.552545	-6.730251	196.670031	-370.663931	-196.726256	121.812783	-401.984431	-262.714908	40.505057	32.396451	-1.090874	196.704196	0.000000	0.000000	0.000000	176.356553	-176.612653	22.297013	164.733119	-208.691741	-443.576632	78.799968	-128.763605	-824.699237	95.833310	-244.379756	-862.830296	121.080094	-299.053384	-852.437061	-26.112764	-251.395517	35.440134	104.857203	-609.524664	-239.462992	159.135697	-865.495956	-542.564068	240.458829	-956.433470	-551.134860	278.443634	-1002.142981	-565.901789	
0.838558	-142.602419	661.937818	38.467094	-109.175544	414.927247	193.969960	-142.396341	451.063490	373.700887	-200.680465	233.110595	448.061821	-357.224829	85.225352	456.093538	-372.771120	-22.417462	-119.156651	-125.581842	406.001709	-261.604203	0.702640	197.299159	-370.503507	-184.062888	120.304071	-404.163309	-247.813065	38.149614	36.796363	0.141451	195.931796	0.000000	0.000000	0.000000	180.463264	-172.616544	20.672672	161.411854	-204.371886	-444.978557	79.570210	-128.750418	-827.876445	95.113426	-244.554413	-866.073954	119.191919	-299.655532	-855.178180	-20.428247	-250.909973	42.005446	99.869730	-638.874874	-194.622910	111.462850	-899.490074	-498.404141	186.903487	-993.994589	-516.683882	219.841945	-1040.977758	-538.082637	
3.140398	-140.041649	661.056631	42.555717	-108.159961	414.120455	198.345744	-140.542917	449.777186	379.882437	-196.285883	232.657724	457.406659	-346.440372	79.852763	470.267446	-354.972871	-28.105413	-115.116653	-124.023348	405.073171	-255.000489	7.334903	197.773021	-370.597900	-172.076409	117.933046	-406.092730	-233.304266	34.640256	40.287320	1.374546	195.239093	0.000000	0.000000	0.000000	182.750094	-170.426593	18.654751	156.784171	-202.483570	-446.641441	78.923593	-128.672330	-830.720970	91.874043	-244.772105	-868.987597	114.303197	-300.509355	-857.810965	-17.019529	-249.973351	48.592639	85.201208	-662.868425	-151.532137	38.855429	-906.182431	-466.155854	103.688746	-1004.365373	-499.521897	128.958169	-1052.007650	-528.538042	
3.906978	-137.573897	660.297566	45.307502	-106.981652	413.523184	201.549039	-138.251155	448.184270	384.095187	-188.163006	230.493157	462.087594	-334.983025	74.715116	477.567993	-338.690334	-33.172716	-112.419550	-122.291753	404.475816	-250.048267	12.808962	198.073387	-370.804244	-161.604321	114.865200	-407.565442	-220.202015	30.240458	42.932386	2.591228	194.662160	0.000000	0.000000	0.000000	183.017318	-170.410610	15.990789	150.504496	-202.786619	-448.871703	77.026410	-128.337340	-833.690789	86.548243	-244.731885	-872.068532	106.940197	-301.222329	-860.771496	-16.138972	-248.829914	54.413169	62.494138	-679.274445	-117.388131	-50.619152	-882.269323	-443.480422	-1.494029	-981.682728	-495.057928	13.839522	-1028.160529	-531.867753	
3.317871	-135.382188	659.753700	46.894748	-105.752441	413.236726	203.652603	-135.764693	446.655736	386.527540	-177.207941	227.468774	463.241535	-322.398838	69.543799	479.490824	-322.756109	-38.294061	-110.890418	-120.503744	404.274732	-247.074106	16.550928	198.202293	-371.281337	-153.695700	111.517513	-408.740537	-209.827188	25.537941	44.753877	3.546562	194.236385	0.000000	0.000000	0.000000	181.295769	-172.516163	12.682181	142.627573	-204.783340	-451.716383	74.031592	-127.831904	-836.944265	79.635167	-244.421506	-875.501642	97.756308	-301.681794	-864.209667	-17.743347	-247.697588	58.895363	33.627078	-687.803820	-98.104418	-145.851347	-827.528780	-427.652821	-116.443106	-922.901486	-498.333400	-112.412935	-965.261069	-542.375317	
1.691009	-133.615757	659.493270	47.537816	-104.740737	413.298656	204.788749	-133.506185	445.474480	387.361919	-164.409265	224.305433	462.122342	-308.301158	64.268769	477.836139	-306.006365	-43.624612	-110.305234	-118.955940	404.490899	-246.069071	18.150394	198.175936	-372.138783	-149.172515	108.537364	-409.835613	-203.345791	21.413157	45.840474	3.917254	193.975687	0.000000	0.000000	0.000000	177.867384	-176.280083	8.907641	133.507401	-207.670515	-455.041988	70.066114	-127.223687	-840.439139	71.579305	-243.857142	-879.240609	87.379296	-301.816759	-868.030432	-21.422311	-246.720853	61.704866	-0.630511	-688.631810	-97.240891	-235.828231	-744.983215	-416.371383	-227.886807	-828.704536	-505.164491	-235.193343	-863.083359	-555.314048	
-0.517761	-132.221220	659.578109	47.477490	-104.125852	413.702956	205.161138	-131.728054	444.760583	386.671558	-150.478176	221.363828	459.756538	-292.403646	58.816979	474.029356	-287.741261	-49.200241	-110.421916	-117.829746	405.097262	-246.559363	17.646387	197.953247	-373.249994	-148.244253	106.545473	-410.789967	-201.356643	18.703303	46.308251	3.508494	193.872374	0.000000	0.000000	0.000000	173.136010	-181.085549	4.771367	123.705459	-210.603320	-458.788497	65.375729	-126.398157	-844.190348	62.867552	-242.924062	-883.262450	76.438090	-301.462937	-872.141945	-26.714863	-246.020702	62.431689	-40.219707	-680.877651	-115.608755	-311.357451	-640.165136	-407.438388	-323.600618	-703.201501	-511.520391	-340.660639	-725.289310	-566.030494	
-2.942371	-131.050962	660.070227	46.802949	-103.964470	414.429820	204.876859	-130.455509	444.454051	384.262657	-135.817054	218.631778	456.582210	-274.524027	52.993650	468.521134	-267.777279	-55.196528	-111.153939	-117.165490	406.097253	-247.934400	15.372193	197.481103	-374.374773	-150.622517	105.915880	-411.382770	-203.850016	17.917790	46.073137	2.329525	193.946127	0.000000	0.000000	0.000000	167.365588	-186.492675	0.249469	113.846269	-213.096462	-463.032677	60.280162	-125.148942	-848.290200	54.005397	-241.451162	-887.604668	65.548851	-300.433683	-876.539587	-33.499467	-245.674255	60.494060	-83.993663	-662.376792	-151.144025	-365.261153	-520.990777	-398.603745	-392.829747	-554.563357	-512.925206	-416.363742	-560.578490	-569.141184	
-5.516390	-130.109032	661.036293	45.330634	-104.351936	415.478486	203.819694	-129.673784	444.298835	379.647236	-120.764605	215.805921	452.368090	-254.774797	46.517181	460.968529	-246.396387	-61.875650	-112.690719	-117.057725	407.611350	-249.806720	11.599342	196.797709	-375.330632	-155.912627	106.747226	-411.534796	-210.449458	19.217717	44.747989	0.425526	194.269651	0.000000	0.000000	0.000000	160.527075	-192.354969	-4.630776	104.505973	-215.081059	-467.823594	54.980387	-123.374921	-852.745215	45.379873	-239.389428	-892.237882	55.232468	-298.683384	-881.202562	-42.003482	-245.568892	55.400471	-128.595848	-631.113570	-199.233403	-393.378811	-398.126884	-388.824820	-427.827593	-396.645543	-506.160360	-453.090523	-384.818531	-560.678001	
-8.501581	-129.598106	662.500657	42.614141	-105.497355	416.830510	201.613461	-129.505264	443.912373	372.095054	-105.918045	212.431532	446.286252	-233.761166	39.060445	450.618902	-224.384052	-69.505061	-115.479457	-117.763617	409.757337	-252.115853	6.570654	196.058216	-376.143394	-163.596157	108.960412	-411.290871	-220.486105	22.504579	41.772252	-2.218214	194.919007	0.000000	0.000000	0.000000	152.366126	-198.704816	-9.580176	96.144301	-216.712276	-472.956118	49.468184	-121.084134	-857.278967	37.153846	-236.807368	-896.873117	45.805781	-296.299725	-885.899122	-52.554676	-245.251244	47.195534	-169.651335	-587.048490	-253.544158	-396.984259	-282.707474	-380.169614	-428.357433	-247.452899	-492.994172	-450.383061	-219.564975	-542.868037	
-12.178077	-129.859512	664.301659	38.232437	-107.727374	418.300779	197.855975	-130.266086	442.855269	361.032329	-92.207320	208.060214	437.336520	-212.382160	30.179889	436.635501	-202.684373	-78.441622	-119.933704	-119.681606	412.414755	-254.965355	0.587023	195.394618	-376.957301	-173.050005	112.366014	-410.753231	-233.133533	27.547224	36.753724	-5.600876	195.859784	0.000000	0.000000	0.000000	142.730225	-205.472893	-14.134817	89.217078	-218.368194	-478.001694	43.758935	-118.341587	-861.349693	29.466048	-233.830432	-900.963412	37.553122	-293.434523	-890.166348	-65.122429	-244.043271	36.599678	-203.776973	-532.823941	-307.438095	-382.640744	-181.461635	-377.366635	-403.819597	-121.333716	-481.734405	-419.594818	-82.518793	-526.397713	
-16.471167	-131.342159	666.021463	32.127050	-111.458734	419.464477	192.438428	-132.466017	440.666999	346.511749	-80.502291	202.413158	424.873349	-191.359242	19.448879	418.684378	-181.711466	-89.002900	-126.095694	-123.312400	415.090618	-258.520720	-6.192171	194.767460	-377.857237	-183.928374	116.701849	-410.005231	-247.859936	34.084150	29.715205	-9.631102	196.894666	0.000000	0.000000	0.000000	131.899052	-212.305240	-17.887010	84.241066	-220.786534	-482.493521	38.142615	-115.271845	-864.290635	22.764571	-230.639538	-903.850942	31.040876	-290.285212	-893.433581	-78.999664	-241.423486	24.725265	-229.672760	-473.273001	-355.438868	-358.458566	-95.267872	-384.833737	-368.157074	-22.651995	-482.759296	-377.564061	20.888965	-524.782628	
-20.961825	-134.449345	667.096883	24.586940	-116.979086	419.776070	185.551576	-136.593786	436.987700	329.129666	-71.010051	195.559004	408.740888	-170.718995	6.810729	397.246845	-160.653848	-101.169598	-133.655195	-129.060043	417.027598	-263.188786	-13.883062	193.977959	-378.798585	-196.501759	121.794943	-409.021604	-264.808541	42.000363	21.076888	-14.016453	197.743685	0.000000	0.000000	0.000000	120.615582	-218.673863	-20.602013	81.693029	-224.951055	-486.056691	33.079996	-112.114535	-865.440595	17.826081	-227.527265	-904.917507	27.130180	-287.136748	-895.182603	-92.996311	-237.329547	12.804601	-248.361557	-413.989000	-394.177492	-331.198804	-22.377491	-404.954147	-333.692586	50.734986	-502.958681	-339.023154	93.213575	-546.747052	
-25.246222	-139.327519	667.067990	15.992489	-124.181888	418.839339	177.466147	-142.840512	431.827964	309.604709	-63.373227	188.049252	389.035937	-149.716165	-7.248748	372.935505	-137.689205	-114.436898	-142.212345	-136.973976	417.547149	-269.727878	-22.775718	192.837611	-379.600924	-211.527412	127.827508	-407.605447	-284.645883	51.565734	11.550708	-18.356435	198.173872	0.000000	0.000000	0.000000	109.628464	-224.225044	-22.260945	81.797709	-231.547472	-488.495067	28.776043	-109.215667	-864.328921	15.338838	-224.858600	-903.792325	26.517857	-284.308835	-895.113375	-106.061310	-232.129891	2.073098	-262.728848	-359.509744	-422.439567	-306.239513	38.214117	-438.572518	-309.970847	100.464385	-543.774813	-315.533522	136.141331	-593.236710	
-29.132174	-145.658038	665.843535	6.775863	-132.340990	416.683438	168.543513	-150.783388	425.722024	288.657860	-57.107575	180.770813	365.816270	-127.364469	-21.753951	345.994914	-111.103929	-127.753385	-151.320000	-146.473535	416.468677	-278.834832	-33.229017	191.276588	-379.876750	-229.686217	135.413353	-405.216070	-308.063627	63.571006	1.977740	-22.302735	198.095779	0.000000	0.000000	0.000000	99.269230	-228.910609	-23.159728	84.612424	-240.431212	-489.908997	25.132428	-106.866600	-860.921231	15.668038	-222.829673	-900.597390	29.509339	-281.905433	-893.310555	-117.732156	-226.351030	-6.475798	-276.269126	-312.580007	-440.540240	-288.601893	85.100558	-485.659974	-304.305007	124.902239	-600.227772	-315.716773	147.745479	-655.889473	
-32.438083	-152.564116	663.801973	-2.379333	-140.098333	413.824854	159.465493	-159.178835	419.550000	267.276175	-51.883562	174.461667	339.220196	-103.355475	-35.491736	316.562485	-80.293491	-139.645201	-160.285279	-156.210536	414.256214	-290.331126	-45.658389	189.173718	-378.709526	-251.073871	145.363443	-400.686506	-335.253913	79.203370	-6.799259	-25.456073	197.608247	0.000000	0.000000	0.000000	89.597695	-232.807604	-23.742210	90.326601	-250.344846	-490.533747	22.277476	-104.911551	-855.562413	19.071750	-221.005535	-895.850336	36.228544	-279.377809	-890.110380	-127.979039	-220.469317	-12.338185	-291.450059	-274.742094	-449.731645	-282.998239	114.227785	-544.434969	-318.773049	122.771920	-661.069880	-340.163407	128.276050	-718.187515	
-34.764145	-158.852714	661.676506	-10.474358	-145.854537	411.100095	151.282318	-166.235917	414.257305	247.000261	-47.687473	169.332721	310.144777	-78.931856	-47.328974	285.385357	-46.545688	-148.478756	-168.114497	-164.378526	411.824693	-302.639383	-60.543604	186.176308	-374.466084	-274.999484	158.333854	-392.005352	-365.580164	99.734052	-14.067138	-27.326001	196.973771	0.000000	0.000000	0.000000	80.809797	-235.964633	-24.109929	99.161895	-259.217350	-490.291157	21.134016	-102.479319	-848.581951	25.969335	-218.096530	-890.060704	46.855715	-275.366420	-885.754446	-136.765254	-214.926704	-15.471338	-308.567158	-247.312476	-451.838861	-291.889232	120.505707	-609.221674	-347.362075	97.330044	-715.721412	-378.451670	85.379067	-767.110888	
-35.552054	-163.488354	660.269775	-16.511968	-148.377361	409.358202	145.071190	-170.284414	410.605054	229.892975	-44.693457	165.175052	281.075292	-57.036738	-56.486278	254.860209	-13.614587	-153.028794	-173.844677	-169.350668	410.143102	-313.039931	-78.328227	181.811268	-365.141623	-300.047335	174.624309	-376.727573	-397.347729	126.200952	-19.396159	-27.598015	196.482568	0.000000	0.000000	0.000000	73.491617	-238.378443	-23.780667	111.014086	-265.305355	-488.613359	23.504193	-98.044499	-839.887153	36.860989	-212.258187	-883.338689	61.482781	-268.099728	-880.158316	-143.661180	-210.336052	-16.056033	-325.605019	-231.904540	-448.967787	-312.847135	101.561375	-670.271738	-380.849046	53.138886	-759.644801	-417.974362	27.272992	-800.911415	
-34.456839	-165.697194	660.144419	-20.077675	-147.036316	409.161360	141.315976	-170.331580	409.056912	217.943499	-42.823020	161.926380	256.318144	-40.920732	-62.638754	229.482250	13.242379	-153.409693	-177.116791	-170.109589	409.807067	-318.658624	-98.786972	175.980585	-349.399787	-323.836656	194.234966	-353.407490	-427.267949	159.130433	-22.667498	-26.178240	196.326629	0.000000	0.000000	0.000000	68.509322	-240.033530	-21.936211	125.273290	-268.001050	-484.751612	31.424735	-89.629960	-828.849935	51.871520	-201.629010	-875.211000	79.570743	-256.049696	-872.809543	-148.015221	-207.415966	-14.411687	-339.124136	-229.919855	-443.308300	-338.524013	61.339919	-718.090219	-411.098953	-5.043250	-790.772368	-450.133666	-40.898567	-821.447348	
-31.736585	-164.830518	661.444641	-21.671201	-141.732828	410.620660	139.533300	-166.290129	409.821590	212.288343	-41.501634	160.145310	240.683697	-32.014063	-65.707344	214.247434	30.392681	-151.145588	-178.467846	-166.407413	410.852570	-317.837678	-120.647279	169.444430	-327.755192	-343.283677	216.986822	-323.069937	-450.874141	198.311630	-24.071571	-23.076446	196.548462	0.000000	0.000000	0.000000	66.578026	-240.907136	-17.942639	140.950824	-267.569816	-478.334010	45.849539	-75.339306	-814.534292	70.285076	-184.903146	-864.632955	99.734049	-238.416688	-862.713593	-149.412866	-206.619670	-11.031446	-345.612542	-241.086075	-436.823767	-360.459952	9.345594	-748.915506	-431.777922	-69.848888	-808.903197	-469.600784	-112.857086	-830.582519	
-28.449184	-160.332967	663.913733	-22.626162	-132.851906	413.397530	138.351515	-158.860694	412.830826	212.806875	-39.874040	160.834228	237.243715	-29.108279	-65.423746	212.281988	38.005296	-147.678541	-179.227876	-158.726730	412.709473	-311.324447	-142.062910	163.573682	-302.928448	-355.674447	242.473747	-289.391602	-464.132440	242.673466	-24.110054	-18.407986	197.035815	0.000000	0.000000	0.000000	67.741554	-240.964706	-11.743614	156.822412	-264.548394	-469.685571	65.042731	-54.654146	-796.103015	90.364737	-162.058608	-850.272048	120.239458	-215.345008	-848.633255	-148.091575	-207.757151	-6.590661	-343.120183	-262.516859	-430.791749	-373.649563	-44.317885	-765.149168	-439.413965	-133.451724	-816.982981	-473.957006	-181.749030	-831.963488	
-26.258078	-152.197963	666.991774	-24.647979	-121.488024	416.788273	135.995271	-149.477665	417.745824	218.055724	-37.534568	164.885122	245.851332	-29.654750	-61.103914	223.713675	38.953207	-142.933270	-181.066082	-148.345747	414.315096	-302.205969	-161.965950	159.490749	-278.904626	-359.967415	269.845039	-257.273920	-465.167749	290.128641	-23.444140	-12.608553	197.571905	0.000000	0.000000	0.000000	71.215587	-240.215081	-3.984386	171.685460	-259.540590	-459.763669	84.894291	-29.329339	-773.606825	109.823933	-134.767357	-831.680433	139.642725	-188.092807	-830.316199	-144.899670	-210.090855	-1.871824	-332.114089	-289.549174	-425.686033	-377.385958	-93.078951	-771.645032	-433.716128	-190.802181	-818.906266	-463.570148	-243.194074	-829.587745	
-26.958927	-141.391685	669.929235	-29.113141	-109.544233	419.872074	131.002133	-140.148585	424.002880	225.720753	-35.122830	172.603429	263.324257	-31.662100	-52.073519	245.684291	36.374576	-135.458252	-185.307756	-137.255586	414.449912	-294.110842	-180.826792	157.429935	-259.431543	-357.127669	297.576104	-231.294033	-454.849534	337.640303	-22.645334	-6.462774	197.961315	0.000000	0.000000	0.000000	75.759747	-238.816750	4.223838	184.626725	-253.370628	-449.801041	101.571533	-2.515790	-748.466638	126.668811	-105.806367	-810.211192	156.884253	-158.917692	-809.295080	-140.895712	-212.791514	2.398943	-315.215500	-317.903027	-421.329187	-373.329176	-134.300908	-772.400095	-417.160323	-239.581452	-816.574515	-441.548229	-295.137877	-824.879980	
-31.884825	-129.817455	671.997339	-36.420246	-99.428280	421.790599	122.873410	-133.119800	430.790787	233.495935	-34.192665	183.445302	284.821280	-34.678880	-38.525876	273.117136	31.945570	-124.067486	-192.292437	-127.806744	412.167721	-288.971660	-199.813682	156.699605	-246.865770	-349.413263	323.350920	-214.607885	-436.171736	381.478526	-22.026790	-1.028622	198.133852	0.000000	0.000000	0.000000	80.284804	-237.080466	11.748316	195.208239	-247.094497	-440.904696	113.708921	22.875624	-722.864707	139.918513	-77.877262	-788.233810	171.227288	-130.359086	-788.024421	-136.899648	-215.321070	5.736596	-296.269066	-345.283341	-416.983812	-364.008188	-168.162683	-769.655619	-393.931369	-279.473038	-810.535320	-412.577174	-337.348636	-817.816534	
-41.557944	-119.755092	672.704962	-45.858380	-93.261992	422.051603	112.231587	-130.278739	437.148404	239.700147	-36.543655	195.965464	305.463836	-39.832521	-22.140134	300.285309	25.374880	-109.400371	-201.255443	-121.990699	407.202671	-286.608298	-218.953230	155.987648	-242.050608	-339.251838	344.318365	-208.616981	-413.103240	417.629928	-21.746623	2.647356	198.149784	0.000000	0.000000	0.000000	84.105315	-235.373499	17.788533	203.178449	-241.614765	-433.858521	122.105196	45.123718	-698.878565	149.542812	-52.859098	-767.855021	182.232619	-104.487206	-768.589964	-133.417482	-217.425027	7.982372	-279.094734	-370.986300	-411.753760	-352.076125	-196.472298	-764.679105	-368.317747	-311.739471	-802.178845	-381.117953	-371.210018	-809.226951	
-55.590702	-112.984661	671.913244	-56.105123	-91.908831	420.710081	100.391252	-132.319787	442.307068	243.496413	-43.415026	208.169146	321.654261	-49.037482	-5.759511	322.604099	15.037973	-94.001252	-210.871800	-120.548473	400.188789	-286.219635	-236.240044	153.746109	-244.735459	-328.601283	357.888380	-213.125455	-389.743243	442.793566	-21.972385	3.971014	198.102767	0.000000	0.000000	0.000000	86.756574	-234.052773	21.986736	208.318646	-237.469621	-429.027026	127.902107	63.388432	-678.115496	155.933106	-31.882222	-750.565287	189.824947	-82.702470	-752.373764	-130.888934	-218.909956	9.170775	-266.425339	-394.098658	-405.461772	-339.834479	-220.230416	-758.617052	-344.139548	-337.395150	-793.408335	-351.387000	-397.791734	-800.478986	
-72.418113	-110.154624	669.804471	-65.805530	-94.584342	418.286431	88.826368	-138.320211	445.976508	244.909996	-54.769049	218.246813	331.745041	-63.489542	7.796440	337.793407	-0.384612	-80.941129	-219.857012	-122.667997	392.334049	-287.275846	-248.885466	148.777728	-253.376876	-318.896596	362.962002	-225.885504	-369.589313	455.810778	-22.784089	3.122434	198.026252	0.000000	0.000000	0.000000	88.024612	-233.338588	24.404735	210.936404	-234.662814	-426.254075	131.739712	77.302502	-661.696166	159.785085	-15.408493	-737.388537	194.578345	-65.566308	-740.260428	-129.574600	-219.683314	9.340762	-259.399979	-412.612085	-399.199576	-329.251154	-238.799268	-753.103005	-324.281518	-356.495638	-785.957367	-326.701529	-417.287909	-792.936640	
-89.581413	-110.841219	666.797690	-74.039450	-99.493670	415.447009	78.668058	-146.292740	448.323366	244.439486	-69.134269	225.231201	335.656749	-82.475173	16.887344	345.617251	-20.370784	-72.202523	-227.384700	-126.578707	384.694582	-289.157341	-255.338467	140.971594	-265.045183	-311.034165	360.612653	-242.667401	-354.773100	458.247497	-24.120278	0.951125	197.890294	0.000000	0.000000	0.000000	88.091151	-233.200046	25.465815	211.918277	-232.615040	-424.943917	134.226526	87.186199	-650.151849	162.141104	-3.117747	-728.746889	197.633100	-52.721413	-732.544204	-129.366730	-219.839687	8.505673	-257.432398	-425.301666	-394.440858	-321.387426	-251.828505	-749.623256	-309.870480	-369.457543	-781.044766	-308.377830	-430.314172	-787.716330	
-104.877776	-114.165191	663.421001	-80.692882	-104.887172	412.669144	70.203355	-154.359010	449.729274	242.456394	-84.351831	229.203549	334.102410	-103.535389	21.504896	346.878678	-42.405392	-67.899028	-233.396593	-130.657817	377.862143	-291.334354	-256.291077	131.579115	-276.610340	-305.578829	353.569031	-258.894276	-346.049251	453.542569	-25.907279	-1.534006	197.660620	0.000000	0.000000	0.000000	87.348095	-233.466213	25.586283	212.053112	-230.410796	-424.571188	136.099704	94.200409	-643.400114	163.972720	5.939443	-724.296983	199.991137	-43.229171	-728.740644	-129.950155	-219.558869	6.666762	-258.515832	-432.810183	-392.051296	-316.091192	-260.124909	-748.706022	-300.206617	-377.563539	-778.911820	-295.664899	-438.320227	-785.097670	
-117.279033	-119.410064	660.121451	-86.364367	-109.865039	410.120131	62.909123	-161.610464	450.498673	239.027654	-98.627390	230.910183	328.196297	-123.610900	22.750367	342.985482	-63.063309	-66.739523	-238.518607	-134.234105	372.050290	-294.239878	-254.543616	122.617752	-286.050709	-303.205069	345.082585	-271.144031	-343.524869	445.574013	-28.097832	-3.859844	197.329355	0.000000	0.000000	0.000000	86.125335	-234.001792	24.827567	211.621143	-227.032236	-425.066480	137.779456	99.940327	-641.084539	165.741601	12.962152	-723.328823	202.068312	-35.958543	-727.993660	-130.993846	-219.005598	3.840004	-260.517070	-436.534212	-392.248854	-312.583715	-264.902515	-750.256318	-293.705657	-382.199592	-779.265910	-286.812708	-442.796483	-784.813076	
-126.790271	-126.236422	657.056840	-91.793237	-114.623793	407.681944	56.058980	-168.329862	450.646705	234.267403	-110.957866	231.206686	319.563707	-139.952767	21.947116	336.092359	-79.110328	-67.036998	-243.533015	-137.728785	367.243400	-299.232106	-254.100900	115.944828	-292.490549	-305.008804	337.955050	-277.358335	-347.577776	437.480529	-30.602057	-6.290801	196.893882	0.000000	0.000000	0.000000	84.743454	-234.698450	22.934784	210.676035	-221.748537	-426.704750	139.274492	105.647143	-642.902210	167.579881	18.894008	-725.266675	204.033369	-29.958354	-729.650162	-132.140746	-218.349280	0.023908	-261.636045	-438.013678	-394.893636	-309.810133	-267.513646	-753.985150	-288.482630	-384.707175	-781.686346	-279.652459	-445.117687	-786.468097	
-133.646260	-134.611987	654.024626	-97.299480	-120.236266	404.987009	49.297969	-175.785475	449.865332	228.746700	-121.036111	230.766336	310.357242	-150.453984	20.100630	328.832725	-87.940153	-67.328476	-248.841095	-142.436036	363.317043	-307.538785	-258.976531	112.780171	-295.444503	-312.662317	333.907208	-276.331237	-359.495523	430.797643	-33.237515	-9.446437	196.339740	0.000000	0.000000	0.000000	83.747944	-235.354470	19.630974	209.543324	-214.214902	-429.736434	140.489002	111.921739	-648.583059	169.723872	24.370212	-729.769629	206.316325	-24.438643	-733.418343	-132.902790	-217.832484	-4.841746	-260.023249	-438.863272	-399.768482	-306.363321	-269.549221	-759.661618	-282.336010	-386.567491	-785.852356	-271.553663	-446.718210	-789.839709	
-137.836014	-144.661270	650.628479	-102.594963	-128.140819	401.564978	42.881213	-185.631329	447.631389	223.510399	-129.171391	229.941053	302.689496	-153.845777	17.744029	323.615556	-87.846467	-66.513684	-254.256792	-150.031117	360.169552	-319.187289	-272.150800	113.863556	-294.248509	-328.263165	333.306171	-267.389473	-381.262305	425.045507	-35.756883	-13.975776	195.625622	0.000000	0.000000	0.000000	83.737710	-235.713138	14.769313	208.911029	-204.370734	-434.175806	141.555375	118.863928	-657.805014	172.684295	29.905632	-736.726611	209.671867	-18.671372	-739.337976	-132.768363	-217.698582	-10.838562	-253.849374	-440.262725	-406.800602	-300.665121	-272.407956	-767.315209	-272.962174	-388.986987	-791.777795	-259.772293	-448.703051	-794.984926	
-139.156897	-156.429796	646.531046	-106.879045	-139.478956	397.095095	37.649533	-199.133490	443.392152	219.681858	-136.011639	228.721300	297.883280	-149.692669	15.172480	321.924547	-78.190756	-63.584520	-259.024122	-161.973217	357.852762	-332.424645	-295.063707	119.745402	-287.805789	-353.755050	335.361000	-250.390275	-414.458675	418.195603	-37.961691	-20.421093	194.641080	0.000000	0.000000	0.000000	85.038222	-235.562133	8.354788	209.512316	-192.293573	-439.793020	143.107454	126.400817	-670.122640	177.116064	36.042710	-746.214911	214.883661	-11.978125	-747.709221	-131.416911	-218.046017	-17.975403	-241.704200	-442.464103	-416.038945	-291.319862	-276.801059	-777.192321	-258.476178	-392.415339	-799.801446	-242.116161	-451.380442	-802.195929	
-137.484174	-169.545970	641.549189	-109.168626	-154.528027	391.508841	34.742113	-216.452823	436.737255	217.934361	-141.954060	226.750959	295.920526	-138.180802	12.719064	323.624578	-59.517031	-57.549476	-262.044873	-178.961758	356.495665	-344.027906	-327.327930	130.526437	-274.782231	-389.952330	338.393758	-226.078398	-459.053709	407.671159	-39.771683	-28.966237	193.190143	0.000000	0.000000	0.000000	87.572263	-234.779886	0.569233	211.757492	-178.153707	-446.167749	146.246195	134.461634	-684.929915	183.598214	43.276750	-758.423795	222.459073	-3.883995	-758.991973	-128.890845	-218.725847	-26.148410	-223.081432	-444.533666	-427.546354	-277.485066	-282.412817	-789.616505	-238.043475	-396.281222	-810.470499	-217.755851	-454.041378	-812.033741	
-133.007459	-183.100093	635.696349	-108.667027	-172.412600	385.015665	35.156246	-236.358004	427.635407	218.272902	-146.832236	223.534606	295.380495	-120.277451	10.802394	326.826520	-33.899712	-47.876435	-262.183035	-200.526880	356.093369	-350.404486	-366.620457	145.319250	-254.071774	-435.870299	339.870194	-196.152390	-513.017264	391.252224	-41.142088	-39.209812	191.084223	0.000000	0.000000	0.000000	90.914113	-233.357424	-8.352064	215.585018	-162.397767	-452.901631	152.279777	142.904369	-701.518818	192.569180	51.819371	-773.570839	232.563221	5.612433	-773.714179	-125.588813	-219.380087	-35.176876	-198.824643	-444.409464	-441.353734	-259.158461	-287.669949	-804.851015	-212.433000	-398.995338	-824.342827	-187.935580	-455.114703	-825.214801	
-126.414101	-195.896020	629.224424	-105.202581	-191.285872	378.074464	39.176933	-256.504723	416.696326	220.121068	-150.190837	218.806742	294.195796	-98.293326	9.700753	328.851313	-5.149921	-35.204396	-258.824300	-224.806773	356.376690	-349.161330	-408.940988	162.135496	-225.905087	-488.720089	336.401946	-163.341139	-572.954079	367.009292	-41.999511	-50.198913	188.306588	0.000000	0.000000	0.000000	94.364149	-231.429280	-18.075276	220.457294	-146.197103	-459.706820	162.783769	151.421465	-718.790601	204.418817	61.384144	-791.392325	245.067573	15.756032	-792.007993	-122.127846	-219.598441	-44.709052	-171.698306	-439.467666	-457.239827	-237.493779	-289.946766	-822.824530	-184.155111	-398.384859	-841.605061	-155.953957	-452.742301	-842.085114	
-119.091802	-206.799010	622.712231	-99.722366	-208.675604	371.378215	45.708531	-274.147134	405.347666	222.460537	-151.831792	212.990198	290.808704	-75.992331	9.317334	327.761512	21.825645	-21.655311	-252.655027	-248.653660	356.975679	-340.853909	-449.039937	178.476023	-194.022818	-544.303308	324.390802	-133.271181	-634.776243	332.775842	-42.441674	-60.527671	185.144177	0.000000	0.000000	0.000000	96.967875	-229.385397	-27.755916	225.446505	-132.027035	-466.181527	179.744269	159.388898	-734.538589	219.559638	71.038460	-810.170216	259.487005	24.841800	-812.679994	-119.336489	-219.039725	-54.018393	-146.866417	-427.617609	-474.397646	-215.264018	-286.459028	-842.818251	-157.429967	-392.552103	-861.686842	-126.811911	-445.586357	-862.098562	
-113.242309	-214.907320	617.043388	-94.613294	-222.092163	365.749093	51.942955	-287.092325	395.528881	223.884515	-152.141209	207.305593	284.950188	-57.643403	9.197340	323.315812	42.585375	-10.178990	-246.215503	-268.404723	357.625439	-330.006774	-481.440487	192.124333	-167.479350	-598.076925	301.240691	-116.780001	-693.847334	286.956883	-43.183593	-68.645528	182.115979	0.000000	0.000000	0.000000	97.549944	-227.992594	-35.975067	229.324313	-123.835204	-471.852550	204.884761	165.628418	-745.057552	238.102738	79.403462	-826.131775	274.574716	30.790504	-832.550511	-118.371693	-217.407363	-62.127016	-130.904459	-408.378963	-491.491808	-196.587101	-275.536871	-863.481712	-137.712244	-380.891330	-883.248629	-106.669801	-433.676041	-883.887368	
-111.710131	-219.584175	613.012562	-93.308604	-229.809287	361.806839	53.964222	-294.354604	388.921548	222.561631	-151.913124	203.209275	277.241077	-46.608851	8.717888	316.417731	54.446031	-3.376402	-243.454084	-281.161903	358.157102	-324.216579	-501.958644	201.561928	-159.814310	-645.835782	266.345142	-128.662296	-744.189007	230.253348	-45.615178	-73.441443	179.635383	0.000000	0.000000	0.000000	94.759570	-228.242149	-41.436281	230.358573	-126.039199	-476.602793	238.118126	168.401362	-745.437313	259.265212	85.599063	-833.798994	288.127444	33.239718	-846.451883	-120.611015	-214.304826	-68.293556	-128.828025	-382.595482	-507.146701	-185.220325	-257.185706	-883.218524	-129.602537	-364.033926	-904.352891	-100.592522	-417.955941	-905.402772	
-117.349336	-220.164145	610.896536	-98.970848	-230.977763	359.713771	48.258894	-295.829013	386.327845	216.467660	-151.663745	201.595886	268.118791	-44.528301	7.276848	307.754948	56.561364	-2.873312	-248.068096	-285.405383	358.401642	-331.513141	-507.932409	205.710852	-185.010428	-681.777997	221.211451	-181.986783	-776.070658	166.019296	-51.199505	-74.438964	177.709629	0.000000	0.000000	0.000000	87.058411	-230.889499	-43.608397	225.744024	-141.671731	-480.654065	276.521293	165.566446	-729.760117	281.749746	90.119089	-826.670210	299.146958	35.322414	-847.389440	-127.307402	-209.046177	-72.319475	-141.189461	-350.908591	-520.274485	-182.607757	-232.271286	-900.468427	-134.918862	-342.636693	-922.869054	-110.566485	-398.806106	-924.360948	
-132.093286	-215.251901	610.379831	-113.220920	-224.904593	359.186392	33.027587	-291.205335	387.579640	203.887305	-150.809169	202.378173	257.189546	-51.444471	4.410349	297.096025	49.065737	-9.673054	-261.960648	-280.305774	358.055335	-357.787500	-496.421121	203.435797	-251.747023	-695.125618	168.830281	-280.807264	-774.064469	99.040722	-60.767607	-71.302997	175.972843	0.000000	0.000000	0.000000	72.729637	-235.939909	-42.820314	211.470831	-170.422908	-484.024155	315.246235	153.609393	-692.017392	305.458225	92.630129	-798.304413	310.698675	39.479519	-828.005850	-139.262544	-200.467298	-74.541207	-163.835508	-313.036090	-530.288707	-187.382537	-201.387211	-914.108697	-152.591358	-316.285562	-937.442896	-135.570933	-375.080578	-939.371155	
-155.426705	-202.464417	610.867100	-134.995277	-210.616412	359.742457	9.438772	-279.178612	391.814579	184.598322	-147.096008	204.525959	243.482860	-65.893242	-0.033210	283.367839	32.626967	-24.448940	-284.166935	-264.767183	356.646141	-403.365491	-462.408511	193.779817	-355.829401	-670.108668	112.992648	-412.335770	-720.291667	34.029877	-73.812541	-63.430722	173.987107	0.000000	0.000000	0.000000	50.788717	-242.109980	-39.925977	184.295767	-207.073140	-486.189031	348.427064	126.631212	-630.167418	330.214178	87.886039	-745.398963	325.989138	40.992772	-784.357860	-156.054854	-187.273146	-75.585955	-189.803610	-268.945692	-537.291449	-195.883422	-164.782474	-923.880093	-178.946691	-283.498130	-947.885966	-171.803145	-344.272796	-950.268539	
-182.620788	-180.245161	611.882220	-159.484267	-188.250501	360.987620	-16.924564	-258.380652	397.717495	161.454596	-136.939442	206.310553	226.663268	-84.317853	-5.549138	265.152849	9.074094	-46.654704	-309.886144	-238.490173	353.964266	-458.475373	-401.264163	177.267636	-474.075566	-594.571448	57.624293	-544.018743	-606.757205	-25.477341	-87.968514	-50.723484	171.557366	0.000000	0.000000	0.000000	23.258222	-246.922573	-35.764757	145.611968	-242.866265	-486.559092	368.281707	81.594272	-551.142375	351.920289	69.290479	-672.353461	342.905282	31.943613	-719.877837	-174.840431	-169.682854	-76.000908	-211.527154	-221.177335	-541.816054	-202.777453	-124.102385	-930.194241	-207.353373	-243.822788	-954.742724	-211.870525	-304.827951	-957.611929	
-206.095618	-150.985899	613.253951	-179.937486	-161.276056	362.739781	-37.879165	-230.063509	403.706969	139.673322	-118.087590	205.868102	208.047240	-101.778038	-10.845390	241.863513	-18.670762	-72.835804	-332.061528	-204.899076	350.517476	-504.990428	-315.864737	156.666896	-572.096382	-473.583043	6.509216	-637.704399	-448.463112	-77.222495	-100.021333	-35.053824	168.849706	0.000000	0.000000	0.000000	-4.009633	-248.640145	-30.867801	103.054767	-270.855185	-485.011095	368.838673	26.028310	-469.308907	364.052404	37.697970	-591.587758	355.422080	10.511021	-645.634149	-191.119951	-151.094650	-76.033915	-223.930211	-175.579285	-544.334392	-203.315261	-83.880234	-933.569574	-230.141416	-200.543980	-958.598949	-246.545524	-259.447905	-961.990098	
-220.456530	-120.832425	615.037861	-192.216349	-135.522893	364.969536	-48.411049	-199.035187	408.291756	122.857311	-92.445021	202.113689	190.057651	-114.548824	-14.453316	215.288266	-47.629767	-96.784520	-345.910179	-170.957296	347.173847	-527.542869	-219.136379	136.261135	-625.427561	-330.509648	-36.771185	-673.179321	-277.967379	-119.870533	-108.173590	-19.907214	166.269174	0.000000	0.000000	0.000000	-24.597477	-248.059157	-25.542885	66.457868	-290.383286	-481.744615	353.182328	-25.901507	-398.883729	364.374756	2.137161	-518.046514	359.667434	-17.064220	-575.871882	-201.893328	-136.640753	-75.537899	-226.776197	-138.026702	-544.963366	-196.123568	-49.459802	-934.262788	-242.939421	-159.543512	-959.687080	-269.877370	-214.399490	-963.615893	
-225.233802	-95.652662	617.304639	-196.448985	-115.509049	367.655600	-49.337817	-171.132901	410.723939	110.908112	-65.319341	195.483509	175.183914	-121.805675	-15.664891	189.703072	-75.332011	-113.248515	-351.076436	-142.854476	344.489765	-522.049927	-127.089475	120.178909	-630.693949	-191.839128	-69.372036	-654.653858	-125.100551	-152.548399	-112.687105	-8.167304	164.250335	0.000000	0.000000	0.000000	-35.325643	-247.254335	-20.204280	41.902655	-305.747758	-477.168978	332.216079	-64.417633	-348.695870	357.475235	-28.358533	-463.469224	357.369422	-43.031199	-522.793138	-206.944170	-129.568450	-74.321682	-223.141944	-110.893351	-543.757748	-182.870571	-23.769801	-932.506282	-245.988919	-125.321221	-958.195291	-281.369540	-175.108289	-962.636746	
-223.004081	-78.423283	620.024324	-194.853113	-102.854025	370.708968	-44.309168	-150.404785	411.526075	102.460339	-42.249510	187.997871	165.561101	-124.785958	-14.762481	169.614235	-99.769521	-120.832840	-349.751266	-123.318845	342.747739	-494.301643	-51.748142	110.845491	-599.073733	-75.636870	-90.096639	-599.653759	-6.558001	-174.797263	-114.504543	-0.911900	163.190500	0.000000	0.000000	0.000000	-36.530585	-247.425198	-15.398301	30.183687	-321.387523	-471.776659	316.586531	-87.491611	-322.466356	350.009473	-49.831849	-434.608480	352.881907	-63.214995	-494.167405	-207.348801	-129.919841	-72.559596	-216.073079	-93.426931	-541.146303	-165.974505	-6.943271	-928.894196	-241.676679	-99.466325	-954.685806	-283.425338	-144.000669	-959.585672	
-216.737837	-69.433149	623.181356	-189.590780	-97.189481	374.102839	-36.371442	-138.150610	412.005488	97.472321	-26.619391	182.113460	162.892836	-125.141904	-12.615074	158.441278	-119.284998	-121.422479	-344.350531	-112.224657	342.205504	-454.670233	1.317689	108.253524	-546.654041	9.871620	-100.052527	-528.443295	72.961230	-187.428109	-114.028896	2.078507	163.512543	0.000000	0.000000	0.000000	-30.435463	-248.461157	-11.469788	29.123238	-339.191839	-465.807912	311.415482	-97.572482	-321.036961	345.742465	-62.806420	-433.838494	348.915399	-77.416117	-493.093150	-204.206372	-135.784839	-70.709408	-207.231578	-84.048256	-537.930470	-147.556125	2.368979	-924.335207	-232.522955	-81.751726	-950.042922	-278.823687	-121.487106	-955.297330	
-208.733704	-67.172569	626.778537	-182.345630	-97.104820	377.870493	-27.361629	-133.439575	413.230577	97.017499	-19.346852	179.315223	167.947616	-124.650280	-9.856229	158.118203	-133.462174	-118.110117	-336.819875	-107.998473	343.040724	-413.482974	33.070978	110.622977	-488.641646	64.794060	-102.145493	-458.135546	117.781772	-192.744073	-111.166298	1.560386	165.477733	0.000000	0.000000	0.000000	-20.025996	-249.636141	-8.460287	35.511646	-358.926428	-459.208142	315.033259	-99.232717	-343.215482	343.335894	-71.061997	-459.476301	344.250204	-89.023570	-517.881531	-198.597121	-144.644629	-69.099204	-197.510173	-81.126640	-534.873431	-129.342580	6.256046	-919.652803	-220.649218	-71.040306	-945.047952	-269.943366	-106.971673	-950.460053	
-200.522602	-69.293877	630.641006	-174.396135	-100.652444	381.881016	-18.380589	-134.147330	415.464233	101.636381	-19.397882	179.599439	180.173339	-125.220586	-6.247898	168.653741	-143.813746	-113.087799	-328.629015	-108.576020	345.227057	-377.856432	48.553434	115.699660	-435.926107	94.427649	-99.820806	-399.185324	136.768587	-193.649278	-105.974195	-1.411557	168.851232	0.000000	0.000000	0.000000	-8.093976	-250.373397	-6.202388	45.974192	-379.543225	-451.841496	320.344472	-98.099513	-384.478006	337.378936	-80.166325	-504.891603	334.360925	-103.336510	-561.359817	-191.718576	-154.259652	-67.716561	-187.613862	-82.749239	-532.313977	-112.763483	6.910799	-915.323399	-207.692815	-66.102282	-940.103510	-258.571545	-99.778401	-945.351440	
-193.162697	-73.484430	634.331339	-166.610735	-105.885876	385.750116	-10.084605	-137.968674	418.320888	110.399160	-24.597451	182.027981	197.760550	-128.734240	-0.808690	188.060356	-154.020262	-106.448145	-320.779677	-112.001240	348.485972	-350.991701	53.643792	121.671539	-394.249551	105.418457	-95.983565	-355.518228	138.925647	-192.542227	-99.138648	-5.688040	172.865369	0.000000	0.000000	0.000000	3.364364	-250.519430	-4.417721	57.208423	-400.081283	-443.660814	318.804842	-99.209539	-435.237001	321.984611	-94.139947	-558.018901	314.515033	-123.482922	-611.102046	-184.705562	-163.144206	-66.373252	-178.141665	-87.029441	-530.210297	-99.136181	6.049894	-911.565892	-194.813511	-66.302463	-935.388716	-245.804794	-99.901134	-940.002316	
-187.482565	-77.777054	637.350917	-159.671962	-111.128398	389.033091	-2.997708	-142.831111	421.262066	121.175849	-32.485380	185.447610	217.852076	-136.718664	7.417105	212.530044	-168.581868	-96.744229	-313.987029	-116.518084	352.265060	-333.414613	53.343524	127.397470	-365.450569	103.661611	-92.528402	-327.070153	130.979521	-191.154452	-91.964072	-10.163957	176.585856	0.000000	0.000000	0.000000	13.125066	-250.221070	-2.822906	66.154031	-420.018131	-434.748030	305.364380	-104.566245	-482.664308	294.786350	-112.094779	-604.904371	283.380846	-147.076494	-653.698009	-178.485366	-170.511962	-64.855456	-169.456476	-92.788255	-528.384151	-89.521394	4.885941	-908.394485	-182.434250	-71.356033	-930.997681	-231.686063	-107.588488	-934.423334	
-183.929812	-80.670080	639.480331	-154.022248	-115.129467	391.557818	2.541580	-147.074089	424.083185	131.836320	-41.126078	189.005328	237.356672	-149.795912	18.822914	237.558625	-190.033957	-82.537976	-308.622112	-120.596327	356.018089	-324.109071	51.350606	132.433125	-348.989718	93.676345	-90.086733	-312.110671	116.465429	-190.421253	-85.732242	-13.848934	179.447626	0.000000	0.000000	0.000000	20.571754	-249.732207	-1.203331	70.472373	-439.190620	-425.252695	280.289485	-112.559894	-516.448101	258.041181	-129.571210	-636.142858	243.911121	-168.539307	-681.047800	-173.705690	-176.070174	-62.954051	-161.723558	-99.767488	-526.651879	-84.332849	4.232589	-905.508555	-170.118420	-80.286730	-926.812603	-215.176718	-121.717313	-928.689688	
-182.110882	-81.452232	640.963354	-149.425717	-117.267451	393.584223	6.834805	-149.794874	426.978936	141.395869	-49.549781	192.355938	254.108597	-167.392603	33.250181	259.631663	-217.907181	-63.243053	-304.333524	-123.286540	359.504630	-320.741166	49.828057	136.888468	-343.030787	78.294972	-88.096885	-308.641657	96.259720	-190.278478	-80.858589	-16.098216	181.510322	0.000000	0.000000	0.000000	25.769204	-249.251733	0.584708	69.257320	-457.597318	-415.231749	247.490586	-120.928376	-533.190978	216.581423	-143.484273	-650.011617	201.134678	-184.701314	-692.404761	-170.495247	-180.039683	-60.453854	-155.048990	-108.019862	-524.733840	-82.679999	4.465621	-902.155971	-157.455191	-90.175944	-922.359600	-196.067225	-137.704205	-923.024549	
-180.590177	-80.486203	642.348046	-144.737593	-117.754884	395.623256	11.094971	-151.045414	430.243239	150.342547	-57.512113	195.583179	267.702881	-187.880460	50.199625	277.279394	-249.604135	-39.196401	-299.902168	-124.559142	362.885915	-320.050851	49.111406	141.011172	-345.207360	58.593559	-85.269275	-314.801430	69.547497	-189.681501	-76.692027	-16.885288	183.238863	0.000000	0.000000	0.000000	29.663351	-248.803624	2.768111	63.819908	-475.109823	-404.443455	212.625757	-129.527302	-536.568371	175.992236	-154.944233	-651.124782	160.341756	-197.360921	-692.240620	-168.237567	-183.227425	-57.108817	-149.665397	-117.012781	-522.137893	-82.283341	5.487607	-897.359205	-145.666267	-97.204566	-917.195136	-177.882698	-149.281138	-917.827026	
-177.683074	-78.881524	644.089850	-138.646950	-117.374988	398.037175	16.716361	-151.521727	433.909624	159.846595	-64.982496	198.902375	279.191636	-209.079010	68.907423	291.155613	-281.485582	-11.760555	-294.008913	-125.099122	366.460680	-319.320954	48.127766	144.768154	-353.461166	34.462898	-80.116971	-329.269206	35.068717	-186.704045	-72.278602	-16.672837	185.043457	0.000000	0.000000	0.000000	33.577154	-248.255222	5.721838	57.305129	-491.239949	-392.521594	181.371140	-139.999115	-534.876623	141.322811	-168.119494	-647.644447	126.146894	-211.687957	-687.720695	-165.964029	-186.586898	-52.714855	-145.899803	-125.237567	-518.348867	-80.806408	7.117001	-890.616026	-136.400784	-99.829359	-911.311031	-164.903433	-153.997622	-913.225534	
-172.742060	-77.654611	646.235814	-130.831542	-116.758334	400.752838	24.050702	-151.960256	437.670393	170.527667	-71.928228	202.419286	289.711367	-229.010426	88.287082	302.656295	-310.327509	16.780913	-286.360141	-125.673078	370.331482	-317.748266	45.547755	147.858918	-366.618282	5.833824	-71.139089	-351.387389	-7.129741	-178.593211	-67.285157	-15.872767	186.986694	0.000000	0.000000	0.000000	37.991210	-247.501229	9.519972	52.798089	-505.222191	-379.791070	157.547431	-154.293058	-537.600361	115.689443	-187.627082	-648.270854	101.357725	-233.174818	-686.410476	-163.293041	-190.340386	-47.365657	-143.888856	-131.096058	-513.300131	-77.099710	9.462320	-882.244940	-129.779324	-98.581379	-904.782893	-157.821186	-152.892261	-908.557671	
-166.547291	-77.111356	648.458837	-122.239407	-115.927078	403.351441	32.086604	-152.675119	441.082789	181.975315	-78.212907	206.152027	299.399608	-246.374424	106.960438	312.375118	-334.299532	43.762475	-277.920704	-126.614837	374.313841	-316.310251	40.826926	150.069937	-384.128979	-26.077966	-56.932376	-380.392979	-54.497854	-162.406423	-62.114899	-14.437841	188.882368	0.000000	0.000000	0.000000	41.997946	-246.662666	13.583877	51.577469	-516.050220	-367.914491	142.157266	-174.090172	-551.996209	99.550675	-216.681469	-659.149680	86.251685	-265.357954	-693.622303	-160.975373	-193.642534	-41.558197	-143.431339	-134.075593	-507.525292	-71.638659	12.806978	-873.050997	-125.102976	-94.395344	-897.663408	-154.776789	-147.691506	-903.071817	
-160.610801	-77.030358	650.329515	-114.310091	-114.603816	405.396944	39.293949	-153.623400	443.787849	193.230138	-83.585382	210.117064	307.610989	-260.535864	123.449427	320.026985	-352.846791	66.724591	-270.106311	-127.880906	378.096146	-316.474666	34.297022	151.503725	-405.315476	-58.766699	-36.570878	-414.671352	-102.608432	-136.254338	-57.398337	-12.106198	190.531183	0.000000	0.000000	0.000000	43.982041	-246.098242	17.089632	52.971592	-522.505928	-359.368074	133.776665	-200.717583	-580.615119	91.016402	-256.086059	-681.694782	78.775452	-308.578376	-710.493061	-160.409035	-195.245817	-35.855233	-144.406106	-134.613949	-501.740444	-65.772680	17.384962	-863.749884	-122.085960	-87.927464	-890.106084	-154.186012	-139.670414	-896.626874	
-156.191026	-77.339179	651.584054	-108.029072	-112.843773	406.701767	44.688571	-154.719476	445.616259	203.407072	-87.713158	214.267387	313.854663	-271.159413	136.456510	325.416695	-365.826024	83.562999	-263.860339	-129.391285	381.465426	-318.970951	26.518334	152.443940	-428.586952	-89.727596	-10.027035	-451.225846	-147.473327	-100.023332	-53.520603	-9.072744	191.824116	0.000000	0.000000	0.000000	42.929969	-246.102633	19.527724	55.604861	-523.598626	-356.022202	129.880484	-234.492772	-620.461968	86.987609	-303.629430	-712.611468	75.596421	-359.623739	-734.279490	-162.428087	-194.468016	-30.608701	-146.957290	-133.310860	-496.443225	-60.716511	23.179261	-854.788156	-120.690182	-79.773063	-882.365677	-155.221069	-129.841981	-889.506291	
-153.656255	-78.495131	652.208942	-103.505726	-111.352183	407.356286	48.324673	-156.033813	446.620423	212.001082	-90.056127	218.452310	318.306884	-277.650677	144.878587	329.071498	-372.719811	92.541660	-259.298033	-131.204812	384.362653	-323.218013	17.829665	153.064597	-450.824200	-117.768331	21.704609	-485.284717	-187.595785	-54.996249	-50.439492	-6.239837	192.769767	0.000000	0.000000	0.000000	39.339794	-246.605071	20.715686	58.630335	-519.105475	-358.195690	128.392018	-273.550517	-664.567235	84.801217	-354.263258	-746.399394	73.726589	-412.593173	-760.876917	-166.443390	-191.714861	-26.069049	-151.005472	-130.743657	-491.929038	-57.128519	29.975100	-846.462983	-120.694350	-70.595180	-874.774564	-157.268509	-119.153752	-882.168006	
-152.533462	-81.175250	652.359269	-100.262067	-111.289781	407.597547	50.972790	-157.839779	446.989250	218.724907	-90.014844	222.350172	321.572261	-279.090340	147.660078	331.956181	-372.506129	92.353335	-256.032556	-133.514113	386.723865	-327.555731	8.478284	153.232057	-467.938444	-142.925317	56.820203	-511.209737	-223.152206	-3.492845	-47.986454	-4.928354	193.432863	0.000000	0.000000	0.000000	34.964730	-247.288167	20.416911	61.678619	-509.781934	-365.051396	128.505278	-313.493800	-705.687007	83.205219	-401.526021	-778.552905	71.595079	-460.865191	-787.423790	-170.805691	-188.277354	-22.685660	-156.238128	-127.703298	-488.625481	-55.294809	37.524695	-839.122094	-121.785509	-61.027943	-867.808436	-159.831608	-108.437726	-875.229606	
-151.978315	-85.727463	652.102386	-97.730506	-113.888114	407.538207	53.481164	-160.625931	446.796304	223.242714	-87.367533	225.396365	324.137358	-274.586544	143.695421	334.703001	-364.043977	82.222614	-253.624591	-136.637940	388.210596	-330.110274	-1.329276	152.334918	-476.714771	-165.316027	92.828038	-524.890555	-254.057381	50.989200	-46.163079	-6.254661	193.837845	0.000000	0.000000	0.000000	31.731460	-247.904296	18.094048	64.431532	-497.118131	-375.638851	130.542817	-348.608553	-739.783954	82.327998	-439.414675	-807.169308	69.109081	-498.801391	-812.922854	-173.939360	-185.574376	-21.091126	-162.737350	-125.122676	-487.139894	-55.448936	45.638908	-833.069651	-123.873872	-51.526840	-861.938098	-162.748683	-98.271097	-869.285921	
-151.207484	-92.190157	651.260760	-95.487632	-120.040976	406.992230	56.326654	-165.114821	445.868464	225.117465	-82.723849	226.950443	326.011247	-263.679805	132.181681	337.131981	-346.586801	62.210755	-251.689547	-141.038010	388.173003	-329.798476	-11.739652	149.474951	-476.381717	-184.777585	127.185293	-525.626280	-279.723053	104.674107	-44.960171	-10.667325	193.927956	0.000000	0.000000	0.000000	30.693180	-248.344896	13.174261	66.672978	-482.730618	-389.282213	135.084901	-373.890868	-766.775485	83.039371	-463.899529	-832.356812	67.181450	-522.715819	-837.234865	-175.140656	-184.368441	-21.716674	-171.183252	-123.629709	-487.845940	-57.891223	54.219141	-828.246325	-127.163121	-42.299184	-857.266300	-166.208472	-88.914600	-864.527876	
-149.747241	-100.599557	649.459253	-93.352850	-130.012030	405.528804	59.434616	-172.171248	443.858705	224.027734	-77.810712	226.582603	326.546476	-246.724390	113.163872	338.161091	-320.199728	33.416480	-249.907368	-147.232452	385.825588	-326.851025	-23.139766	144.006422	-468.557102	-201.006016	158.448951	-515.788110	-299.521616	155.234806	-44.158808	-17.899203	193.579129	0.000000	0.000000	0.000000	31.616124	-248.516900	5.530914	68.237694	-468.113618	-405.125351	141.752741	-386.534149	-788.489123	85.799315	-473.796542	-854.562533	66.709480	-531.614140	-859.790214	-174.673937	-184.472354	-24.424407	-182.417492	-123.664467	-490.497132	-62.959598	63.159419	-823.910338	-132.037310	-33.419732	-853.189668	-170.637325	-80.411735	-860.404755	
-147.460979	-111.108427	646.325202	-91.403340	-143.360013	402.676150	62.337801	-182.532876	440.355574	220.175376	-75.122188	224.128948	324.717236	-224.774677	87.817306	336.339045	-285.517422	-2.007098	-248.106145	-155.612056	380.581010	-322.574887	-35.859375	135.816773	-455.858016	-213.619136	186.439660	-498.895703	-312.873782	202.018334	-43.482996	-27.142144	192.654598	0.000000	0.000000	0.000000	33.451239	-248.302114	-4.230204	69.060078	-454.789170	-421.719764	148.862193	-386.242353	-806.375986	89.877951	-471.063466	-872.990133	67.795651	-527.791345	-878.370175	-173.347064	-185.133167	-28.532283	-196.767822	-125.880886	-494.281123	-71.003278	72.142496	-818.792662	-138.923088	-25.115871	-848.529026	-176.548700	-72.889146	-855.760518	
-144.432008	-123.896433	641.755318	-89.813757	-159.034536	398.178544	64.547052	-196.488440	435.063993	214.514641	-77.002576	219.572555	319.452795	-199.292485	58.516994	330.325038	-243.406184	-40.624052	-246.292260	-166.338100	372.581415	-318.640659	-49.995095	125.547320	-440.663499	-222.415200	211.030275	-478.025367	-319.610721	244.249905	-42.785970	-37.288501	191.107795	0.000000	0.000000	0.000000	35.159114	-247.641938	-15.103875	69.373118	-444.741654	-437.221784	154.121775	-375.525544	-820.698314	93.502194	-460.489761	-885.641017	69.548122	-516.553902	-889.840964	-171.987388	-185.622433	-33.199941	-213.453854	-130.773487	-498.230556	-82.111211	80.630666	-811.910510	-147.974288	-17.830930	-842.306413	-184.208406	-66.657201	-849.610589	
-140.842357	-138.863271	636.006296	-88.593049	-175.638948	392.151741	65.934890	-213.468761	427.937379	208.564597	-84.620342	212.859343	309.868306	-172.414563	28.643533	319.015430	-195.917845	-77.455935	-244.553178	-179.191557	362.861915	-316.333567	-65.035531	114.644656	-425.024238	-228.089461	230.943220	-455.900307	-321.076500	279.383917	-42.021650	-47.157271	189.086313	0.000000	0.000000	0.000000	36.151473	-246.578601	-26.132063	69.551081	-440.266576	-449.891264	155.763338	-360.007069	-830.881174	95.025145	-448.029003	-891.496500	70.776606	-504.089598	-893.456887	-171.143153	-185.522234	-37.803535	-230.664521	-138.014029	-501.680161	-95.646702	87.979972	-803.399599	-158.725343	-12.054832	-834.555096	-193.331213	-62.035903	-841.943816	
-136.839075	-155.495523	629.795980	-87.261339	-191.503024	385.269923	67.038832	-231.735655	419.378329	203.899017	-97.023401	204.144485	296.048241	-147.484086	1.986202	302.418685	-147.919423	-106.882522	-242.688624	-193.380694	353.131004	-315.942717	-79.747708	105.104368	-410.795430	-232.911128	244.637631	-435.121136	-321.180858	304.329649	-40.988916	-55.643870	186.994464	0.000000	0.000000	0.000000	36.563456	-245.219850	-36.347750	70.046815	-442.455469	-458.460770	154.211913	-346.187665	-836.185801	94.525461	-438.171579	-891.752819	71.213703	-494.661381	-891.453986	-170.852001	-184.899815	-41.943266	-246.124470	-146.487185	-504.371501	-109.970221	93.529821	-794.529348	-169.963933	-8.173463	-826.368606	-202.957989	-59.228028	-833.790910	
-132.481573	-173.073871	624.199311	-84.905268	-204.988451	378.709109	68.998506	-248.566162	410.414027	201.550367	-110.952387	194.321077	279.779798	-128.590037	-18.927138	282.693348	-107.214738	-125.827928	-240.054572	-207.494778	345.295208	-316.756632	-92.871184	98.771263	-398.937065	-239.909376	252.237052	-417.151632	-325.055001	318.304248	-39.382806	-62.002392	185.332024	0.000000	0.000000	0.000000	37.192399	-243.761839	-44.583758	71.765505	-449.542543	-462.508905	151.979082	-337.049836	-836.592621	93.773591	-432.130939	-888.389448	71.856780	-489.146067	-886.504355	-170.607632	-184.360716	-45.185703	-257.713008	-154.714720	-506.179320	-122.893954	96.935785	-786.952476	-180.026293	-6.253828	-819.268746	-211.622974	-58.189441	-826.658525	
-127.987591	-190.590915	620.211457	-81.032277	-214.836914	373.726540	72.694663	-260.984117	402.519837	201.567837	-122.254347	184.920513	263.548452	-118.546960	-34.283479	262.907955	-80.807309	-136.599068	-236.231176	-219.523427	340.780896	-317.863703	-103.599421	96.458189	-389.059714	-250.328345	255.603885	-401.749229	-335.136466	323.375421	-37.289142	-66.031957	184.370718	0.000000	0.000000	0.000000	38.443689	-242.548046	-49.833201	75.633595	-456.928100	-463.185992	151.101998	-331.101291	-833.995360	94.398418	-428.147848	-883.773632	73.853581	-485.638504	-881.060852	-170.039170	-184.450884	-46.926936	-264.326553	-161.035873	-506.864947	-132.918015	98.657041	-781.872412	-187.677012	-5.723182	-814.472459	-218.124237	-58.351025	-821.789813	
-123.964789	-206.587304	618.360755	-76.392361	-220.257043	371.181697	77.646194	-267.053026	397.121055	202.954401	-128.397600	177.402517	248.609761	-117.799523	-45.552636	244.587096	-70.948148	-143.949475	-231.864842	-227.421012	340.019829	-319.190597	-111.244751	97.794481	-380.617835	-262.020152	257.228088	-388.204638	-348.838283	323.193797	-35.294023	-67.870120	184.095735	0.000000	0.000000	0.000000	39.411268	-241.930437	-52.031102	81.042967	-460.098201	-462.971553	151.779823	-325.531416	-831.638789	96.420236	-423.806353	-880.511681	77.002853	-481.673679	-877.517879	-169.622358	-184.861774	-46.818434	-266.460456	-163.756609	-506.338076	-139.725490	99.900777	-779.762198	-192.686305	-5.362420	-812.493732	-222.209772	-58.525113	-819.729749	
-120.932629	-219.769676	618.419376	-72.245197	-221.411424	371.084940	82.454771	-267.130400	394.923683	204.503481	-129.788834	172.561103	235.067451	-125.259037	-53.162303	227.675176	-75.733810	-150.042524	-228.093717	-230.484328	342.396994	-321.693796	-115.790870	101.813816	-373.527358	-271.554250	259.853852	-375.884572	-361.210412	322.324954	-33.914522	-67.871844	184.354221	0.000000	0.000000	0.000000	38.966491	-241.958891	-52.233397	85.874603	-457.873082	-463.795199	153.023089	-319.221429	-831.618870	98.676870	-418.251445	-880.103414	80.015525	-476.368295	-877.135075	-170.084757	-184.822212	-45.271522	-265.555244	-162.006825	-504.995560	-143.699012	101.703190	-780.578226	-195.503177	-4.140588	-813.288544	-224.345972	-57.686084	-820.446759	
-118.440183	-229.852800	619.652540	-68.780789	-219.524533	372.721869	86.602677	-263.385714	395.585939	206.067942	-128.483618	170.345656	223.402363	-138.323575	-56.609019	212.411456	-90.624721	-154.062548	-225.039717	-229.876432	346.836300	-326.768886	-119.257083	107.649416	-367.083407	-278.110045	265.972117	-363.051757	-370.054729	324.932639	-32.916891	-66.602698	184.996810	0.000000	0.000000	0.000000	37.464156	-242.342577	-51.549321	89.156106	-451.819653	-465.855636	154.520490	-312.366288	-833.697599	100.973518	-411.900924	-882.037898	82.813702	-470.184792	-879.238447	-171.180417	-184.349595	-43.012523	-262.701041	-156.954457	-503.289427	-145.743661	103.942913	-783.630742	-196.768573	-2.336657	-816.152324	-225.064577	-56.185265	-823.218477	
-114.942240	-237.820844	621.425883	-64.743256	-216.037534	375.350623	91.114113	-258.155997	398.265821	208.651293	-126.392979	170.171042	215.141855	-152.827252	-56.025407	200.499096	-109.194880	-154.893890	-221.426111	-227.734181	352.817350	-335.587825	-126.112481	115.254804	-359.255292	-285.095583	276.778258	-346.760994	-378.274350	332.527986	-31.346865	-64.594041	185.979152	0.000000	0.000000	0.000000	36.885419	-242.698254	-50.277661	92.566508	-443.928408	-468.139442	157.475410	-304.847180	-836.202887	105.117451	-405.017289	-884.533002	87.634265	-463.517879	-881.955359	-171.509859	-184.631032	-40.414545	-258.321397	-151.657999	-501.237594	-147.319335	105.339121	-787.539432	-197.198158	-1.587999	-819.714514	-224.733365	-55.846715	-826.647850	
-108.701638	-245.290679	623.362858	-58.575130	-211.726720	378.601181	97.459401	-252.776092	402.239382	213.468680	-124.644432	171.311179	212.244920	-164.573980	-52.987428	194.695899	-124.869966	-153.031390	-215.646308	-225.851960	360.623425	-348.534894	-142.137664	125.829110	-347.940569	-298.657695	291.439280	-325.022392	-392.353802	342.841799	-28.201808	-62.009612	187.357218	0.000000	0.000000	0.000000	39.384827	-242.741388	-48.127684	98.956439	-435.661271	-469.358699	163.536932	-295.959063	-837.244695	113.595859	-397.300501	-885.690630	97.491093	-456.204501	-883.328330	-169.563832	-187.075120	-37.263811	-252.757791	-149.473366	-498.399605	-150.100796	104.336385	-790.597947	-197.554756	-3.825525	-822.310166	-223.668681	-58.804672	-829.064662	
-98.544508	-253.609191	625.117251	-49.522058	-206.482734	382.375864	106.368764	-247.469570	407.048149	221.182521	-123.687792	173.168730	216.007722	-170.824216	-49.670024	197.233012	-132.926567	-150.190916	-206.733393	-225.063944	370.825467	-363.921410	-172.986780	141.968030	-331.902878	-325.953530	307.804060	-297.939841	-420.214702	351.482041	-23.059980	-58.565719	189.160130	0.000000	0.000000	0.000000	45.942458	-242.247674	-44.678577	110.456495	-427.793381	-468.486499	173.610043	-284.855961	-835.376096	127.981240	-388.053845	-884.155351	114.343151	-447.584635	-881.984494	-164.598945	-192.254665	-32.907694	-246.435803	-152.734840	-494.125928	-155.335255	99.767056	-791.247455	-198.375292	-10.375036	-822.437464	-222.058514	-66.468566	-828.986344	
-83.931549	-263.281745	626.103373	-37.973862	-199.887284	386.485933	117.469430	-241.931169	412.181948	231.670105	-123.509017	175.247127	226.387614	-170.647823	-47.588597	208.527321	-131.550926	-147.816406	-194.583227	-225.572576	383.684204	-376.075509	-222.480805	167.242936	-308.896088	-373.353490	324.245993	-265.698272	-468.921419	355.021667	-16.325987	-53.851309	191.250515	0.000000	0.000000	0.000000	56.126171	-240.977334	-39.630761	127.669020	-420.328372	-464.974448	187.371727	-270.937345	-829.865337	148.212417	-376.457183	-879.295276	138.253584	-436.719221	-877.311977	-156.687560	-199.676690	-26.754688	-239.406379	-162.242599	-487.989588	-163.243125	91.052901	-788.619374	-199.589941	-21.614226	-819.304375	-219.696163	-79.110879	-825.640128	
-65.075360	-273.661261	625.616436	-25.294894	-192.066357	390.441457	129.534429	-235.933971	416.787308	243.976858	-123.533690	177.052419	241.914475	-164.918118	-46.976167	226.897228	-122.167799	-146.173262	-179.799021	-227.476200	398.729678	-375.361188	-288.675123	204.292128	-273.884894	-441.477074	339.494669	-226.604851	-539.279795	351.563134	-9.222460	-47.879679	193.302208	0.000000	0.000000	0.000000	68.507425	-238.761543	-33.022394	149.429663	-412.625136	-458.963080	203.211395	-254.258246	-820.978144	172.362781	-362.044913	-871.392466	167.073680	-422.901885	-869.637620	-146.544994	-208.104615	-18.831336	-231.213325	-176.860589	-480.173325	-172.754962	78.540515	-782.977908	-200.480812	-36.668088	-813.223520	-216.026592	-95.583723	-819.350809	
-43.364409	-283.068916	623.528457	-13.164117	-184.117873	393.649972	141.216661	-229.615278	419.863556	256.486835	-122.516866	178.106597	260.244940	-156.256001	-47.178287	249.108225	-109.451305	-145.047921	-163.358451	-230.918121	414.756266	-353.834136	-360.497872	251.281706	-224.074062	-519.898988	349.664678	-181.687052	-620.059141	338.815374	-3.313365	-41.509732	194.959546	0.000000	0.000000	0.000000	81.178774	-235.682405	-25.585749	172.818380	-403.971858	-451.594280	218.663823	-236.004407	-810.359640	196.896476	-345.415505	-861.998781	196.641796	-406.509801	-860.567990	-135.480426	-216.052860	-10.188282	-221.700264	-193.350907	-471.742296	-181.972348	63.966983	-775.957541	-200.275043	-53.211549	-805.802890	-210.807114	-113.247195	-811.724346	
-22.062504	-289.663107	620.844272	-2.997352	-177.682119	395.801470	151.461711	-223.564476	420.857366	267.111188	-119.457316	177.977545	278.800171	-149.100961	-47.611359	271.401752	-101.019855	-145.215877	-146.678360	-235.758030	430.109392	-314.534604	-421.979853	299.949707	-169.041186	-590.506606	348.488359	-142.306718	-691.304143	315.753866	0.271210	-36.292957	196.025531	0.000000	0.000000	0.000000	91.801268	-232.392585	-18.895330	193.089700	-394.741623	-445.024265	230.882860	-219.030205	-801.008292	217.119421	-329.132757	-853.915782	221.252389	-390.096535	-852.935320	-125.644884	-222.133198	-2.791198	-212.480419	-206.882447	-464.536097	-189.209336	50.675055	-770.248886	-199.185617	-67.606133	-799.686556	-205.164994	-128.285682	-805.387991	
-6.270268	-292.814400	619.085978	4.012831	-174.106824	396.936807	159.094041	-219.014131	419.822229	273.601258	-115.394772	176.193751	294.754271	-149.797805	-48.026482	290.201458	-106.371623	-147.959509	-132.222753	-241.493284	442.686209	-273.577916	-462.724402	338.420491	-130.630835	-640.097167	332.885532	-126.813660	-738.360641	285.176611	1.260364	-33.657364	196.491359	0.000000	0.000000	0.000000	97.542280	-230.338608	-14.847530	204.179780	-387.234891	-441.713347	237.043055	-207.859443	-796.356700	227.915130	-317.947669	-850.286933	234.568947	-378.694299	-849.841154	-120.100126	-225.192947	1.296771	-207.399571	-212.183387	-460.429235	-193.775276	43.204949	-768.534568	-198.909335	-75.476424	-797.601987	-201.980087	-136.395717	-803.049673	
-0.556906	-293.529316	619.002816	6.910758	-174.121696	397.116497	162.809115	-217.643069	416.920106	274.447707	-113.366633	172.242850	304.558947	-164.777241	-47.657114	301.563786	-134.029689	-152.245776	-123.467288	-247.678371	449.890142	-250.048668	-482.326922	356.546466	-127.816664	-667.140371	303.358797	-148.050772	-759.151903	247.943266	-0.061170	-34.205357	196.400740	0.000000	0.000000	0.000000	96.113651	-230.943706	-14.764515	201.233864	-383.914030	-443.427840	235.069310	-206.542591	-798.986539	225.434330	-316.388921	-853.320301	231.762307	-377.171988	-853.343152	-121.466631	-224.460941	0.853746	-210.028974	-205.135682	-460.410379	-195.855072	45.603262	-772.286639	-201.419426	-73.083978	-801.250733	-204.151594	-134.044499	-806.409919	
-5.907603	-293.070744	620.088888	5.391070	-177.874369	396.147780	161.977803	-220.459639	412.200216	269.627500	-115.834299	165.889862	303.717173	-195.647691	-44.760199	299.793915	-185.311394	-153.254163	-123.340205	-253.791045	449.617340	-253.972642	-483.565160	349.943611	-165.438964	-673.136307	259.665319	-206.948859	-754.355133	199.441957	-3.369165	-37.604013	195.749452	0.000000	0.000000	0.000000	87.426276	-234.074612	-18.882325	183.629601	-383.933182	-450.726921	224.274541	-215.353840	-809.831985	208.677884	-324.794780	-863.596579	211.605504	-385.835723	-863.835976	-129.782036	-219.719651	-4.181303	-219.832448	-184.244613	-464.196294	-195.665261	59.198873	-781.196191	-206.717586	-58.951675	-810.773817	-211.684146	-119.793980	-815.653801	
-19.324087	-291.940155	621.133453	-0.048108	-184.981364	393.678539	157.049555	-226.969231	405.841340	260.153176	-122.524634	157.517601	288.852192	-235.765829	-38.080277	279.924783	-249.122177	-145.946307	-132.090575	-258.872180	441.626542	-281.554868	-466.280914	321.468845	-233.728536	-654.448195	202.173755	-291.935679	-719.442630	136.340069	-8.390869	-42.974202	194.489260	0.000000	0.000000	0.000000	74.115030	-237.899660	-26.486493	155.816266	-382.719017	-463.012194	205.689586	-230.035135	-828.015943	179.961843	-338.382839	-880.074227	177.131230	-399.428819	-880.106138	-142.041941	-211.643311	-12.991579	-231.656344	-151.639441	-470.539545	-193.354230	81.997665	-793.470451	-212.344175	-34.634357	-824.980690	-221.051783	-95.067043	-829.706684	
-36.346436	-290.364067	621.038780	-8.616374	-194.552722	389.524818	148.934459	-235.676145	398.310577	247.032823	-130.847278	148.127985	261.223488	-274.194155	-28.382721	243.532185	-307.895303	-130.580674	-147.110255	-262.157962	427.512361	-319.128869	-430.209876	279.309862	-313.476112	-606.401966	134.914586	-382.756397	-649.702247	62.307767	-14.807044	-49.328068	192.589600	0.000000	0.000000	0.000000	60.042822	-240.548963	-36.357613	124.986065	-375.544854	-478.806379	182.012673	-244.715631	-851.175999	144.076644	-350.694407	-900.578058	134.407653	-411.031483	-899.821197	-154.292798	-201.837422	-24.351039	-239.645217	-112.604950	-477.930004	-189.854205	110.487347	-806.698010	-215.475181	-3.769315	-841.989975	-227.866496	-63.546203	-846.832079	
-54.019740	-288.583577	619.344712	-19.888894	-205.081487	383.951487	138.088522	-244.997511	390.310552	231.134529	-138.061406	139.091882	226.281360	-303.204946	-17.783194	198.380786	-350.520785	-111.995404	-165.310155	-263.356674	409.461018	-353.064866	-378.744955	232.742193	-385.397584	-529.465265	64.922095	-459.471587	-546.763439	-13.565086	-22.351667	-55.614017	190.133493	0.000000	0.000000	0.000000	47.884043	-241.406681	-47.124862	96.842762	-360.618109	-496.117183	156.245037	-255.300998	-876.126564	105.836729	-357.443164	-922.356285	89.419752	-416.263916	-920.069995	-164.187684	-191.860227	-37.008691	-241.116937	-72.734203	-485.196405	-186.635832	142.058113	-818.713705	-214.805258	30.332561	-859.706710	-229.603645	-28.853662	-865.023261	
-71.568602	-286.417887	616.321396	-33.834045	-214.589201	377.649597	124.431026	-253.535501	382.743067	213.687628	-142.849149	131.773945	189.958779	-320.941263	-8.318424	152.449716	-375.622839	-94.898830	-184.883615	-261.914375	389.415327	-375.909084	-317.466334	188.868375	-436.254783	-429.580607	-0.114133	-508.201578	-418.928776	-81.702242	-30.822102	-60.613406	187.401371	0.000000	0.000000	0.000000	38.196138	-240.895834	-57.454957	73.756551	-338.789271	-512.817184	130.368823	-260.155525	-899.649496	68.292408	-357.194563	-942.558122	45.950942	-413.877702	-937.814104	-171.467159	-182.354260	-49.834952	-236.468144	-35.348045	-491.587588	-184.229115	175.531612	-827.948367	-210.198672	66.059975	-875.886707	-225.625433	7.120310	-882.083315	
-88.590280	-283.404849	612.768379	-49.713043	-221.187442	371.594087	108.602338	-259.940345	376.598391	196.663494	-145.010134	127.118954	157.327718	-328.970394	-1.399726	112.040904	-386.442214	-82.265451	-204.325980	-257.015797	369.303778	-384.683093	-252.614268	151.938259	-458.247662	-317.877492	-53.620899	-520.959835	-280.611380	-135.014035	-39.678467	-63.289869	184.833094	0.000000	0.000000	0.000000	30.624550	-239.746385	-66.140968	56.683265	-312.130097	-526.883811	106.104461	-259.098904	-919.022424	33.802811	-350.252331	-958.705302	6.745597	-404.458637	-950.692278	-176.589841	-173.602949	-61.770779	-227.041060	-2.174739	-496.567732	-181.850053	209.557880	-833.413083	-201.986526	102.092151	-888.205248	-216.265323	43.012659	-895.688335	
-103.478805	-279.740753	609.679532	-65.139156	-224.015415	366.837521	93.022390	-263.272060	372.705387	182.597469	-144.774556	125.443670	133.088096	-329.784554	2.050582	82.850904	-387.113217	-75.941854	-221.148511	-248.966507	351.586259	-378.869760	-191.978573	124.271031	-449.807068	-210.988726	-91.442006	-497.407221	-151.614801	-169.898266	-47.693467	-63.534779	182.843994	0.000000	0.000000	0.000000	25.167441	-238.610576	-72.266265	46.749801	-283.542783	-536.720486	85.927677	-253.064204	-932.401676	5.442205	-338.402442	-969.153279	-24.976327	-390.196864	-957.898241	-179.682524	-166.412656	-71.823422	-214.613635	24.806373	-499.837963	-178.799053	241.252980	-834.809457	-191.508774	135.610377	-895.097477	-203.208105	76.181505	-904.130850	
-114.019591	-276.497229	607.896777	-76.812268	-223.697040	364.226427	81.115052	-263.662044	371.461798	173.675601	-142.792662	126.458028	120.833680	-325.733630	1.373796	69.163228	-381.302769	-76.955039	-232.657772	-239.923888	338.870065	-361.594352	-143.554866	106.740360	-418.793788	-125.752765	-113.116210	-448.327111	-50.799666	-186.982563	-53.266228	-62.287249	181.731309	0.000000	0.000000	0.000000	22.099390	-237.918974	-75.478466	44.315920	-256.457377	-541.702853	72.258005	-244.209323	-939.316584	-13.922245	-324.894884	-973.580432	-46.442963	-374.864435	-960.161346	-180.760032	-161.856680	-79.156878	-201.919778	43.522603	-501.475433	-175.759055	266.956277	-832.731723	-181.438939	162.868240	-896.684528	-189.799778	103.146688	-907.347529	
-118.611534	-274.735035	607.890053	-82.197875	-221.691435	364.152682	75.550694	-262.109540	372.658936	170.856908	-139.980097	129.338500	121.820891	-318.128413	-3.944575	72.414675	-370.771126	-85.681603	-237.404534	-232.559887	332.738567	-339.480552	-112.100604	98.503904	-380.044586	-71.748933	-122.067861	-392.632588	11.796216	-191.408849	-55.200033	-60.836551	181.645620	0.000000	0.000000	0.000000	21.658828	-237.756249	-76.116235	48.009150	-233.780165	-542.476908	66.133725	-234.932892	-940.845612	-23.006530	-313.160980	-973.181160	-56.506759	-362.308709	-959.150465	-180.047206	-160.588015	-83.259103	-192.160810	52.804874	-501.945241	-174.491939	283.736599	-828.588883	-174.688640	180.842690	-894.689918	-179.711444	121.048788	-906.926245	
-117.161281	-274.501101	609.632153	-81.002131	-219.075063	366.387513	76.686187	-259.587244	375.538930	173.405656	-137.325369	132.843466	134.036614	-306.729386	-14.323410	90.280209	-354.563542	-102.018573	-235.904504	-228.246262	332.992594	-319.606662	-97.433895	97.030937	-347.618925	-49.024906	-123.870590	-348.156895	37.153121	-191.097672	-53.475091	-59.939076	182.458167	0.000000	0.000000	0.000000	23.620910	-237.932004	-74.974891	54.843100	-217.350350	-540.597051	66.608252	-226.744404	-939.095214	-22.773135	-305.156824	-970.298845	-56.251097	-354.545860	-957.086190	-178.040749	-162.349558	-84.152825	-187.489147	52.602925	-502.109168	-175.897913	290.125083	-824.268426	-172.496974	187.992990	-891.454818	-174.764292	128.329646	-905.071409	
-111.040847	-274.705791	612.681808	-75.045114	-215.948696	370.195941	82.683182	-256.340871	379.187456	179.410074	-135.585649	135.741785	152.747945	-290.180788	-29.470822	117.242615	-329.720453	-124.702947	-230.109848	-226.441882	337.963995	-306.299944	-96.216566	99.149702	-328.753782	-52.136708	-123.287689	-324.250657	32.260063	-192.593744	-49.211915	-59.376616	183.836520	0.000000	0.000000	0.000000	27.119732	-238.254598	-72.732981	61.671324	-208.264295	-537.608443	71.422826	-220.287660	-936.090312	-15.818763	-301.055685	-967.341519	-48.512567	-351.419563	-955.974020	-175.416058	-166.104806	-82.316375	-187.681531	43.483052	-502.915750	-178.547935	285.708040	-821.634046	-173.255219	183.703194	-888.891317	-173.683011	124.218542	-903.439862	
-102.408741	-274.031269	616.448522	-66.928263	-211.874206	374.735635	90.884889	-252.092689	382.986286	186.695292	-134.882904	137.454327	172.335192	-267.439085	-47.284348	146.466479	-293.748866	-149.908791	-222.346420	-225.585690	345.559126	-300.314251	-104.281495	102.655566	-323.491339	-74.961204	-122.130433	-321.079598	3.892770	-197.778675	-43.979991	-58.352647	185.483126	0.000000	0.000000	0.000000	30.877366	-238.747599	-69.548488	66.572261	-207.074487	-534.225918	78.170062	-216.165614	-932.736013	-5.099937	-300.412096	-965.596993	-36.587240	-352.019195	-956.659310	-172.959644	-170.564203	-78.296869	-190.167765	26.637812	-504.672985	-179.127621	270.651923	-821.962992	-173.014462	167.927634	-888.045453	-172.443958	108.492744	-902.791141	
-93.535264	-272.015868	620.329036	-58.993504	-206.684244	379.318392	98.928644	-246.669276	386.556003	193.303601	-134.550293	138.107998	188.022182	-239.514024	-64.031690	171.526001	-248.224269	-171.480183	-214.692918	-224.379409	354.046858	-300.065605	-117.593851	106.854264	-327.680578	-112.281664	-119.275778	-332.424591	-43.559659	-204.135678	-39.257546	-56.376361	187.146499	0.000000	0.000000	0.000000	33.597756	-239.583113	-65.283555	68.862743	-214.024542	-530.370177	85.029238	-215.393620	-928.822462	6.957073	-303.122825	-965.147801	-23.193998	-355.903460	-958.843631	-171.400034	-174.622895	-72.570368	-191.570844	4.249880	-506.827223	-174.174320	246.088748	-825.494827	-167.661712	141.888768	-889.185423	-166.681724	82.296804	-903.260378	
-85.891715	-269.294492	623.758888	-52.608890	-200.752122	383.463899	105.503581	-240.174730	389.538021	198.002666	-133.401972	138.048047	197.474553	-209.928620	-76.542551	188.462315	-199.965505	-184.767719	-208.439109	-222.173931	362.200647	-303.105217	-132.490140	111.619372	-335.791764	-159.089792	-112.321803	-349.224572	-106.173595	-207.010018	-35.876945	-53.491300	188.665807	0.000000	0.000000	0.000000	34.743923	-240.842911	-59.819495	68.893602	-229.379985	-525.549917	91.246969	-219.138748	-923.573657	19.018680	-309.390453	-965.393636	-9.763927	-363.173548	-961.710518	-170.929835	-177.773475	-65.705162	-189.491282	-20.920792	-508.462494	-161.805228	214.727253	-831.016677	-155.611783	108.793453	-891.813166	-155.006385	48.894690	-904.542606	
-79.843924	-266.991978	626.279168	-48.072628	-194.701394	386.879626	110.384621	-232.902519	391.629889	200.567397	-130.517143	137.488173	201.204728	-183.046244	-84.200841	197.154925	-156.899044	-189.998262	-203.961025	-218.789704	369.198057	-307.109635	-145.997302	116.497720	-342.962587	-209.856161	-99.285073	-363.413932	-178.178470	-201.874979	-33.837255	-49.959552	190.006169	0.000000	0.000000	0.000000	34.941152	-242.382305	-53.110772	67.672470	-253.811881	-518.943844	97.064340	-228.585167	-915.840788	30.621681	-319.514851	-965.119306	3.283024	-374.162662	-964.202981	-170.997828	-180.224731	-58.449760	-183.362566	-46.395599	-508.914213	-142.391303	180.914351	-836.006343	-138.826234	73.601625	-894.553854	-140.062975	13.433946	-905.893511	
-75.304151	-265.911096	627.662776	-45.211070	-188.993538	389.491451	113.728654	-225.292458	392.829579	201.378874	-125.918624	136.614845	201.182067	-162.057034	-88.328944	199.800290	-124.180953	-190.586776	-201.189944	-214.309599	374.532680	-310.696807	-156.113225	120.727127	-346.775202	-258.809909	-79.466135	-370.921863	-252.047138	-185.850467	-32.704627	-46.056818	191.186919	0.000000	0.000000	0.000000	35.393325	-243.940396	-45.069010	65.956034	-288.367563	-509.067473	102.689866	-244.706788	-903.746856	41.190756	-333.742644	-962.070799	15.334010	-389.053391	-964.673689	-170.773504	-182.554572	-51.457010	-174.751675	-70.343971	-507.937352	-118.618709	149.376491	-837.952090	-121.328221	41.448947	-895.405076	-126.318306	-18.702931	-905.754839	
-72.448523	-266.098860	628.002659	-43.960696	-183.680658	391.479578	115.487632	-217.776243	393.556171	200.756934	-120.319035	135.806392	199.159509	-148.144712	-90.310638	198.633702	-103.448382	-189.784920	-200.093836	-208.896520	378.037861	-313.751567	-162.013674	123.715725	-347.802393	-301.347544	-53.349845	-372.506821	-320.757682	-158.036807	-32.099354	-42.031075	192.214155	0.000000	0.000000	0.000000	36.960351	-245.265619	-35.630446	63.521703	-333.140759	-493.642323	107.123102	-267.288808	-884.525799	49.436370	-351.759864	-952.702688	25.042047	-407.269591	-960.332387	-169.764718	-185.238337	-44.769236	-166.933919	-91.520635	-505.410448	-95.075570	122.994572	-835.800101	-106.381181	15.117764	-892.291865	-116.198553	-44.587312	-901.735917	
-71.766619	-266.863277	627.667263	-44.433329	-178.387412	393.205332	115.425806	-210.545514	394.431691	198.687665	-114.279075	135.580487	195.931599	-140.512681	-90.715632	194.942324	-93.275778	-189.005344	-200.730700	-202.639159	379.898895	-316.919729	-164.070298	125.323989	-348.167840	-335.200158	-21.862044	-371.668060	-379.734101	-118.871785	-31.857735	-38.001451	193.091262	0.000000	0.000000	0.000000	39.586373	-246.159641	-25.083268	59.486284	-385.272523	-470.565058	108.624406	-293.422045	-855.501920	53.997234	-371.503991	-933.156852	31.134680	-426.316850	-947.560990	-168.139749	-188.248843	-37.801895	-163.232858	-109.462712	-501.213176	-76.454469	102.215924	-829.845776	-95.633450	-5.702430	-884.089093	-109.636276	-64.754224	-892.278932	
-73.550264	-267.227750	627.086093	-46.656402	-172.675191	394.956779	113.453462	-203.574334	395.772259	195.089223	-107.955839	136.164063	191.625630	-136.885290	-89.793503	189.386557	-90.141804	-188.298347	-203.041402	-195.654296	380.473360	-320.715544	-163.669070	125.668393	-349.413226	-360.199043	13.963359	-371.348241	-426.814746	-69.867576	-31.958666	-33.957123	193.826774	0.000000	0.000000	0.000000	42.255191	-246.571183	-14.421187	53.645519	-438.933547	-439.943698	106.720432	-317.911640	-816.193887	54.787143	-389.008055	-901.981064	33.607828	-441.991981	-923.861771	-166.672536	-190.941443	-29.986936	-165.269342	-124.895125	-495.408532	-65.071362	86.290300	-820.522051	-89.558489	-22.464454	-870.814453	-105.986287	-81.093183	-877.376971	
-77.490155	-266.500858	626.482454	-50.462897	-166.424918	396.695993	109.732181	-196.882804	397.362844	190.072406	-101.559763	137.242341	186.408401	-134.472400	-88.166321	182.765826	-89.679334	-187.531728	-206.794066	-188.321959	380.107979	-325.133875	-162.575583	124.904837	-351.689368	-376.961641	52.385696	-372.427213	-460.964192	-14.397054	-32.459248	-29.759732	194.432550	0.000000	0.000000	0.000000	43.426618	-246.737380	-5.061068	47.528795	-488.100502	-404.972860	103.044490	-336.503204	-769.614766	53.505249	-400.871636	-861.884887	34.010428	-451.343607	-890.295397	-166.399738	-192.334825	-21.354808	-172.363234	-138.876938	-488.353778	-60.221496	73.922466	-808.476198	-87.614901	-36.419818	-853.539750	-104.768294	-95.008292	-858.379049	
-82.644742	-264.682819	625.806503	-55.387178	-160.055153	398.083950	104.747743	-190.828168	398.731525	184.162100	-95.867925	138.194345	180.994981	-131.218002	-86.852478	176.529742	-88.193346	-186.962976	-211.518186	-181.400719	379.069430	-329.892957	-162.124253	123.312394	-354.516506	-386.205953	90.045679	-374.674108	-481.886488	41.205854	-33.340486	-25.350362	194.907753	0.000000	0.000000	0.000000	42.135783	-247.004632	2.026750	43.898817	-528.500677	-370.745693	99.982449	-348.160515	-721.971412	52.748405	-406.829809	-819.121119	34.984110	-455.012936	-852.248768	-167.911178	-191.789905	-12.651254	-182.030985	-151.574347	-480.801536	-59.680575	63.914346	-795.337257	-88.449592	-48.246474	-834.692509	-105.234811	-107.045234	-838.043522	
-87.572963	-262.673799	624.946366	-60.401031	-154.646580	398.806386	99.561534	-186.300538	399.577933	178.580622	-92.195603	138.610588	176.662555	-126.697094	-86.581995	172.623468	-84.060363	-186.876392	-216.252289	-176.103323	377.733402	-334.597858	-163.115805	121.566502	-357.553163	-389.827615	122.207726	-377.918810	-491.741498	88.366579	-34.239590	-21.275252	195.239020	0.000000	0.000000	0.000000	39.128169	-247.412252	6.854490	45.234104	-557.130610	-342.773429	99.501086	-353.921370	-681.578022	54.903323	-409.162009	-781.930989	39.211198	-456.101158	-817.779261	-170.479970	-189.865389	-5.029847	-190.981884	-162.786378	-473.887763	-61.315070	55.556614	-783.485202	-90.182984	-58.295687	-817.556287	-105.915789	-117.435087	-819.853509	
-90.680730	-261.937320	623.944252	-64.044555	-151.621957	398.847563	95.688628	-184.406154	399.895014	175.021106	-91.522218	138.585538	174.727805	-121.903830	-87.207737	172.499253	-77.932277	-186.981017	-219.651961	-173.762887	376.707297	-338.894073	-166.083493	120.742113	-360.472727	-391.683791	144.500671	-381.981803	-495.875405	119.442945	-34.536210	-18.688674	195.451387	0.000000	0.000000	0.000000	36.861049	-247.654487	9.966867	52.761738	-571.836905	-325.972642	102.988891	-355.018308	-656.871996	61.434162	-410.442421	-758.422864	48.242393	-457.678682	-794.882952	-172.163299	-188.406900	0.473004	-196.436103	-172.770958	-468.725989	-63.809239	48.188824	-775.197210	-91.191916	-67.176183	-805.157954	-105.295698	-126.744791	-806.870032	
-91.016665	-263.497502	622.928117	-65.228637	-151.878308	398.376079	94.289900	-185.678109	399.790439	174.721249	-93.628360	138.521704	175.829014	-118.172440	-87.977948	176.149612	-71.656575	-186.615379	-220.729523	-175.017757	376.510190	-342.836229	-170.954331	121.815724	-363.095032	-395.585338	154.313317	-386.550018	-499.561002	130.119368	-33.852120	-18.433778	195.595222	0.000000	0.000000	0.000000	37.731797	-247.457593	11.483514	66.185101	-571.904173	-323.370562	110.920568	-352.689370	-653.478213	72.493447	-412.536284	-753.742413	61.945439	-461.679694	-788.502877	-171.302110	-189.163471	3.217686	-197.013580	-181.213198	-466.097838	-66.592565	41.379271	-772.334137	-90.855453	-75.354819	-799.555568	-102.794774	-135.399644	-801.084817	
-88.869624	-267.276206	621.965312	-63.887744	-155.279996	397.509884	95.484756	-189.741428	399.355547	177.758965	-97.365854	138.776542	179.663367	-116.459277	-88.242281	182.323750	-67.163680	-185.484441	-219.445577	-179.466572	377.240519	-347.051612	-176.745681	125.238284	-365.845624	-402.426302	150.549241	-391.960585	-503.835362	119.234172	-32.386877	-20.492673	195.638446	0.000000	0.000000	0.000000	42.075173	-246.783078	10.890916	83.404856	-558.157565	-334.854962	122.478587	-348.413897	-671.764877	86.849842	-416.305617	-767.850846	78.654369	-468.521249	-798.526357	-167.786233	-192.294954	2.831220	-192.762156	-186.283989	-466.552864	-69.475980	35.625074	-776.221406	-89.400122	-82.317858	-801.697576	-98.807648	-142.809100	-803.302269	
-85.598135	-272.359188	621.108066	-60.928310	-160.947446	396.327489	98.378749	-195.678549	398.694360	183.082093	-101.605132	139.504766	185.212553	-117.291071	-87.772914	189.496967	-65.884258	-183.857016	-216.650901	-186.074860	378.631032	-352.278538	-182.085502	130.870948	-369.665620	-409.283024	133.010421	-399.440153	-504.369280	88.082663	-30.748448	-24.373142	195.457780	0.000000	0.000000	0.000000	48.043059	-245.813800	7.632850	100.916210	-532.493283	-357.362670	135.700039	-343.460907	-706.768307	102.120441	-421.277028	-795.809131	95.605322	-476.839708	-820.405205	-162.979060	-196.404230	-0.888662	-185.135891	-185.786720	-470.332685	-72.610859	31.888647	-787.023814	-87.649487	-87.044950	-811.214328	-94.471207	-147.877285	-812.991434	
-82.929760	-277.647631	620.438210	-57.720015	-167.882298	394.908778	101.582664	-202.584900	397.904857	189.068752	-105.761681	140.659529	191.224334	-120.700720	-86.668230	196.372820	-68.387211	-182.219060	-213.631874	-193.783950	380.257041	-358.632259	-185.956828	137.956702	-375.486548	-410.468167	102.797161	-410.080501	-493.522473	40.735393	-29.680358	-29.597920	194.900745	0.000000	0.000000	0.000000	53.180625	-244.867906	1.532907	115.228289	-497.580982	-386.395713	148.180021	-338.376672	-750.532534	115.483938	-425.886865	-830.433340	109.708307	-484.142609	-847.970031	-158.747349	-199.690780	-7.775397	-176.453700	-178.514125	-477.050776	-76.454558	30.874996	-803.385093	-86.715509	-88.804718	-826.363795	-91.274218	-149.845807	-828.226766	
-82.271919	-282.111985	620.040507	-55.547107	-175.260541	393.289459	103.781414	-209.776291	396.987579	194.178722	-109.621959	142.034355	196.625451	-126.059324	-85.187030	201.956954	-74.120944	-180.932270	-211.613954	-201.722507	381.585592	-365.362636	-187.540989	145.035265	-383.703832	-399.445412	63.269025	-423.996909	-463.719313	-15.418686	-29.811993	-35.706211	193.854514	0.000000	0.000000	0.000000	55.803526	-244.180442	-7.259337	124.003687	-456.594544	-417.663301	157.933535	-332.764412	-795.211069	124.688905	-428.059373	-865.388498	118.577278	-487.897053	-876.192438	-156.538463	-200.843419	-17.181844	-168.788163	-164.232126	-485.680409	-81.351568	33.030741	-822.993204	-87.498127	-87.187175	-844.589832	-90.455348	-148.332798	-846.243522	
-84.310353	-284.729228	620.009133	-55.239195	-182.363875	391.484109	104.116461	-216.666896	395.919002	197.359641	-113.045683	143.387690	200.765159	-131.960877	-83.628497	205.704270	-81.289138	-180.070974	-211.421105	-209.056548	382.061310	-371.142309	-185.607643	150.252951	-393.793201	-371.313632	20.153663	-439.911737	-410.856325	-70.708201	-31.433239	-42.096611	192.309874	0.000000	0.000000	0.000000	55.377912	-243.693691	-18.370947	126.560894	-412.677338	-447.998618	163.795910	-325.421363	-835.332327	128.880002	-426.028251	-896.735421	121.597644	-486.472731	-902.032328	-156.945771	-199.287699	-28.107352	-163.198212	-143.332010	-494.809842	-87.253310	38.655146	-843.307713	-90.347769	-81.979568	-863.162991	-92.572300	-143.171210	-864.112397	
-88.929313	-284.638176	620.448811	-57.035968	-188.619748	389.557580	102.330039	-222.763358	394.780631	198.145337	-115.948956	144.553091	203.527741	-136.446729	-82.287387	207.754112	-87.121717	-179.459154	-213.338469	-214.968939	381.231408	-374.487232	-178.461914	152.115404	-404.049985	-324.802497	-20.035923	-454.761732	-335.889802	-116.222267	-34.436478	-48.194570	190.354074	0.000000	0.000000	0.000000	52.277367	-243.061524	-31.288858	123.912259	-368.395437	-475.543602	165.517984	-315.173787	-868.562524	128.699714	-419.202151	-922.726360	120.040847	-479.685392	-923.920775	-159.619436	-195.176298	-39.565562	-159.543033	-116.927717	-503.093879	-93.764038	47.772988	-862.098783	-95.007669	-73.243971	-879.702499	-97.353943	-134.437296	-879.329738	
-95.192755	-281.456168	621.432840	-60.458086	-193.698799	387.681623	98.906693	-227.703283	393.776941	196.753565	-118.322026	145.451670	205.565847	-137.380686	-81.406970	209.179200	-88.308053	-178.731127	-216.941210	-218.802937	378.912861	-373.821149	-164.760325	150.299846	-411.483057	-262.761731	-51.944825	-463.618880	-244.504662	-146.257909	-38.317103	-53.702118	188.125339	0.000000	0.000000	0.000000	47.645967	-241.801620	-45.306271	118.475941	-325.652943	-499.348666	164.131021	-301.875635	-894.794878	125.874575	-408.310550	-942.953572	116.195829	-468.623074	-941.124249	-163.381141	-189.344867	-50.918654	-156.828975	-87.041863	-509.691485	-100.359093	59.879978	-877.880084	-100.727840	-61.514343	-892.706571	-103.783193	-122.633019	-890.374342	
-101.304694	-275.506073	622.968195	-64.131634	-197.478427	386.161660	95.262492	-231.167185	393.173864	194.301018	-120.078598	146.081966	208.507003	-132.742594	-80.950069	212.160765	-81.490752	-177.142947	-220.855712	-220.200958	375.422631	-367.386572	-144.644434	146.041401	-412.348140	-191.760193	-72.325639	-460.944104	-146.444152	-159.108766	-42.092985	-58.525004	185.866257	0.000000	0.000000	0.000000	43.393790	-239.587393	-59.208782	113.221879	-286.107265	-518.732846	162.010466	-286.291358	-914.519522	122.847387	-394.500418	-957.742885	112.678988	-454.625630	-953.719502	-166.523097	-183.293156	-61.735424	-153.898701	-56.794527	-514.305936	-106.686898	73.686436	-889.916750	-106.541729	-48.036978	-901.746001	-110.361063	-108.975122	-897.031941	
-104.906781	-267.958305	625.044353	-65.918094	-199.992205	385.444736	93.600190	-232.908525	393.256498	192.818461	-120.883290	146.660084	214.519194	-121.317938	-80.131937	219.451800	-64.514073	-173.095163	-222.864807	-219.376163	371.804056	-353.909526	-120.545642	141.900511	-404.115242	-121.364592	-80.370308	-443.518451	-54.299938	-157.156646	-44.385714	-62.672563	183.970974	0.000000	0.000000	0.000000	41.750323	-236.588276	-71.230037	110.573693	-251.820104	-533.002450	161.836761	-268.990313	-928.103367	122.364089	-378.570617	-967.413309	112.183170	-438.583089	-961.984012	-167.332493	-179.009712	-71.364874	-150.201002	-30.371751	-517.004432	-112.869698	87.077478	-897.989696	-111.676152	-34.854327	-907.357312	-115.640869	-95.575914	-900.469870	
-104.076578	-260.471028	627.669560	-63.733306	-201.284691	385.973713	96.042465	-232.811969	394.239561	194.718050	-120.078211	147.748306	225.019758	-103.862320	-77.472881	232.753884	-38.576266	-164.484867	-220.817381	-217.111781	369.597707	-334.017877	-96.433525	140.647415	-388.051586	-61.697746	-77.983292	-413.363423	19.745495	-146.340674	-43.876358	-66.100054	182.890429	0.000000	0.000000	0.000000	44.178475	-233.452583	-79.617674	111.680834	-224.982499	-541.758469	164.952826	-250.306566	-936.154513	126.381455	-361.205305	-972.554038	116.807702	-421.257783	-966.498610	-164.823260	-178.235529	-78.758966	-146.291211	-12.033788	-518.093567	-119.544878	97.621746	-902.278440	-115.938233	-24.334264	-910.660901	-118.901784	-84.971729	-902.624600	
-98.627611	-254.097810	630.807370	-56.995534	-201.048596	387.908141	103.137581	-230.680553	396.270160	201.608213	-116.806296	150.221592	239.577906	-83.768232	-71.977689	251.128762	-9.342250	-150.847976	-214.178331	-213.989077	370.014313	-311.350049	-75.651107	143.704584	-369.680781	-19.376784	-69.265668	-378.199085	68.219836	-134.078421	-40.080401	-68.324631	182.944164	0.000000	0.000000	0.000000	50.446662	-230.872478	-83.329787	116.261414	-206.447702	-545.146064	170.420585	-231.182440	-939.458669	134.796891	-343.571060	-974.257477	126.794496	-403.866694	-968.339430	-159.279557	-181.386947	-82.863644	-143.529919	-4.299763	-518.034214	-127.297651	103.553777	-903.315731	-119.734044	-18.139635	-912.805054	-120.467897	-78.888467	-905.103895	
-90.537482	-248.503049	634.398644	-47.560325	-198.381781	391.112173	112.918384	-226.021935	399.667665	213.282243	-110.609136	155.105420	256.622866	-65.897387	-64.047908	271.883581	15.452955	-135.057792	-204.887520	-209.562882	373.301680	-291.965985	-59.597583	150.313833	-356.021607	4.817922	-58.667319	-349.294835	91.178298	-125.323588	-33.892244	-68.381449	184.169906	0.000000	0.000000	0.000000	58.696942	-229.255158	-82.386658	122.828444	-195.345247	-543.840550	175.893420	-212.903178	-938.686445	145.311147	-326.827289	-973.287428	139.843855	-387.467615	-968.044843	-152.245524	-187.175087	-83.212814	-143.014776	-6.617830	-517.142782	-136.014953	104.583718	-901.750293	-123.725617	-16.437126	-914.378412	-121.495205	-77.334722	-908.314164	
-83.083814	-242.472220	638.391965	-39.007982	-192.383627	395.295403	121.678617	-218.467184	404.785173	227.953826	-102.364098	163.063508	274.812916	-54.487135	-54.692671	293.092724	30.140657	-121.003730	-196.526222	-202.839776	378.780265	-281.873327	-47.854844	158.572698	-352.202240	14.219752	-49.095765	-337.038948	95.963255	-120.049951	-27.446762	-65.586049	186.248239	0.000000	0.000000	0.000000	66.317150	-228.739320	-77.917772	129.087928	-189.964108	-539.175551	179.091575	-196.632638	-934.754391	154.715128	-311.801458	-970.154085	152.301575	-372.709280	-965.790946	-145.947776	-193.401988	-80.202886	-144.941899	-15.546219	-515.343853	-144.948215	102.068746	-898.102836	-128.496602	-17.914180	-915.131747	-123.349102	-78.817935	-911.323482	
-78.830351	-235.042398	642.643563	-34.250196	-183.175542	400.012313	126.435760	-208.461975	411.467018	243.982236	-94.043455	174.201474	293.437591	-52.006447	-44.185315	314.786355	32.357062	-109.913541	-191.950366	-193.619182	385.326820	-283.823769	-39.200894	167.358703	-359.776553	12.382185	-41.198154	-345.243525	90.509362	-116.240526	-22.875652	-60.257951	188.650324	0.000000	0.000000	0.000000	71.313655	-229.280039	-71.664819	133.104920	-188.343490	-532.868098	179.010725	-182.846746	-928.961390	160.847357	-298.765841	-965.622842	161.483673	-359.772063	-962.092818	-142.085953	-198.342539	-74.895957	-148.803104	-26.669456	-512.462614	-153.432818	98.107388	-892.918951	-134.303813	-20.741782	-914.494353	-126.847788	-81.503552	-912.856697	
-78.117407	-226.047735	646.873634	-33.654984	-171.963158	404.705437	126.803726	-197.224289	419.039604	261.119936	-87.480971	188.563423	312.163341	-58.925121	-31.629369	337.887480	22.080945	-99.962794	-191.492592	-182.845122	391.940283	-296.241684	-32.635324	176.857801	-376.876640	1.142585	-33.576651	-370.055895	76.396314	-112.549912	-20.900044	-53.460852	190.914605	0.000000	0.000000	0.000000	73.307246	-230.597774	-65.127062	134.468213	-188.565030	-526.315755	176.282102	-171.232785	-922.521062	163.649807	-287.472389	-960.468211	167.055023	-348.420654	-957.580570	-140.841419	-201.470838	-68.635133	-153.696123	-36.775857	-508.739287	-161.223452	94.210726	-887.056051	-140.849662	-23.677233	-912.430835	-131.777063	-84.240842	-912.495886	
-79.504924	-216.030379	650.745208	-35.495044	-160.343969	408.857551	124.527983	-186.202322	426.593584	279.720784	-83.587568	206.164192	330.703828	-73.870209	-15.673662	362.359766	1.153602	-88.216757	-193.416132	-172.004254	397.946787	-314.940367	-27.913585	187.552944	-399.491394	-18.661141	-23.849794	-403.261438	51.338166	-107.708641	-20.808342	-46.271674	192.793169	0.000000	0.000000	0.000000	73.353626	-232.225952	-59.001465	134.166574	-189.165323	-520.141350	172.510542	-161.166718	-916.087396	164.626081	-277.472691	-955.099736	170.536185	-338.246252	-952.595744	-141.074325	-203.260766	-62.615343	-158.420015	-44.719939	-504.820364	-168.281573	90.752983	-881.500011	-147.340780	-26.443467	-909.482455	-137.044836	-86.798899	-910.699977	
-81.225160	-205.881448	654.004109	-37.631484	-149.612201	412.175972	121.816981	-176.490684	433.254982	299.143551	-82.029157	226.286343	348.843797	-94.463223	4.293075	386.950218	-27.318100	-72.730326	-195.576900	-162.325555	402.918912	-335.287139	-25.661478	198.958600	-423.411999	-45.964326	-10.200204	-436.963169	14.267714	-100.393826	-21.390751	-39.323654	194.266176	0.000000	0.000000	0.000000	72.978870	-233.725394	-53.266733	133.509083	-189.365529	-514.320658	169.277556	-152.130516	-909.746534	165.590472	-268.375964	-949.553668	173.916173	-328.871205	-947.180162	-141.371607	-204.547055	-57.551337	-161.809435	-50.860367	-501.335117	-174.731775	87.270714	-876.955320	-152.972226	-29.450965	-906.265959	-141.407283	-89.557901	-908.183080	
-82.280981	-196.408818	656.538755	-38.863046	-140.370964	414.625286	120.007675	-168.393560	438.403823	317.198573	-81.533183	246.636426	366.635407	-118.565939	27.341406	410.407003	-60.604428	-54.007729	-196.777832	-154.209470	406.532519	-353.445337	-26.932731	208.917351	-446.155417	-79.143453	7.411809	-466.815227	-33.705380	-89.824892	-21.789772	-32.784938	195.431867	0.000000	0.000000	0.000000	73.205980	-234.854743	-47.696479	133.260851	-188.930469	-508.659383	167.439490	-143.861448	-903.410010	167.655337	-259.971216	-943.779328	178.453597	-320.071499	-941.334198	-140.985520	-205.893210	-53.559824	-163.401824	-55.952598	-498.527990	-180.912498	83.043335	-873.642941	-157.395354	-33.288213	-903.146444	-144.202017	-93.045229	-905.449039	
-82.725681	-188.112148	658.348178	-39.285713	-132.645622	416.307028	119.160201	-161.594088	441.752445	330.931782	-80.900835	263.300474	384.437888	-145.218038	51.389820	432.352501	-98.196288	-34.553859	-197.134675	-147.353454	408.467271	-366.720926	-32.557408	213.895431	-467.420134	-116.553995	27.535980	-492.687150	-90.672254	-75.605358	-21.730341	-26.675896	196.365602	0.000000	0.000000	0.000000	74.047005	-235.630915	-42.260302	133.449316	-187.834625	-503.117445	166.913425	-136.404832	-897.151178	170.831515	-252.320205	-937.887914	184.152674	-311.902463	-935.218406	-140.113126	-207.311203	-50.278847	-163.682902	-60.455815	-496.215286	-187.214840	77.559885	-871.362769	-160.803894	-38.321212	-900.182468	-145.594709	-97.590470	-902.652831	
-83.240294	-181.274688	659.508381	-39.788710	-126.333177	417.349601	118.479348	-155.824743	443.273722	337.815630	-80.080180	271.931765	402.088416	-174.507448	74.806851	452.733604	-142.449428	-16.300335	-197.544975	-141.437159	408.466618	-373.381233	-43.299588	210.359431	-487.454511	-156.832419	49.042397	-517.367367	-155.471446	-56.075590	-21.341531	-21.214721	197.072920	0.000000	0.000000	0.000000	74.750285	-236.264566	-37.178886	133.617175	-186.272796	-497.871775	167.011377	-130.083046	-891.260886	174.384696	-245.763803	-932.185245	190.125413	-304.736451	-929.171656	-139.484256	-208.444173	-47.252031	-163.736377	-64.705087	-494.166181	-193.847584	70.634075	-869.818075	-163.672571	-44.633346	-897.375868	-146.271899	-103.297552	-899.824260	
-84.609508	-175.963293	660.147156	-41.343401	-121.377074	417.874844	116.948427	-151.282337	443.172335	336.302708	-80.841667	269.605283	417.156444	-206.358907	97.518599	469.620127	-196.748149	2.395697	-198.933786	-136.569606	406.537547	-372.274857	-60.339428	196.924420	-504.220240	-198.080555	72.251247	-542.723054	-226.620362	-25.980291	-20.973316	-16.728764	197.543741	0.000000	0.000000	0.000000	74.382968	-237.022728	-32.836269	133.183972	-184.912522	-493.302765	166.981863	-125.361341	-886.162553	177.444265	-240.795674	-927.109586	195.302792	-299.140021	-923.698538	-139.888030	-208.822604	-44.294969	-164.611219	-69.159654	-492.473918	-200.702349	62.421176	-868.933258	-166.429285	-52.051873	-894.968230	-146.951719	-110.068241	-897.202637	
-87.396702	-171.982559	660.411360	-44.512184	-117.719053	417.998748	113.809558	-148.542994	441.971673	325.797471	-86.559371	256.437673	423.760264	-240.103596	119.568416	477.660741	-260.519421	26.988160	-201.779320	-133.266398	403.186426	-362.913239	-84.851004	176.277546	-512.267800	-237.803281	97.382565	-564.527613	-296.322645	21.285139	-21.024777	-13.473596	197.786961	0.000000	0.000000	0.000000	72.262730	-238.094418	-29.664217	131.774257	-184.764486	-489.899725	166.345370	-122.632221	-882.292223	179.411532	-237.829886	-923.157611	198.944865	-295.614717	-919.417670	-141.884070	-208.045636	-41.515168	-166.771113	-74.241577	-491.469005	-207.340891	53.443822	-868.812683	-169.254056	-60.147747	-893.366508	-148.080431	-117.582085	-895.166893	
-91.817254	-168.902351	660.453015	-49.318627	-115.201806	417.847157	108.786486	-148.043901	440.535498	306.902931	-100.790850	236.278960	415.144082	-276.052712	138.950319	471.122198	-324.507952	58.877156	-206.081281	-132.037116	399.513598	-346.708745	-116.272150	155.032081	-506.654002	-275.274680	122.454302	-572.570611	-350.481942	78.348851	-21.832775	-11.542452	197.821543	0.000000	0.000000	0.000000	68.148383	-239.513524	-27.926507	129.460561	-186.745818	-487.990428	164.965677	-122.035963	-879.882600	180.084938	-237.009319	-920.671591	200.794657	-294.373347	-916.785595	-145.649049	-205.898282	-39.113134	-170.100412	-80.285531	-491.445882	-213.196231	44.416092	-869.506690	-172.163943	-68.407248	-892.825935	-149.883979	-125.439916	-893.895964	
-97.583648	-166.258056	660.428773	-55.264564	-113.576139	417.568329	102.206997	-149.653915	439.742462	282.173921	-124.913761	215.680996	389.034301	-315.861681	152.234305	448.587720	-379.949159	87.123963	-211.436921	-133.008386	396.912588	-327.776447	-151.353910	140.155141	-487.884341	-313.442514	144.438654	-562.410780	-390.466701	123.002542	-23.652095	-10.868830	197.650469	0.000000	0.000000	0.000000	62.457618	-241.113104	-27.465202	126.969225	-191.299748	-487.420969	163.137960	-123.325084	-878.699286	179.827753	-238.060330	-919.546325	201.261769	-295.164070	-915.755429	-150.746418	-202.563382	-37.164218	-174.136117	-87.666043	-492.392590	-217.758880	35.894945	-870.767346	-175.145900	-76.525257	-893.181043	-152.489330	-133.419396	-893.119087	
-103.703457	-163.865604	660.463503	-61.380179	-112.671286	417.285859	95.046529	-152.772860	439.938438	256.122514	-157.055746	200.689836	348.450469	-360.461373	155.885472	411.486362	-429.366605	99.567477	-216.995863	-135.888745	396.338659	-311.021996	-186.393119	134.796646	-458.939184	-357.730262	161.058614	-536.367071	-433.332821	145.709426	-26.507256	-11.243929	197.266825	0.000000	0.000000	0.000000	56.447128	-242.565745	-27.683952	125.713375	-198.477900	-487.532704	161.635647	-125.934899	-878.012610	179.718614	-240.339086	-919.193856	201.598468	-297.293970	-915.724249	-156.005758	-198.824138	-35.619530	-178.243636	-96.855740	-493.974490	-220.621950	27.972232	-872.074709	-178.204829	-84.639191	-893.892067	-156.025624	-141.697220	-892.239422	
-108.617742	-161.907709	660.605224	-66.464355	-112.392333	417.050705	88.677756	-156.695390	440.688704	232.927996	-193.919869	193.686849	296.982326	-407.643458	147.589108	360.839217	-477.480996	93.384061	-221.552969	-140.157179	397.796824	-298.849203	-220.335990	138.196206	-418.132602	-411.662604	171.229508	-492.126761	-489.258641	150.012960	-29.904325	-12.241586	196.720959	0.000000	0.000000	0.000000	51.905665	-243.574762	-27.712043	127.403970	-208.326060	-487.342287	161.585177	-129.341016	-876.727008	181.266642	-243.189049	-918.708810	203.548462	-300.014467	-915.705906	-159.906045	-195.939777	-34.281860	-181.721626	-108.262834	-495.604070	-221.390003	20.401596	-872.710956	-181.317008	-93.137040	-894.150993	-160.701239	-150.692846	-890.603293	
-110.816136	-160.703132	660.839220	-69.436006	-112.627294	416.864051	84.429743	-160.894862	441.074872	213.770136	-232.720837	193.454595	236.502727	-449.848415	128.304187	297.703557	-521.356603	73.220537	-223.894208	-145.381253	400.618465	-289.677146	-254.691158	148.587158	-358.657691	-470.359397	174.170294	-422.146439	-552.945727	141.078011	-32.881709	-13.259603	196.179095	0.000000	0.000000	0.000000	50.421704	-244.009248	-26.607493	133.528871	-221.007850	-485.700687	164.153129	-133.354180	-873.523381	185.760814	-246.290638	-916.993729	208.554095	-302.938534	-914.522463	-161.207597	-195.140640	-32.708202	-184.019157	-122.147891	-496.532564	-219.762661	12.842973	-871.815907	-184.329008	-102.273478	-893.010262	-166.511453	-160.631145	-887.796396	
-109.448548	-160.519819	661.147602	-69.525285	-113.390920	416.745302	83.273018	-165.222131	440.341797	197.186598	-270.870255	197.307067	171.420057	-477.444274	104.738219	226.643302	-553.300704	49.156151	-223.086176	-151.554193	404.227542	-279.460395	-291.059406	165.154180	-279.002204	-518.852195	171.140610	-326.190530	-606.503432	126.008083	-34.534933	-13.931686	195.848175	0.000000	0.000000	0.000000	52.804258	-243.812113	-23.625917	145.068178	-236.547836	-481.487277	170.245918	-138.090677	-867.103307	193.837017	-249.685606	-912.942576	217.264778	-306.097739	-911.088870	-159.317942	-197.076449	-30.269650	-184.922263	-138.805568	-496.027387	-215.770033	4.680547	-868.583248	-186.496999	-112.175351	-889.662401	-172.260472	-171.444021	-883.762147	
-104.480452	-161.428182	661.516708	-66.362125	-114.937988	416.704250	85.644014	-169.877146	438.300852	181.784241	-305.105469	202.347324	109.990468	-487.987550	86.997724	155.128667	-570.597742	31.940751	-218.607423	-159.068066	408.459114	-264.761250	-328.873473	187.479979	-191.611009	-543.868881	168.728483	-219.739673	-635.079806	115.476556	-34.376689	-14.394197	195.842568	0.000000	0.000000	0.000000	58.954680	-242.826854	-18.715895	162.303769	-254.529810	-474.110704	180.305507	-143.647819	-856.744439	205.440574	-253.461816	-905.941199	229.537620	-309.612196	-904.896093	-154.277888	-201.575901	-26.515555	-184.207147	-158.428324	-493.659936	-209.713927	-4.993697	-862.638172	-185.973882	-123.060044	-883.928776	-174.895162	-183.068253	-878.776701	
-96.541842	-163.164580	661.903340	-60.092213	-117.593127	416.664372	91.410686	-174.990446	435.184905	168.451619	-332.089572	205.863582	57.482567	-487.119964	81.135163	87.554820	-575.870690	25.348611	-210.518921	-168.128552	413.192626	-245.363081	-364.878770	213.515221	-112.656496	-546.109741	175.175957	-120.422507	-639.312478	118.613061	-32.312870	-15.072346	196.142713	0.000000	0.000000	0.000000	67.988324	-240.839320	-12.838611	184.532603	-273.871653	-463.980187	194.140967	-149.928149	-842.890652	219.893577	-257.568908	-896.383424	244.583521	-313.470870	-896.431727	-146.677033	-207.740273	-21.619723	-181.120749	-180.439352	-489.647112	-201.990322	-16.455548	-854.354518	-181.161853	-134.940838	-876.353445	-171.743568	-195.374337	-873.294818	
-86.699035	-165.178371	662.248292	-51.465667	-121.357312	416.513050	99.942481	-180.055740	431.367612	159.887981	-349.547616	205.795559	14.610823	-479.843450	88.223136	25.097347	-569.797815	27.466110	-199.736964	-177.990974	418.038701	-225.141994	-395.075506	239.084180	-49.874765	-533.478945	193.790821	-35.009826	-625.739212	137.103089	-28.599961	-16.303554	196.620185	0.000000	0.000000	0.000000	78.532812	-237.834669	-7.621532	209.878905	-292.618539	-452.536532	211.102399	-156.496995	-827.365669	236.119416	-261.728860	-885.774658	261.120763	-317.472907	-887.244005	-137.534139	-214.359753	-16.487633	-174.893144	-202.940703	-484.948151	-193.176480	-28.677806	-844.997983	-172.396339	-146.991669	-867.944821	-163.076668	-207.516910	-867.619314	
-76.198142	-166.938961	662.524631	-41.627525	-125.722556	416.245186	110.203558	-184.176907	427.245267	158.454310	-356.561457	201.061400	-17.178668	-467.620616	107.655557	-29.572790	-550.583489	37.965395	-187.911406	-187.028219	422.304792	-210.130946	-416.990047	259.763477	-5.921092	-511.163417	222.948891	33.808512	-596.073403	166.750357	-23.807906	-18.170286	197.094610	0.000000	0.000000	0.000000	89.225181	-234.112765	-4.571709	235.498808	-308.134963	-441.981318	230.261888	-162.267662	-813.091489	252.842576	-265.192018	-876.399435	277.492281	-321.024380	-879.524251	-127.969011	-220.473061	-12.375245	-165.693696	-222.958109	-480.939028	-184.245291	-40.073456	-836.673144	-161.450894	-157.869081	-860.361709	-151.126836	-218.197469	-862.402869	
-66.192411	-168.174440	662.724183	-31.664049	-129.967371	415.954054	120.953805	-186.928525	423.289472	165.122494	-353.558200	192.016067	-32.938725	-451.490833	136.458126	-70.887048	-518.996763	59.672416	-176.717151	-193.732824	425.315765	-204.849893	-429.500612	272.286588	16.255672	-482.785678	258.192874	80.292995	-551.733908	202.589052	-18.529005	-20.472322	197.435612	0.000000	0.000000	0.000000	99.035738	-230.139540	-4.305175	258.026550	-317.982330	-434.663156	250.350049	-165.463852	-803.046976	268.532247	-266.622518	-870.482417	291.649241	-322.995657	-875.204574	-118.886416	-225.607212	-10.246529	-154.812732	-237.894342	-478.797138	-176.521765	-49.531663	-831.481045	-150.552627	-166.599192	-855.508928	-138.618897	-226.557032	-859.102056	
-57.662086	-168.770848	662.807742	-22.424972	-133.591609	415.687829	131.056171	-188.503596	420.024077	178.974671	-341.884263	180.478887	-28.992040	-434.012048	167.515484	-92.961539	-481.323073	92.931697	-167.340119	-197.411355	426.674956	-210.496801	-431.462544	274.512636	15.542083	-453.778858	292.788494	100.303973	-499.901980	241.461095	-13.193110	-22.836969	197.604847	0.000000	0.000000	0.000000	107.137866	-226.435872	-6.252494	273.872087	-321.085362	-432.214463	269.380229	-164.399524	-798.898012	281.036350	-264.682261	-869.031557	300.907335	-322.177802	-874.865227	-111.057260	-229.562775	-10.237319	-144.321461	-246.374283	-478.843991	-171.304558	-56.554719	-830.380853	-141.762861	-172.774304	-854.398304	-128.003187	-232.281437	-858.852468	
-51.469205	-168.643433	662.744520	-14.639861	-136.436753	415.451548	139.658083	-189.135777	417.806965	196.716748	-323.093758	168.802391	-8.956093	-418.104094	192.832585	-94.072908	-446.929222	131.047385	-160.471446	-198.145652	426.371135	-224.989857	-421.391594	265.764616	-3.822460	-429.456602	320.037446	95.706474	-451.250477	280.471798	-8.296668	-25.009757	197.608042	0.000000	0.000000	0.000000	112.718283	-223.606033	-9.260172	280.081994	-318.138831	-435.001130	284.819882	-158.534844	-800.420852	288.006707	-258.818625	-871.443482	302.754098	-317.815093	-877.489658	-105.366376	-232.160873	-11.697926	-136.472159	-247.886619	-480.490500	-169.526506	-60.917155	-833.034893	-136.626652	-176.277432	-856.828754	-121.116057	-235.318112	-861.716143	
-48.364067	-167.777361	662.602712	-9.078935	-138.443866	415.330172	145.990181	-188.858856	416.907666	214.017804	-299.028952	159.150993	18.725676	-405.680099	208.061618	-79.656304	-422.941895	164.287339	-156.577338	-196.323910	424.721586	-243.817817	-398.270248	247.513784	-34.363517	-412.434334	336.135884	73.018290	-415.119069	315.927917	-4.505783	-26.952186	197.475412	0.000000	0.000000	0.000000	114.991694	-222.281819	-12.590605	275.606806	-310.988340	-442.167565	294.458761	-148.867371	-806.020349	288.256942	-249.604056	-876.197726	296.783026	-309.886424	-881.486117	-102.856349	-233.162925	-13.899909	-133.095781	-242.671743	-482.916440	-171.767234	-62.646845	-838.491009	-136.091243	-177.243146	-861.974053	-119.081554	-235.852637	-867.059817	
-48.638537	-166.210433	662.533697	-6.371052	-139.483377	415.457578	149.421475	-187.598793	417.503572	227.865626	-271.716680	152.976813	47.110494	-397.402962	211.596535	-57.770137	-411.801556	185.406746	-155.931712	-192.237119	421.994290	-261.240162	-362.933815	223.075718	-69.598874	-403.095207	339.635922	39.467803	-397.309452	343.808115	-2.242948	-28.604110	197.281614	0.000000	0.000000	0.000000	113.534812	-222.796300	-16.201077	261.975275	-301.527265	-452.055743	297.421297	-137.008616	-813.586719	282.821509	-238.337298	-881.634871	285.559133	-299.262302	-885.543117	-104.139982	-232.428530	-16.414257	-134.937538	-231.840084	-485.490488	-178.240291	-62.248848	-845.631299	-140.366599	-176.201637	-868.802129	-122.115131	-234.435556	-873.897377	
-51.859986	-164.040808	662.656875	-6.619094	-139.373366	415.893297	149.799131	-185.317888	419.503075	237.217866	-242.903392	150.717688	73.302763	-392.346671	202.720349	-33.193697	-412.040020	189.920074	-158.277533	-186.155299	418.183598	-272.403637	-318.862336	196.463268	-106.075369	-400.665665	329.010333	-0.861246	-400.174497	358.610493	-1.304385	-29.717736	197.125381	0.000000	0.000000	0.000000	108.559614	-224.925734	-20.348076	242.544459	-291.172198	-462.910946	294.376162	-124.188723	-821.320553	273.724419	-226.349859	-886.495813	272.258826	-287.402705	-888.737919	-108.959123	-230.022847	-18.841036	-141.575970	-216.874269	-487.610279	-188.667632	-60.538380	-853.231920	-148.843870	-173.883584	-876.111484	-129.449428	-231.772162	-880.910984	
-57.076790	-161.500700	662.936527	-9.302741	-138.065496	416.530528	147.567972	-182.187196	422.484155	242.200916	-214.095549	151.873415	97.672961	-387.658005	181.764482	-6.401000	-419.491885	174.808488	-162.739711	-178.556484	413.116877	-275.171744	-271.198229	171.099574	-142.809834	-402.483852	302.133965	-47.485789	-421.710180	352.034838	-0.987272	-29.945588	197.092740	0.000000	0.000000	0.000000	100.867147	-228.006895	-25.089726	220.957037	-281.124202	-473.374675	286.424174	-110.955274	-828.035137	262.368236	-214.308648	-890.088327	258.607046	-275.301594	-890.670634	-116.274827	-226.255444	-20.645194	-152.009605	-199.320087	-488.596964	-202.395082	-58.490701	-860.034855	-160.474238	-171.145264	-882.576683	-139.844171	-228.670121	-886.521069	
-63.194863	-158.955470	663.137902	-13.499807	-135.879713	417.078162	143.611686	-178.680272	425.720017	243.574350	-186.737552	155.264372	122.084496	-379.428056	151.224994	25.316074	-428.188265	138.917039	-168.111744	-170.247660	406.682498	-270.221008	-224.931594	149.040895	-179.387347	-402.982339	258.461095	-100.540059	-453.210988	315.088034	-0.542884	-29.065843	197.226121	0.000000	0.000000	0.000000	91.742982	-231.247951	-29.973825	200.197072	-272.596065	-482.445338	274.630257	-97.515997	-832.922333	249.555266	-202.369856	-891.982639	245.269538	-263.325351	-891.154896	-124.641738	-221.697992	-21.260827	-165.002104	-180.797608	-487.822234	-218.501258	-57.157333	-864.901327	-174.197475	-168.996581	-886.939911	-152.197076	-226.104388	-889.164294	
-69.295599	-156.853713	662.912684	-18.224457	-133.627125	417.149081	138.942044	-175.621101	428.364590	242.499159	-162.002505	159.488842	148.048490	-364.796658	116.368848	66.640099	-430.344980	85.235867	-173.265627	-162.411573	399.044722	-260.238689	-183.646537	131.125718	-214.202409	-395.021372	202.728383	-158.118406	-478.588610	245.360807	0.326604	-27.251591	197.485455	0.000000	0.000000	0.000000	82.735340	-234.053525	-34.126688	182.449491	-266.434852	-489.330997	260.243310	-84.318605	-835.465722	235.905230	-190.766305	-891.925899	232.443127	-251.750639	-890.041765	-132.654831	-217.076480	-20.447081	-179.104848	-162.991536	-485.095940	-235.850185	-57.387681	-867.150271	-189.271308	-168.447237	-888.427611	-166.022913	-225.100107	-887.946577	
-74.961943	-155.615336	662.000336	-22.897656	-132.449103	416.439509	134.214693	-174.027885	429.762617	239.999682	-140.432015	163.521066	175.503994	-344.118612	84.414758	119.480019	-417.405510	26.246760	-177.692260	-156.395105	390.762739	-249.003184	-149.029834	117.529624	-245.011106	-374.974713	146.831099	-216.442594	-480.081432	155.932758	1.194302	-25.162061	197.759210	0.000000	0.000000	0.000000	75.041482	-236.230919	-36.804200	168.820450	-262.925416	-493.636045	244.597054	-72.367777	-835.649415	221.983846	-180.237244	-890.092297	220.123264	-241.265427	-887.499202	-139.457278	-212.934035	-18.664131	-192.813055	-147.359564	-481.086554	-253.252816	-59.239254	-866.987533	-205.632523	-170.044903	-887.259624	-181.901749	-226.371691	-883.463530	
-80.421160	-155.399085	660.445109	-27.682673	-133.241266	414.935094	129.369635	-174.531905	429.775792	236.510310	-121.547385	167.254886	203.161138	-321.088122	62.483427	175.415395	-390.383159	-17.024703	-181.857048	-153.129683	382.860341	-240.244537	-120.905265	108.363860	-272.191964	-346.491948	104.412676	-270.792927	-452.149284	76.466434	0.998113	-23.678341	197.943429	0.000000	0.000000	0.000000	68.906623	-237.908179	-37.978886	158.910116	-261.757137	-495.726659	228.909245	-62.865150	-834.207903	208.235938	-171.782720	-887.318955	208.155420	-232.821388	-884.335745	-145.009670	-209.330116	-17.049445	-205.036418	-134.817695	-477.295070	-269.773858	-61.619740	-865.610461	-224.138624	-173.465866	-884.700025	-201.592666	-229.970293	-877.686007	
-86.168225	-155.983925	658.650602	-33.215332	-135.985018	413.001423	123.883196	-176.690575	428.929419	232.249160	-104.239580	171.613696	229.942324	-300.234371	55.482513	224.351749	-364.336661	-32.567547	-186.844480	-152.510572	376.682452	-236.919597	-98.234597	104.024368	-299.286115	-316.437588	83.445895	-319.577109	-411.500042	33.467621	-1.415469	-23.465519	197.966226	0.000000	0.000000	0.000000	63.776366	-239.264471	-38.417552	151.198862	-261.423178	-496.750100	214.083238	-56.182705	-832.829490	195.021386	-165.787855	-885.122544	196.458365	-226.802138	-881.989278	-149.793509	-205.938309	-16.997139	-215.658401	-125.781433	-475.492546	-284.833149	-62.690036	-864.815098	-246.120383	-177.344307	-882.486031	-227.285617	-234.807184	-872.814617	
-92.398828	-156.919967	657.185684	-40.040474	-139.595175	411.206135	117.279742	-179.015647	428.146221	227.920869	-88.309121	177.677507	255.559712	-284.516178	65.229222	265.124800	-351.743609	-20.106309	-193.567844	-153.356672	373.337353	-241.101953	-80.263164	104.648541	-329.391560	-289.469663	85.591057	-366.627163	-377.146373	31.993233	-6.672433	-24.606954	197.720099	0.000000	0.000000	0.000000	58.956792	-240.404196	-38.996654	143.968103	-259.537277	-497.918682	200.740625	-51.657732	-833.463655	182.739810	-161.701276	-885.209145	185.248166	-222.680388	-882.065716	-154.255223	-202.391860	-19.505040	-225.391533	-120.026676	-476.819973	-297.732152	-60.895386	-866.188751	-271.658830	-179.328735	-882.008528	-259.248468	-238.152162	-870.344295	
-98.674583	-157.859542	656.477052	-48.115750	-142.557690	409.987412	109.572194	-179.900504	428.170292	225.103379	-74.858463	185.636944	280.328147	-274.514745	90.803799	298.966241	-354.033041	18.536011	-202.108565	-154.228070	373.325550	-253.583067	-66.819852	109.685627	-362.502885	-266.968660	108.095065	-412.538074	-354.611515	66.123262	-14.485281	-26.660726	197.034625	0.000000	0.000000	0.000000	54.262511	-241.363689	-39.874422	136.256673	-254.343506	-499.560083	189.510804	-48.337157	-836.832725	171.969220	-158.646547	-888.168267	175.094359	-219.599818	-885.076763	-158.392668	-198.618464	-24.496002	-234.746469	-116.774582	-481.062561	-307.325195	-56.046856	-870.141205	-297.991313	-177.236435	-883.650694	-293.653929	-236.922497	-870.649614	
-104.199637	-158.659641	656.573387	-56.872356	-143.741281	409.419477	101.231203	-178.423859	429.192538	225.760460	-65.267623	194.902461	304.108233	-268.933458	129.422801	324.440460	-363.618789	79.278412	-211.785293	-154.123607	376.430596	-273.897380	-57.553610	118.337291	-395.804866	-248.177467	145.294884	-450.895422	-340.821941	127.171572	-23.808148	-28.894773	195.809921	0.000000	0.000000	0.000000	50.022152	-242.186671	-40.425495	128.309883	-245.450961	-500.928265	180.964968	-45.659220	-842.012061	163.324325	-156.124754	-892.976561	166.652409	-217.070596	-889.951141	-161.837738	-194.941431	-30.724096	-243.454384	-115.374517	-486.782399	-312.748629	-49.054702	-875.546736	-321.062227	-170.558943	-886.688786	-324.897811	-230.113679	-872.948745	
-108.311299	-159.196470	657.224706	-65.567238	-142.626527	409.341937	92.903258	-174.343238	431.061576	231.290692	-60.249068	205.151974	325.745955	-265.725920	177.525936	340.492299	-370.531012	151.227472	-221.618798	-152.498919	382.055979	-300.893754	-51.764578	130.334101	-426.077469	-232.336092	190.737477	-473.542773	-330.215257	201.374026	-33.422062	-30.495477	194.155228	0.000000	0.000000	0.000000	46.742786	-242.923394	-39.926889	121.470169	-233.459495	-500.935217	175.388250	-43.515504	-847.405380	157.224695	-154.109195	-897.906146	160.385065	-215.066836	-894.939147	-164.189782	-191.940934	-36.578389	-251.063689	-115.757111	-492.243064	-314.226327	-41.293060	-880.577077	-338.142316	-160.862635	-889.941055	-349.086817	-219.494499	-876.056195	
-110.663225	-159.258378	658.170467	-73.486379	-139.097041	409.657113	85.226969	-167.799204	433.674803	241.976094	-59.572596	217.063577	343.477842	-263.022458	231.599058	350.164585	-371.422284	221.702779	-230.635335	-149.111832	389.707516	-333.039933	-48.666900	146.356034	-451.550076	-219.384233	239.825495	-480.566576	-319.713287	272.051973	-42.402750	-30.847370	192.337483	0.000000	0.000000	0.000000	44.898581	-243.564402	-38.096185	117.546259	-219.345913	-498.897884	172.720525	-41.945286	-851.760848	153.828323	-152.741180	-901.545998	156.515650	-213.723974	-898.630144	-165.201814	-190.195592	-40.884994	-257.424975	-118.226494	-496.183451	-313.086851	-34.237594	-883.720984	-348.632095	-150.919304	-892.578534	-364.929017	-208.441558	-879.317028	
-111.042102	-158.587312	659.266498	-79.917864	-133.260956	410.394358	78.858146	-159.150888	437.049200	257.162222	-62.387092	231.992782	355.698212	-259.969427	288.185407	358.783535	-368.931215	284.871709	-237.876351	-143.927575	399.018226	-368.140058	-47.475981	167.665062	-471.333450	-209.188042	290.652603	-481.628462	-310.413007	330.576798	-50.094346	-29.591512	190.678158	0.000000	0.000000	0.000000	44.922389	-244.020266	-35.027261	117.779954	-204.192532	-494.709709	172.819683	-40.974064	-854.373181	153.142068	-152.086883	-903.137302	155.145200	-213.098870	-900.282488	-164.697084	-190.125819	-43.181347	-262.173258	-123.039093	-498.130920	-310.905403	-28.953518	-884.279598	-353.332033	-143.201710	-894.471434	-372.975290	-200.039652	-882.901741	
-109.178877	-157.049102	660.493593	-84.119616	-125.473529	411.651271	74.505523	-148.943551	441.279196	275.587017	-67.698060	251.097406	361.717347	-257.044647	344.023009	372.199904	-365.569319	341.639153	-242.404749	-137.134857	409.674666	-403.154537	-47.569240	195.354028	-484.008171	-201.617001	342.519171	-487.012526	-304.235307	380.027562	-55.925343	-26.693550	189.481058	0.000000	0.000000	0.000000	47.321963	-244.112606	-30.991729	122.188140	-189.281243	-488.802828	175.653027	-40.738860	-855.005121	155.234724	-152.241695	-902.559482	156.469225	-213.278002	-899.789947	-162.386840	-192.010342	-43.590459	-264.353337	-130.058831	-498.283971	-308.324280	-25.667022	-882.349884	-353.325411	-138.580335	-895.841506	-374.545255	-195.385972	-887.291371	
-104.881349	-154.731334	661.909041	-85.517740	-116.413613	413.505564	72.733224	-137.966404	446.409972	295.490952	-74.770827	274.395369	362.152194	-255.585332	395.919545	395.943232	-359.260512	397.591081	-243.533078	-129.238783	421.299457	-434.634566	-48.504537	229.575612	-488.173090	-196.895622	394.011964	-503.189623	-299.378804	428.913589	-59.423556	-22.570150	188.951555	0.000000	0.000000	0.000000	52.604994	-243.573723	-26.369986	129.788521	-175.938309	-482.078863	181.213045	-41.450408	-853.960532	160.242286	-153.338985	-900.354283	160.758167	-214.390274	-897.689875	-157.870258	-195.963188	-42.579292	-262.804333	-138.293460	-497.160846	-304.668106	-23.737798	-878.555844	-349.422178	-136.101330	-896.668040	-371.116383	-193.204015	-892.319266	
-98.289913	-151.769545	663.585583	-83.905067	-106.956793	415.931837	73.785002	-127.151100	452.217136	314.832919	-83.184451	300.011533	359.326441	-256.617983	440.890444	427.759409	-339.152951	460.842364	-241.054133	-120.993968	433.287106	-459.470705	-49.770026	268.918066	-484.547883	-195.402649	442.376638	-531.224696	-284.177311	485.813454	-60.346122	-17.899766	189.159205	0.000000	0.000000	0.000000	60.978877	-242.078360	-21.690184	139.381363	-165.128756	-475.710265	189.255701	-43.165350	-852.094286	168.118980	-155.394193	-897.582004	168.043379	-216.451921	-895.018166	-150.896853	-201.771155	-40.695530	-256.830569	-145.668282	-495.241306	-298.604834	-21.984222	-873.784412	-342.269834	-133.940354	-896.494194	-364.132782	-191.144078	-896.605301	
-89.897429	-148.171177	665.576354	-79.390329	-97.965634	418.763695	77.669423	-117.302453	458.119920	331.938183	-92.287708	324.234259	356.636462	-259.225471	477.294735	444.952963	-299.347691	527.130207	-235.221396	-113.172944	444.830782	-475.487470	-50.713918	310.046089	-476.769742	-196.521352	485.157910	-551.656093	-244.403740	548.763993	-58.733479	-13.268236	190.046293	0.000000	0.000000	0.000000	72.094868	-239.339948	-17.593733	150.053232	-157.231184	-470.785823	199.242814	-45.597724	-850.451213	178.406476	-158.111524	-895.370011	177.880181	-219.169771	-892.872300	-141.631757	-208.810210	-38.423001	-246.534729	-149.836598	-492.844420	-289.409623	-19.396424	-868.989105	-332.462263	-130.845375	-895.106978	-354.611760	-187.828203	-898.660012	
-80.433487	-143.909836	667.896057	-72.305610	-90.181784	421.736112	84.233693	-108.882131	463.405456	346.353370	-100.820419	343.272222	356.047398	-260.698978	505.292602	438.042372	-261.327401	577.192537	-226.630360	-106.325007	455.162816	-482.009140	-50.402521	348.157282	-468.409516	-197.633531	521.546099	-543.497081	-201.107441	600.894771	-54.960042	-9.176826	191.411704	0.000000	0.000000	0.000000	84.900484	-235.303436	-14.663591	161.115849	-152.062223	-467.945561	210.395698	-48.201214	-849.798727	190.164152	-160.940443	-894.427836	189.307134	-221.995559	-891.945220	-130.777766	-216.155921	-36.212965	-232.843820	-149.746256	-490.254399	-277.720984	-15.779383	-864.923101	-320.889685	-126.718571	-892.949904	-343.532073	-183.344756	-898.523453	
-70.769004	-139.199386	670.479135	-63.344056	-84.184800	424.581290	92.911570	-102.027197	467.667469	358.713185	-107.714963	355.770817	356.750718	-259.177380	525.950182	424.236703	-236.067160	608.440975	-216.239048	-100.709454	463.876764	-480.502953	-47.827211	379.237017	-460.306440	-195.973971	551.197013	-521.610368	-173.156670	638.761968	-49.752711	-6.254342	192.947692	0.000000	0.000000	0.000000	97.684678	-230.380177	-13.171863	171.812098	-149.037878	-467.144309	221.795912	-50.581771	-850.335471	202.100964	-163.473774	-894.818180	200.968191	-224.523105	-892.304009	-119.574172	-222.824269	-34.481122	-217.474906	-146.398907	-487.863915	-265.057703	-11.653831	-861.919207	-308.807040	-122.189847	-890.630297	-332.120977	-178.439154	-897.168090	
-61.926802	-134.494308	673.099605	-53.759214	-80.261703	427.051644	102.420932	-96.754755	470.941643	369.502789	-112.891875	363.189221	357.095984	-255.148709	540.713292	411.708333	-218.948094	627.892292	-205.448576	-96.409289	470.911302	-474.123578	-43.015680	401.928000	-452.364655	-191.005624	573.832413	-498.079745	-155.099288	666.392059	-44.194982	-5.014877	194.331973	0.000000	0.000000	0.000000	108.545518	-225.476654	-12.998805	181.163145	-147.503132	-467.805616	232.441326	-52.809879	-851.773309	212.886631	-165.767165	-896.152042	211.456366	-226.806788	-893.555143	-109.637853	-228.024892	-33.492913	-202.677956	-141.720075	-486.125617	-253.144886	-7.659516	-860.048838	-297.580855	-117.938708	-888.692970	-321.657778	-173.816899	-895.635349	
-54.952072	-130.252648	675.422691	-45.138989	-78.321656	428.938696	111.012611	-93.202016	473.501499	378.528900	-116.861523	368.244802	356.510672	-250.289782	551.596455	401.464634	-206.623219	640.846350	-195.851685	-93.564163	476.345723	-466.266096	-37.294534	417.137572	-445.315532	-183.948972	590.282459	-476.115452	-141.579032	686.212514	-39.453561	-5.448751	195.338139	0.000000	0.000000	0.000000	116.110171	-221.622982	-13.874517	188.171138	-146.958799	-469.324737	241.438314	-55.165886	-853.725729	221.551266	-168.102361	-898.009639	219.792771	-229.126253	-895.249687	-102.454602	-231.375286	-33.258334	-190.552534	-136.899798	-485.247807	-243.342746	-4.151086	-859.318244	-288.373212	-114.289525	-887.572860	-313.220828	-169.804989	-894.707016	
-50.444226	-126.726053	677.229038	-38.640790	-77.926128	430.193148	117.359557	-91.458740	475.705243	385.559658	-119.989372	373.438831	355.260460	-246.136762	560.720774	393.580134	-198.170139	650.853881	-188.555759	-92.252064	480.336407	-459.391562	-32.259702	427.000545	-439.980436	-176.457422	602.373940	-457.410568	-130.624743	700.056990	-36.122230	-7.024181	195.931382	0.000000	0.000000	0.000000	119.913520	-219.472693	-15.598230	192.202771	-147.022350	-471.369706	248.310870	-57.776647	-855.966298	227.745053	-170.623789	-900.167841	225.672034	-231.624945	-897.136892	-98.819640	-232.907894	-33.558560	-182.407416	-132.176177	-485.053357	-236.238517	-1.236740	-859.612826	-281.780534	-111.276044	-887.430415	-307.353780	-166.444795	-894.688859	
-48.117862	-123.945998	678.552523	-34.317357	-78.393553	431.000497	121.332594	-91.158759	477.912468	390.976218	-122.249441	380.293847	354.052672	-243.447054	569.644110	387.795276	-193.027164	660.266638	-183.585394	-92.123133	483.198473	-454.443111	-28.892579	433.864669	-436.535521	-169.835703	612.021779	-442.845256	-121.617360	709.907432	-33.801721	-9.040745	196.262502	0.000000	0.000000	0.000000	120.372641	-219.037576	-17.994103	193.369066	-147.309881	-473.767167	253.154324	-60.441590	-858.354057	231.767671	-173.154123	-902.509492	229.430048	-234.125942	-899.103934	-98.556885	-232.934338	-34.142641	-178.312538	-127.554460	-485.269523	-231.582027	1.034658	-860.722475	-277.629043	-108.885951	-888.175596	-303.842641	-163.742461	-895.515732	
-47.023005	-121.770027	679.578824	-31.274776	-78.928417	431.659332	123.838318	-91.399835	480.393125	395.713527	-123.330481	389.464500	353.622218	-241.947044	579.370171	383.502050	-189.972142	670.468889	-180.013294	-92.334782	485.429207	-451.113140	-27.424573	439.741481	-434.491360	-164.878257	620.727125	-431.720842	-114.456924	717.662339	-31.564092	-10.871110	196.542077	0.000000	0.000000	0.000000	118.528793	-219.791562	-20.818616	192.477110	-147.405542	-476.334079	256.502228	-62.628997	-860.705221	234.376654	-175.193555	-904.874054	231.843883	-236.133829	-901.067068	-100.722190	-231.901256	-34.848722	-177.265178	-123.110055	-485.722310	-228.661924	2.572781	-862.418366	-275.193060	-107.213905	-889.589653	-301.899199	-161.826419	-896.973581	
-46.278663	-120.072548	680.454417	-28.456045	-78.887851	432.394627	125.955130	-91.265366	483.331613	400.626359	-123.205827	401.238781	354.214489	-240.870699	590.729276	379.788280	-187.467362	682.311130	-176.720987	-92.038889	487.518436	-448.653951	-27.627124	446.294445	-433.089659	-161.932094	629.721624	-422.649163	-109.192547	724.884424	-28.727037	-12.138407	196.902710	0.000000	0.000000	0.000000	115.489577	-221.105412	-23.777601	190.456295	-147.040747	-478.856542	258.892300	-63.807704	-862.804751	236.283438	-176.237782	-907.071256	233.615166	-237.154773	-902.993807	-104.195029	-230.251481	-35.570167	-177.965658	-118.851038	-486.268717	-226.829602	3.380728	-864.434593	-273.732585	-106.308983	-891.357065	-300.716875	-160.782306	-898.757885	
-45.509631	-118.853273	681.203060	-25.191254	-77.904210	433.296178	128.323729	-90.226908	486.886213	406.075926	-122.432048	416.032452	355.418450	-239.646265	604.713079	375.445544	-184.298043	696.520819	-172.963172	-90.749250	489.798764	-446.456444	-29.197574	455.033103	-431.697078	-160.977108	640.348827	-414.606805	-105.794521	733.134746	-25.096920	-12.741054	197.360257	0.000000	0.000000	0.000000	111.964343	-222.595046	-26.575392	187.900632	-146.184304	-481.105373	260.548097	-63.736768	-864.448826	237.785600	-176.059252	-908.909313	235.039057	-236.973402	-904.841399	-108.180221	-228.312286	-36.168013	-179.428657	-114.722383	-486.725824	-225.799245	3.607170	-866.443621	-272.868320	-106.080897	-893.081414	-299.884839	-160.537547	-900.487355	
-44.666743	-118.142643	681.755258	-21.168036	-75.846181	434.356179	131.174899	-88.145844	491.197529	412.007487	-121.701961	434.534011	356.303765	-237.981737	622.368620	369.278697	-179.884139	713.744172	-168.357534	-88.343191	492.435033	-443.989201	-31.900383	467.191748	-429.618092	-161.704278	653.926913	-406.587962	-104.177095	743.963897	-20.666455	-12.685550	197.876819	0.000000	0.000000	0.000000	108.189222	-224.162611	-28.931575	185.030229	-144.941577	-482.827943	261.472295	-62.446691	-865.422582	238.880979	-174.691852	-910.164763	236.128757	-235.624621	-906.390111	-112.346500	-226.258987	-36.369218	-181.137717	-110.812802	-486.837079	-225.568393	3.412957	-868.040581	-272.532730	-106.409559	-894.306679	-299.344621	-160.967926	-901.707630	
-43.664572	-117.939404	681.994819	-16.228993	-72.839700	435.497780	134.560575	-85.191919	496.329674	418.084489	-121.283978	457.403285	355.739620	-235.736783	644.270629	360.335650	-174.253356	734.225262	-162.693526	-85.000547	495.450522	-440.559953	-35.594118	483.405466	-425.751080	-163.886017	671.148609	-397.342596	-104.481469	758.386675	-15.269068	-12.016062	198.407991	0.000000	0.000000	0.000000	104.129584	-225.855310	-30.614191	181.818624	-143.491522	-483.806253	261.692388	-60.083337	-865.500777	239.565741	-172.278202	-910.599893	236.901211	-233.238907	-907.235708	-116.670325	-224.149740	-35.812213	-182.974695	-107.429943	-486.324773	-226.163519	2.797599	-868.845797	-272.731372	-107.307056	-894.632261	-299.131822	-162.072579	-901.982138	
-42.482765	-118.262457	681.772224	-10.537518	-69.343103	436.550116	138.237355	-81.839937	502.127985	423.486898	-120.985304	484.691002	352.494906	-232.971670	669.960866	347.894166	-168.055913	757.470574	-156.104681	-81.219962	498.704907	-435.553784	-40.209841	503.416453	-418.961727	-167.554087	691.654994	-385.544063	-106.948284	776.251795	-8.741340	-10.901473	198.866809	0.000000	0.000000	0.000000	99.627196	-227.756463	-31.499770	178.031292	-142.203070	-483.977217	261.248253	-56.914417	-864.540269	239.831362	-169.071084	-910.074929	237.369049	-230.057931	-907.047286	-121.296870	-221.931594	-34.220205	-185.263452	-104.944143	-485.001260	-227.564273	1.622166	-868.657332	-273.512119	-108.875771	-893.867313	-299.345011	-163.936083	-901.029068	
-41.632991	-119.210963	680.961948	-4.937507	-66.119352	437.277302	141.367798	-78.817411	508.158242	426.689850	-120.540036	515.524334	345.345904	-230.096913	697.969352	331.472896	-162.410695	782.345217	-149.438069	-77.765684	501.914965	-429.048814	-45.660021	526.058027	-409.089080	-172.808237	714.102017	-370.706149	-111.712247	796.202278	-1.496291	-9.745621	199.113146	0.000000	0.000000	0.000000	94.373850	-229.971500	-31.583312	173.241594	-141.753729	-483.468175	259.981586	-53.464493	-862.557397	239.429385	-165.572433	-908.607622	237.265885	-226.578933	-905.752570	-126.529435	-219.399679	-31.490761	-188.800785	-103.582980	-482.811177	-229.827662	-0.170517	-867.467358	-275.096837	-111.090392	-892.044281	-300.282738	-166.507735	-898.741703	
-42.192283	-120.902828	679.631528	-0.882107	-63.997937	437.551403	142.628903	-76.871892	513.902185	425.780079	-119.898936	548.221199	333.622036	-227.729697	726.505112	310.988368	-158.269568	807.475345	-144.176650	-75.419138	504.858958	-422.083661	-51.805369	549.646374	-397.328984	-179.589770	736.686355	-353.795415	-118.700179	816.333755	5.209068	-9.178887	199.077559	0.000000	0.000000	0.000000	87.973965	-232.583386	-30.925233	167.055718	-142.930398	-482.490116	257.511725	-50.435963	-859.703508	237.835844	-162.461923	-906.332368	235.996749	-223.480073	-903.498980	-132.728061	-216.226373	-27.694812	-194.559206	-103.390804	-479.830180	-233.144532	-2.432922	-865.390030	-277.866298	-113.714881	-889.323921	-302.402431	-169.522010	-895.138518	
-45.212125	-123.256353	678.168328	0.142593	-63.500975	437.503148	140.803273	-76.434318	518.976409	419.381678	-119.031878	580.484380	317.785812	-226.120544	754.024085	287.284877	-155.837005	831.632642	-141.841048	-74.639440	507.579230	-416.292003	-58.343016	572.440078	-385.637223	-187.473404	757.672983	-336.924102	-127.395061	834.900225	9.626246	-9.814006	198.882583	0.000000	0.000000	0.000000	80.190925	-235.549026	-29.612358	159.441669	-146.225009	-481.212807	253.452968	-48.394111	-856.204066	234.489976	-160.295856	-903.422821	232.901779	-221.318134	-900.527247	-140.050600	-212.108124	-23.098880	-203.184354	-104.308844	-476.281835	-237.697434	-4.844566	-862.615142	-282.150589	-116.363462	-885.938838	-306.095286	-172.551034	-890.397002	
-51.010349	-125.881641	677.118413	-2.720350	-64.609562	437.407561	135.415132	-77.431916	523.109174	407.661315	-117.687168	609.510799	299.729496	-224.753157	779.196767	262.770161	-154.307486	853.792921	-143.313300	-75.390310	510.287425	-413.232003	-64.681303	592.901232	-375.872935	-195.487799	775.711413	-322.331700	-136.614918	850.636325	10.245645	-11.870192	198.739493	0.000000	0.000000	0.000000	71.197169	-238.643442	-27.768522	150.983375	-151.678163	-479.734923	247.685486	-47.528717	-852.332625	229.112228	-159.265433	-900.093981	227.610703	-220.286508	-897.127698	-148.204881	-206.977929	-18.249257	-214.593446	-106.286852	-472.600677	-243.425897	-6.998005	-859.444487	-287.957303	-118.594529	-882.241671	-311.424005	-175.090927	-885.023377	
-58.940746	-128.194879	676.810565	-9.462583	-66.789005	437.376410	126.864221	-79.371996	525.961181	392.574521	-115.583934	632.217671	282.577929	-222.636138	800.581286	241.230700	-152.170858	872.818548	-148.625901	-77.231839	512.997802	-413.893599	-69.908006	609.823625	-369.449595	-202.183434	789.972295	-311.706865	-144.549879	862.708619	6.427664	-14.922079	198.693930	0.000000	0.000000	0.000000	61.616180	-241.540517	-25.543001	142.882827	-159.066365	-478.087112	240.516519	-47.731285	-848.356764	221.900884	-159.253856	-896.599699	220.260550	-220.270807	-893.622098	-156.478995	-201.138865	-13.966619	-227.941739	-109.347594	-469.432079	-249.901464	-8.450679	-856.311004	-294.844957	-119.962044	-878.712789	-317.980891	-176.652195	-879.818378	
-67.715732	-129.695356	677.114093	-19.357511	-69.221061	437.214475	116.216108	-81.531743	526.985470	377.145262	-112.883598	645.883525	269.718163	-219.039811	816.459045	226.757738	-148.146263	887.322843	-157.165516	-79.505314	515.299461	-418.488908	-72.873130	622.359857	-367.304247	-206.036667	800.048362	-306.138052	-149.383464	870.727450	-1.388798	-18.015783	198.536555	0.000000	0.000000	0.000000	52.333148	-243.969732	-23.039784	136.525450	-168.133149	-476.209613	232.655583	-48.902459	-844.408599	213.514214	-160.134967	-893.113257	211.479033	-221.144551	-890.229895	-164.015566	-195.226842	-11.088710	-242.011273	-113.554935	-467.408463	-256.371942	-8.778099	-853.612172	-302.037189	-120.039913	-875.794052	-325.023225	-176.801280	-875.556623	
-75.795209	-130.247001	677.560545	-31.114163	-71.136704	436.610215	104.973354	-83.180639	525.636739	364.324587	-110.121952	648.985083	263.804766	-213.875072	825.157689	222.432918	-141.867462	895.843228	-167.789765	-81.533168	516.646272	-426.343293	-72.772608	630.088572	-369.619822	-206.146980	805.927493	-305.913663	-150.104984	874.827728	-11.934591	-20.176502	197.974077	0.000000	0.000000	0.000000	44.471557	-245.773218	-20.214496	133.108886	-178.540212	-473.894529	225.068442	-50.997737	-840.369372	205.006001	-161.844922	-889.579194	202.361527	-222.840970	-886.912004	-169.892792	-190.190243	-10.084439	-255.633227	-119.161156	-466.795281	-261.908340	-7.871105	-851.389700	-308.544986	-118.729165	-873.572027	-331.583179	-175.461163	-872.577505	
-81.685531	-130.153535	677.669166	-43.029548	-72.168141	435.407131	94.821015	-83.747347	521.742147	356.117626	-107.757014	641.539171	266.207391	-207.601500	825.530910	229.353182	-133.931955	896.999341	-178.782766	-82.777351	516.970513	-435.922576	-69.609071	633.166660	-375.602910	-202.657574	808.053010	-310.223401	-146.946969	875.641994	-23.575701	-20.967826	196.844603	0.000000	0.000000	0.000000	39.436883	-246.884020	-16.847343	133.643621	-189.858385	-470.802840	218.835390	-53.921994	-835.893395	197.726612	-164.309497	-885.695254	194.401046	-225.285531	-883.352407	-173.103251	-187.226826	-10.907123	-267.829055	-126.847989	-467.374827	-265.596233	-6.237180	-849.193850	-313.268460	-116.599415	-871.645524	-336.506056	-173.249271	-870.608730	
-84.233072	-129.990605	677.199194	-53.252808	-72.514745	433.715656	87.352530	-83.127418	515.618651	353.256324	-106.118509	625.027482	276.724407	-201.096282	817.453623	246.493065	-125.585399	890.098951	-188.147058	-83.128492	516.691354	-445.125090	-63.946417	632.407252	-383.711199	-196.459876	807.318998	-317.308308	-141.065477	874.166128	-34.690628	-20.641816	195.227397	0.000000	0.000000	0.000000	38.562818	-247.270993	-12.680109	139.071495	-201.713648	-466.579833	214.995422	-57.611233	-830.581899	193.047029	-167.533259	-881.045973	189.156019	-228.488919	-879.072989	-172.793208	-187.367207	-13.176571	-277.912693	-137.525259	-468.640094	-266.729044	-4.826927	-846.269275	-315.260187	-114.691042	-869.315884	-338.763820	-171.239594	-868.987889	
-82.808636	-130.330445	676.270638	-60.135086	-72.834539	431.878299	83.738864	-81.775519	508.107795	355.332496	-105.459364	602.339872	293.743056	-195.391452	802.401592	271.248975	-118.182677	876.062929	-194.067247	-82.987365	516.454733	-451.646633	-56.554898	629.370695	-392.004967	-188.766189	805.122361	-324.892680	-134.049449	871.818999	-43.831395	-19.900590	193.458099	0.000000	0.000000	0.000000	42.552331	-246.823418	-7.636710	150.357371	-213.694793	-460.939030	214.453888	-62.004656	-824.132081	192.025368	-171.558361	-875.182582	187.826219	-232.503598	-873.548464	-168.552530	-190.943118	-16.381568	-285.369964	-151.581569	-470.017658	-264.896448	-4.540661	-841.901411	-313.934328	-113.974171	-865.904228	-337.727953	-170.392337	-866.962948	
-77.388611	-131.562981	675.313008	-62.580744	-73.940371	430.348018	84.470392	-80.472826	500.518389	361.290749	-105.752964	577.558084	314.866382	-191.277230	783.558350	300.137400	-112.739761	857.774886	-195.255889	-83.059927	516.997983	-453.430004	-48.438263	626.283375	-398.407319	-180.987647	803.282716	-330.536268	-127.666709	870.341051	-49.851539	-19.606036	192.025228	0.000000	0.000000	0.000000	51.160954	-245.294344	-2.015280	168.034009	-225.258251	-453.835676	217.780303	-66.797406	-816.386251	195.178050	-176.193553	-867.697339	191.021181	-237.147549	-866.298817	-160.561705	-197.385404	-19.912973	-289.596800	-168.260807	-471.003927	-260.009306	-5.789604	-835.785242	-309.128813	-114.911516	-861.008728	-333.204814	-171.148852	-863.832758	
-68.595722	-133.807906	674.831933	-60.263680	-76.406829	429.509333	89.338061	-80.050180	494.290780	370.029974	-106.551316	555.228856	337.668100	-189.075662	765.105422	329.555177	-109.728395	839.478555	-191.293448	-84.077327	518.764250	-449.300133	-40.953390	625.388386	-401.075595	-174.579726	803.556840	-332.133400	-123.528346	871.285361	-52.062630	-20.559243	191.337558	0.000000	0.000000	0.000000	63.277207	-242.435698	3.427468	191.472858	-235.749293	-445.709029	224.675719	-71.281088	-807.475850	202.312411	-180.856586	-858.508187	198.671795	-241.844774	-857.162122	-149.626494	-205.470897	-23.047954	-290.282825	-185.950333	-471.173037	-252.432339	-8.451557	-828.103345	-301.233119	-117.426094	-854.552846	-325.506850	-173.471642	-859.019333	
-57.809088	-136.884611	675.109053	-53.749789	-80.239314	429.503033	97.465986	-81.114745	490.524453	380.543919	-107.403165	539.304704	360.116748	-188.969121	751.048551	356.599315	-109.435505	825.581783	-182.906340	-86.481147	521.555744	-439.549054	-35.394238	627.953465	-399.275735	-170.539997	806.948675	-328.930479	-122.498274	875.431960	-50.330019	-23.182986	191.501173	0.000000	0.000000	0.000000	77.084101	-238.306965	7.658455	218.468424	-244.486135	-437.509734	233.655086	-74.693094	-798.019292	212.300395	-184.860902	-848.201339	209.769526	-245.900583	-846.659567	-137.223618	-213.730297	-25.032460	-288.182020	-203.010421	-470.091997	-243.160154	-12.124009	-819.195318	-291.335827	-121.130206	-846.641544	-315.646082	-177.060296	-852.218593	
-47.122000	-140.436417	676.040404	-44.440694	-84.878514	430.167237	107.416562	-83.897327	489.572636	391.655175	-108.359564	532.160429	380.730851	-191.295919	744.075393	379.594077	-112.270958	819.221480	-171.922757	-90.282332	524.576978	-426.077407	-32.513299	633.498889	-394.192724	-168.946984	813.206481	-322.445221	-124.196084	882.460181	-45.011928	-27.165896	192.299770	0.000000	0.000000	0.000000	90.296474	-233.539639	9.828730	245.460372	-251.248400	-430.413237	242.556579	-76.802028	-789.004208	223.186800	-187.874806	-837.982328	222.294292	-248.947343	-835.988909	-125.355375	-220.872451	-25.277966	-285.242801	-218.242886	-467.330500	-233.743519	-16.388116	-809.295696	-281.113230	-125.573574	-837.423762	-305.269453	-181.515970	-843.522303	
-38.655806	-144.142256	677.210819	-34.067655	-89.639078	431.129863	117.565540	-88.207205	491.095807	401.978014	-109.896405	534.024037	398.736332	-196.303271	744.806096	398.253656	-118.485046	821.208073	-160.534421	-95.090776	526.892658	-411.787342	-32.517970	639.819376	-388.732395	-169.066394	820.785116	-316.299258	-127.093058	891.056746	-36.866544	-31.651876	193.344971	0.000000	0.000000	0.000000	100.791319	-229.210667	9.715990	268.722622	-256.714745	-425.307031	249.677736	-78.016016	-781.300725	232.977124	-190.048107	-829.061659	233.909584	-251.097261	-826.462368	-115.927428	-226.142605	-23.620728	-283.682102	-230.725292	-462.732007	-225.705148	-20.861260	-798.787777	-272.224688	-130.314456	-827.291675	-296.042879	-186.389225	-833.503039	
-33.553339	-147.857650	678.078339	-23.919002	-94.074917	431.984695	126.761313	-93.532905	494.320395	410.461502	-112.268482	542.971098	414.463917	-203.454873	751.716767	413.739264	-127.406965	829.879173	-150.371394	-100.282194	527.720472	-399.543439	-35.262191	643.830426	-386.331365	-169.959298	827.154544	-314.869895	-129.376293	899.214937	-26.853629	-35.843432	194.261144	0.000000	0.000000	0.000000	107.443320	-226.246385	7.702356	285.948205	-262.058135	-422.478943	254.545348	-78.787005	-775.257921	240.577202	-191.574935	-822.108540	243.065869	-252.553704	-818.942901	-109.970229	-229.410198	-20.373877	-284.761949	-240.044510	-456.626228	-219.922830	-25.346222	-788.346371	-265.608523	-135.123780	-816.951388	-288.922463	-191.421098	-823.061970	
-31.666055	-151.601363	678.149824	-14.568795	-98.094326	432.401650	134.566087	-99.330647	498.339872	416.820362	-115.143464	555.665159	429.318318	-211.329728	761.814947	428.433693	-137.342327	841.928948	-142.181613	-105.291187	526.514618	-391.264762	-40.302121	642.832442	-389.754288	-170.916669	829.549233	-321.683151	-129.818147	904.540260	-15.850532	-39.316391	194.797954	0.000000	0.000000	0.000000	110.342268	-224.936793	4.340890	296.713949	-268.252472	-421.794974	257.632415	-79.212256	-770.741794	245.954243	-192.418260	-817.209281	249.442458	-253.329757	-813.709706	-107.433226	-230.946359	-16.107970	-288.529352	-246.503098	-449.632511	-216.632322	-29.903413	-778.650919	-261.454709	-140.077845	-807.095424	-284.102238	-196.667518	-813.008578	
-32.165142	-155.486691	677.100659	-6.218207	-101.891569	432.148003	140.935131	-105.224515	502.329036	421.403897	-117.889724	568.514935	444.885671	-218.363311	771.639025	444.920470	-146.442748	853.618307	-136.095326	-109.800832	523.051547	-387.528257	-46.894081	635.390551	-400.509560	-171.521938	825.719174	-338.664898	-128.048267	904.660291	-4.649544	-41.921427	194.844134	0.000000	0.000000	0.000000	110.289696	-225.004447	0.041839	301.853047	-275.652522	-422.971968	259.440077	-79.219598	-767.417464	249.533231	-192.524377	-814.055304	253.518340	-253.402382	-810.503901	-107.566174	-231.166122	-11.372222	-294.466677	-250.672870	-442.265521	-215.743420	-34.581105	-770.053131	-259.599601	-145.246661	-798.094385	-281.423572	-202.185265	-803.749171	
-34.341687	-159.594302	674.874744	0.904552	-105.684179	431.155877	145.844565	-110.962754	505.688555	424.692699	-120.182720	578.917104	461.938284	-223.778357	778.382494	464.551733	-153.741063	861.935582	-131.967219	-113.702965	517.613198	-387.678605	-54.021435	621.755562	-418.742331	-171.435467	814.562698	-365.930315	-124.326493	897.857703	5.845385	-43.587549	194.445926	0.000000	0.000000	0.000000	108.113554	-226.007476	-4.785401	302.570116	-284.121846	-425.513094	260.064731	-78.936291	-764.805937	251.554923	-192.123146	-812.002606	255.752286	-252.993953	-808.574482	-109.519910	-230.436612	-6.476284	-302.257969	-252.895483	-434.645628	-217.049769	-39.175153	-762.366397	-259.886629	-150.388276	-789.810642	-280.803422	-207.698468	-795.130097	
-37.903297	-163.873244	671.730929	6.406863	-109.507952	429.597682	149.076406	-116.335110	508.270308	426.800915	-122.291043	585.970591	479.952919	-227.939711	780.698490	486.861392	-159.570059	865.380453	-129.611636	-116.984441	511.066368	-390.331963	-60.581777	604.015174	-443.335099	-170.274069	796.586902	-401.802545	-119.121983	883.793171	14.656350	-44.278918	193.824224	0.000000	0.000000	0.000000	104.334393	-227.626863	-9.548078	299.809418	-293.538571	-428.651391	259.429159	-78.808279	-762.249637	251.919205	-191.766046	-810.159448	256.157805	-252.642829	-806.891939	-112.759565	-228.955898	-1.436172	-311.968694	-253.205993	-426.534987	-220.296431	-43.248692	-754.943037	-262.279119	-154.964100	-781.657518	-282.383222	-212.603949	-786.529870	
-42.678019	-168.213252	668.133737	9.932613	-113.156328	427.824893	150.376549	-121.150754	510.300227	427.528732	-124.715090	590.160561	497.762351	-231.705594	778.643988	510.431626	-164.813161	863.838254	-128.814684	-119.689911	504.640103	-394.012116	-65.946356	585.743631	-472.397180	-167.930494	773.840998	-443.783209	-112.876486	863.822769	21.127740	-44.086655	193.269880	0.000000	0.000000	0.000000	99.371545	-229.633379	-13.587769	294.304812	-303.938423	-431.537775	257.528412	-79.344518	-759.001556	250.511079	-192.017711	-807.650452	254.647403	-252.908123	-804.508208	-116.966707	-226.809242	3.733973	-323.491884	-251.710119	-417.821058	-225.127167	-46.377675	-747.215486	-266.620263	-158.461600	-773.139578	-286.200699	-216.327425	-777.431413	
-48.281373	-172.619303	664.581506	11.366940	-116.213721	426.237273	149.747067	-125.239564	512.028095	426.663311	-127.625920	592.746179	515.056794	-235.204650	773.076820	534.697189	-169.439980	857.826064	-129.257415	-121.953532	499.626115	-397.723633	-70.709236	571.010582	-504.133626	-165.065909	749.053648	-490.205027	-106.162273	840.063417	24.976660	-43.170942	193.017349	0.000000	0.000000	0.000000	93.899925	-231.747390	-16.333141	287.002501	-315.055697	-433.434503	254.388562	-80.605941	-754.366110	247.505354	-192.948413	-803.792795	251.503300	-253.851006	-800.708061	-121.664780	-224.184220	8.757974	-336.049672	-249.193336	-408.848311	-231.047643	-48.580312	-739.100802	-272.377917	-160.901398	-764.246854	-291.784322	-218.873323	-767.840504	
-54.204704	-177.280892	661.506484	10.710602	-118.222495	425.189762	147.412471	-128.503820	513.493126	424.104084	-130.656669	594.984392	532.927100	-237.179603	764.442785	561.125513	-171.720267	846.984265	-130.718784	-124.024297	497.009986	-401.330838	-76.572448	562.685461	-537.217427	-162.947123	723.930157	-540.681686	-99.705872	813.008580	26.032581	-41.646763	193.212610	0.000000	0.000000	0.000000	88.763429	-233.696331	-17.259735	279.102913	-325.912147	-433.756494	250.024656	-81.916580	-747.839399	243.275817	-193.905903	-798.079335	247.305198	-254.805742	-794.981141	-126.219018	-221.428724	13.253867	-348.480120	-247.153079	-400.170379	-237.577600	-50.485951	-730.867205	-278.802602	-163.003083	-755.299478	-298.243640	-221.004648	-758.151062	
-60.342431	-182.408513	659.158137	7.667573	-119.021176	424.841750	143.376612	-131.154232	514.432130	419.832806	-133.631815	596.709369	552.273091	-236.068010	751.215448	591.414382	-169.645678	828.346533	-133.576141	-126.320912	496.890373	-405.662194	-84.602458	560.329951	-569.866540	-162.251718	697.927651	-594.132973	-93.919390	779.709406	24.042854	-39.571510	193.905383	0.000000	0.000000	0.000000	84.177095	-235.486354	-15.849727	271.196799	-335.480078	-432.055579	244.288120	-82.511528	-739.155383	237.866925	-194.163279	-790.183428	242.215279	-255.037391	-787.011788	-130.529232	-218.654563	17.026063	-360.180658	-246.618456	-392.192204	-244.546177	-52.686607	-722.883637	-285.528779	-165.417591	-746.730932	-305.015153	-223.432516	-748.925641	
-67.121934	-188.106763	657.441323	1.656237	-118.880463	425.009038	137.363700	-133.728540	514.192052	414.171367	-136.680371	595.263082	571.986471	-231.250086	729.638278	624.000582	-162.935984	796.875818	-138.859964	-129.293426	498.090118	-412.405677	-93.919002	559.059149	-599.659766	-162.826863	669.119199	-646.205654	-89.760824	735.761952	18.789563	-36.929281	195.003696	0.000000	0.000000	0.000000	79.373361	-237.389259	-11.705945	262.731343	-343.259426	-428.087721	236.919639	-82.113665	-728.361098	230.895854	-193.454443	-780.111959	235.777250	-254.282015	-776.825087	-135.304251	-215.465034	20.128689	-371.327953	-247.392294	-385.154927	-252.171619	-55.174581	-715.596810	-292.799709	-168.110680	-739.077393	-312.254845	-226.151179	-740.828124	
-74.982696	-194.517814	655.805044	-7.617852	-118.268303	425.163603	129.373094	-136.672232	511.681616	408.100322	-139.152944	585.902156	589.267193	-223.241327	695.507995	653.716537	-153.415999	749.023197	-147.684135	-133.027284	498.359817	-423.399290	-102.609452	551.761490	-626.039281	-164.893580	635.327771	-691.424729	-89.854965	680.498247	10.466334	-33.556586	196.233719	0.000000	0.000000	0.000000	73.288906	-239.576877	-4.740919	252.641870	-349.024746	-421.941236	227.802036	-80.671791	-715.875119	222.076897	-191.716509	-768.291719	227.569024	-252.485421	-764.885701	-141.360203	-211.285209	22.659191	-382.173539	-248.825328	-379.312230	-260.838543	-57.714074	-709.603052	-301.055860	-170.819936	-732.973404	-320.374722	-228.910589	-734.562318	
-84.069211	-202.029827	653.285921	-19.871556	-117.637812	424.584951	119.816742	-140.043866	505.675880	402.244747	-139.519936	564.309124	601.724538	-213.260255	646.015364	675.696262	-143.467730	685.389958	-160.498184	-137.232454	495.537600	-438.991381	-109.653129	533.966105	-650.888058	-168.873524	593.281742	-728.376986	-95.639502	617.337226	-0.163572	-29.185279	197.209162	0.000000	0.000000	0.000000	65.327832	-241.869881	4.696298	240.100508	-352.534655	-414.123765	217.061238	-78.121547	-702.557625	211.543375	-188.874818	-755.609228	217.650793	-249.580658	-752.127051	-148.917860	-205.808985	24.570674	-392.542198	-250.602294	-374.956657	-270.788341	-60.252738	-705.533069	-310.479599	-173.520344	-729.019136	-329.515924	-231.700998	-730.721146	
-94.568615	-211.197676	648.750686	-34.517941	-117.391401	422.605193	108.933796	-143.827653	495.497677	395.327676	-137.230969	529.242890	607.680714	-202.638797	579.579105	687.785570	-134.318532	608.017190	-176.924617	-141.711901	488.354176	-457.634234	-114.840064	504.962776	-675.147189	-173.720120	538.828028	-759.101805	-104.186437	546.772315	-12.103631	-23.759903	197.565761	0.000000	0.000000	0.000000	55.438515	-243.867266	15.689086	224.480800	-353.883596	-405.646337	205.062163	-74.814924	-689.848811	199.654320	-185.273505	-743.522489	206.324932	-245.919675	-740.033939	-157.675601	-199.065498	25.473861	-402.146594	-252.246077	-372.504915	-282.006713	-62.561917	-704.052872	-321.061625	-175.992545	-727.817308	-339.689531	-234.294406	-729.857179	
-106.440796	-222.692775	641.208960	-50.629252	-118.101723	418.738135	96.901912	-148.241901	481.321807	384.938414	-132.811638	482.090017	604.757905	-191.137855	495.624245	688.722497	-124.659979	516.210901	-195.774212	-146.559588	476.332990	-476.574671	-117.932188	465.045642	-696.533086	-177.352291	468.671773	-783.900634	-111.845049	463.966977	-24.376668	-17.671449	197.070441	0.000000	0.000000	0.000000	44.427417	-245.161406	26.700365	206.028691	-353.329513	-398.019678	192.620424	-71.406927	-679.741752	187.227623	-181.582072	-733.996352	194.404454	-242.174504	-730.579436	-166.717750	-191.676202	24.556282	-410.432219	-253.382432	-372.655179	-294.136685	-64.529701	-706.043413	-332.481593	-178.122910	-730.184511	-350.615288	-236.562149	-732.692806	
-118.978297	-237.121297	630.207068	-66.960979	-120.779351	412.707104	84.301778	-153.794739	463.894536	368.816594	-126.496030	425.038261	589.153087	-176.288214	395.402142	675.530819	-110.891772	407.866647	-215.341619	-152.127287	459.553332	-492.193535	-118.555626	414.589009	-709.801292	-177.711909	381.832330	-798.457821	-116.107556	364.763477	-36.097354	-11.833149	195.704416	0.000000	0.000000	0.000000	33.921607	-245.671120	35.858688	186.361562	-350.931916	-392.959048	180.918517	-68.469944	-674.407198	175.573442	-178.427496	-729.106134	183.286234	-238.961533	-725.824646	-174.680574	-184.897329	20.910764	-416.342714	-254.308981	-376.282866	-306.489312	-66.633080	-712.508542	-343.999425	-180.412281	-737.081428	-361.538704	-239.010510	-740.062736	
-131.105078	-254.559724	616.239451	-82.298927	-126.729513	404.520578	72.041489	-161.296124	444.204025	344.891426	-118.209228	361.136936	555.869636	-155.150678	283.488655	642.716023	-89.208094	285.054463	-233.906011	-159.056745	438.642698	-500.409959	-116.290692	355.320790	-708.258081	-172.509856	280.727456	-795.378033	-113.999803	250.180604	-46.713147	-7.641749	193.656259	0.000000	0.000000	0.000000	25.549226	-245.810403	41.416217	167.919918	-346.660126	-391.899309	171.070231	-66.483617	-675.657398	165.956946	-176.358063	-730.545164	174.325905	-236.813802	-727.432400	-180.404031	-179.994874	13.921793	-418.719483	-255.671637	-384.148703	-318.259534	-69.714235	-724.244811	-354.748261	-183.727096	-749.268445	-371.580955	-242.510650	-752.647966	
-142.025761	-274.057897	601.017489	-95.814552	-137.062381	394.512677	60.878304	-171.790858	423.354873	311.610236	-108.650441	295.485815	500.314515	-126.475424	169.078945	584.539764	-58.152898	157.619840	-250.142877	-168.179409	414.725935	-497.648951	-110.606832	291.348582	-685.750163	-158.528559	171.987600	-767.059328	-100.861892	127.156833	-56.026688	-6.697569	191.205161	0.000000	0.000000	0.000000	20.102169	-246.211965	42.028457	153.061862	-340.479024	-395.736168	163.875623	-65.840730	-684.672707	159.133456	-175.811457	-739.400740	168.239908	-236.169692	-736.471399	-183.465084	-177.389536	3.331794	-416.844322	-257.606651	-396.769059	-328.668865	-74.298654	-741.676273	-364.015414	-188.579046	-767.115522	-380.102267	-247.552390	-770.806706	
-151.557051	-293.508176	587.128034	-107.178042	-152.205696	383.138826	51.151281	-186.122685	402.427523	269.481013	-99.536350	234.980084	421.886415	-91.567710	65.820911	500.026119	-19.303306	42.046687	-263.325304	-180.043658	389.234506	-482.017732	-101.057242	228.826906	-638.938073	-132.422123	66.599125	-708.665542	-71.343073	8.686675	-63.995088	-10.164557	188.532680	0.000000	0.000000	0.000000	17.383934	-247.246977	36.844963	143.502740	-332.098004	-404.852643	159.802391	-66.606946	-701.965875	155.361965	-176.879065	-756.109656	165.128464	-237.142895	-753.368984	-184.181727	-176.346598	-10.796021	-410.611106	-259.234041	-414.331341	-336.973790	-80.089830	-764.791920	-371.237522	-194.635757	-790.516792	-386.650330	-253.773044	-794.452984	
-159.664101	-310.191126	576.929060	-116.172637	-171.635814	370.874692	43.167000	-204.336567	382.369537	222.753286	-92.586406	186.246165	328.469638	-53.994045	-11.845769	397.891933	23.584479	-44.330975	-273.087319	-194.508006	363.894556	-453.996833	-88.251020	174.746385	-569.570453	-93.885900	-21.560997	-621.903338	-24.310635	-87.644081	-70.434067	-18.368677	185.593359	0.000000	0.000000	0.000000	16.978500	-248.694161	25.568827	140.360918	-320.648719	-419.180256	159.197483	-68.158440	-727.273255	154.870449	-178.953410	-780.348278	165.080632	-239.150568	-777.763841	-182.987127	-175.694656	-28.012225	-400.141584	-258.956418	-436.537337	-342.337750	-86.089814	-793.067242	-375.698692	-200.897159	-818.813366	-390.556216	-260.162978	-822.946598	
-165.594844	-321.876898	571.272168	-122.097314	-193.881132	358.498736	37.782737	-225.444797	364.216682	179.151666	-88.663185	153.244347	236.796355	-18.493028	-55.702944	296.362874	65.596097	-91.396362	-278.928124	-210.839443	340.875179	-416.756643	-74.741046	135.263030	-486.112303	-48.548682	-80.211688	-517.890238	32.885974	-145.824049	-74.729741	-30.783374	182.239158	0.000000	0.000000	0.000000	19.135470	-249.696319	8.740816	144.245070	-304.654608	-437.946547	162.461746	-68.973637	-759.116418	158.199066	-180.519570	-810.599823	168.650376	-240.676441	-808.041318	-179.800294	-174.874372	-47.205861	-385.317356	-255.182416	-462.289831	-343.779863	-91.084976	-825.173265	-376.283541	-206.223476	-850.534232	-390.611853	-265.610600	-854.792870	
-167.840599	-327.961218	569.222695	-123.647350	-216.916337	347.268926	36.474103	-247.699796	349.291207	146.970813	-87.774219	136.176222	165.446203	11.033287	-68.277852	215.775340	102.164682	-100.761970	-280.024968	-228.077783	322.458855	-376.026206	-64.167450	113.382327	-402.496787	-5.675830	-105.258110	-415.066597	87.592856	-160.840252	-75.777762	-46.209620	178.509559	0.000000	0.000000	0.000000	24.745169	-249.073066	-11.878735	154.630888	-282.577222	-459.326606	169.704574	-66.964543	-794.455551	165.827637	-179.469870	-843.839025	176.511609	-239.573012	-840.994717	-174.160806	-174.336550	-66.425644	-366.052838	-246.969950	-489.371485	-340.553119	-94.094182	-858.582107	-371.853189	-209.753549	-883.072069	-385.465255	-269.310699	-887.305803	
-165.178840	-329.589104	569.206385	-119.528519	-238.478175	338.636805	40.662359	-268.963557	338.975489	131.969452	-89.464234	132.464672	126.681346	33.339361	-59.360886	170.385408	130.595815	-82.258666	-275.558222	-245.031788	310.249151	-338.336675	-58.679343	107.450083	-332.699888	28.301381	-103.092507	-330.946774	130.441829	-141.959945	-72.388721	-62.849194	174.794487	0.000000	0.000000	0.000000	34.368138	-245.958890	-33.374776	168.986760	-253.849512	-480.608485	180.075663	-60.410836	-829.156857	177.323581	-174.005880	-876.058868	188.486781	-233.974218	-872.343164	-165.965143	-175.102166	-83.260965	-343.136558	-234.367971	-514.629950	-332.803282	-94.649405	-889.742820	-362.192373	-211.083184	-912.894460	-374.694640	-270.899363	-916.892580	
-157.323956	-328.513931	570.392379	-109.215389	-256.339898	333.698570	50.953774	-286.938122	334.120813	136.303567	-92.784798	138.612221	124.229457	49.621185	-38.815183	165.775227	150.081382	-47.467861	-265.237378	-260.139355	304.771418	-308.521949	-57.512922	112.769323	-285.421371	52.772958	-85.293773	-275.586580	159.762560	-105.366745	-64.147112	-78.517420	171.649130	0.000000	0.000000	0.000000	47.435389	-240.360077	-52.609288	183.245568	-219.757067	-499.077134	191.719068	-48.947846	-859.326857	191.168334	-163.605060	-903.650967	203.230338	-223.266021	-898.200940	-155.819041	-178.036416	-95.713355	-318.206643	-218.758272	-534.977904	-321.606558	-93.225173	-915.198368	-348.228235	-210.633897	-936.716258	-359.177626	-270.779163	-940.311364	
-144.957911	-325.777135	572.857537	-93.464506	-268.755188	332.765031	66.641647	-299.626861	334.649285	158.766484	-96.654998	151.566934	155.381711	61.124126	-12.749902	199.797065	160.501561	-6.073609	-249.815231	-271.750480	305.570257	-288.945614	-58.163278	124.890567	-263.622047	70.365741	-61.562135	-251.420358	178.926621	-65.037255	-52.077583	-91.189345	169.457044	0.000000	0.000000	0.000000	62.183665	-233.164247	-67.516263	193.435509	-183.496191	-513.059149	202.656910	-33.806303	-882.566059	205.463846	-149.304291	-924.560612	218.809767	-208.394250	-916.505289	-144.823373	-183.225754	-102.917924	-293.126086	-202.580806	-548.578147	-308.397230	-91.161352	-932.882996	-331.475967	-209.598814	-952.794835	-340.551532	-270.078614	-955.972090	
-129.897826	-321.356575	576.905021	-74.503071	-274.785997	335.430205	85.489183	-305.990299	339.830304	195.424214	-100.882658	169.393059	213.226784	66.864356	16.259982	263.977796	161.207055	36.679612	-231.380579	-278.660925	311.586769	-280.579796	-58.577379	141.473572	-266.859049	83.047748	-36.514255	-256.133584	191.483011	-27.959694	-38.441278	-99.539539	168.396583	0.000000	0.000000	0.000000	76.119351	-225.751515	-77.671860	197.180011	-149.182573	-522.288480	211.698303	-17.112815	-898.286155	218.547617	-133.118756	-938.372503	233.280578	-191.385133	-927.300275	-134.460612	-189.737458	-105.155247	-269.760388	-188.132401	-555.347141	-294.658377	-89.580969	-942.652479	-313.756563	-208.914528	-961.395556	-320.828387	-269.673566	-964.327374	
-114.561947	-314.928620	582.555891	-55.263947	-274.630811	340.879830	104.489543	-306.395454	348.652877	240.597053	-106.824206	191.014769	288.080236	63.466106	47.305729	345.962489	150.275049	79.039361	-212.689147	-280.691924	321.524051	-283.397769	-58.644587	161.864723	-292.440436	90.242681	-10.403711	-285.057836	198.126131	5.504805	-25.657854	-103.385956	168.511957	0.000000	0.000000	0.000000	87.069779	-219.453887	-83.962282	194.568205	-120.120893	-527.560603	218.612406	-0.897176	-907.343482	229.277653	-117.094170	-946.017993	245.091576	-174.480883	-932.186506	-126.174823	-196.242822	-103.471031	-249.647080	-176.801274	-556.635432	-281.699158	-88.750333	-945.939190	-296.877229	-208.693366	-964.373852	-301.990791	-269.647491	-967.325656	
-100.840032	-306.520702	589.456034	-38.032277	-269.465193	348.148016	121.265070	-302.271604	359.924490	288.239065	-116.694967	215.409070	369.429400	47.074363	79.418381	433.153397	125.932713	119.590312	-195.857772	-278.678146	333.994881	-295.921424	-60.058035	185.710213	-335.378257	89.621958	18.483840	-332.343312	197.087927	38.188581	-15.139522	-103.467706	169.730639	0.000000	0.000000	0.000000	94.042116	-215.081094	-87.675673	187.714745	-97.536481	-529.955141	223.750850	13.631026	-911.230157	237.057012	-102.559947	-949.095848	253.298411	-159.296444	-933.227265	-120.735002	-201.806882	-99.169688	-233.627002	-169.103857	-554.325986	-270.414912	-88.419549	-944.805705	-282.131089	-208.625016	-964.038978	-285.420094	-269.692267	-967.239022	
-89.457108	-296.540373	597.056769	-23.647017	-260.757521	356.357571	134.931662	-295.186033	372.422143	333.284710	-132.023087	241.129982	448.129435	15.582157	111.018060	515.739337	88.178298	156.315662	-181.600818	-273.797271	347.718196	-315.155884	-65.001381	212.207494	-388.876120	78.817752	51.561967	-391.342888	185.989798	72.880741	-6.954041	-100.743339	171.888574	0.000000	0.000000	0.000000	97.334229	-212.773778	-89.689393	179.439193	-80.973994	-530.245879	227.552754	26.270775	-911.311619	241.826711	-89.864959	-948.993870	257.762145	-146.332313	-931.902209	-118.014216	-206.159290	-93.319758	-221.837984	-165.017972	-549.948014	-261.207416	-88.445067	-941.003454	-270.009453	-208.600821	-962.019182	-271.628909	-269.715644	-965.572035	
-79.995552	-285.666795	604.788744	-11.590128	-249.730696	364.837125	146.053546	-286.202182	385.058240	372.502025	-152.563077	266.460661	517.602711	-30.249051	140.401939	587.628266	39.137476	187.039935	-169.343651	-266.993722	361.692162	-337.232729	-75.028567	240.207732	-445.706201	56.151890	88.712532	-455.363868	162.821321	110.502077	-0.146471	-95.963764	174.740366	0.000000	0.000000	0.000000	98.180394	-212.148744	-90.246001	172.047157	-69.696339	-528.941156	230.221093	37.430104	-908.634679	244.018208	-78.622234	-946.748994	259.137808	-135.166410	-929.176887	-117.139268	-209.609239	-86.486670	-213.756562	-164.322743	-544.302767	-253.989992	-89.108105	-935.533835	-260.170804	-208.987432	-958.927988	-260.227458	-270.102884	-962.822246	
-71.259286	-274.712482	612.156543	-0.538941	-237.136509	373.129006	156.115914	-275.637655	396.951449	404.634404	-176.054636	289.594604	574.100071	-86.840752	166.192812	646.017756	-17.193668	209.439793	-157.770083	-258.758547	375.349896	-358.119430	-90.775224	268.403310	-499.351546	20.389156	128.326288	-518.569861	125.816884	149.822165	6.575544	-89.541938	177.995125	0.000000	0.000000	0.000000	98.386468	-212.556012	-89.055404	166.813584	-63.166902	-526.323112	231.597730	47.708716	-903.863925	244.220642	-68.124527	-943.036985	258.387138	-124.991126	-925.712860	-116.728361	-212.844638	-78.798701	-208.186828	-166.875483	-537.605341	-248.279905	-91.104283	-928.743410	-251.629729	-210.560053	-954.736479	-250.080631	-271.637420	-958.910495	
-61.982819	-264.284005	618.802198	10.761881	-223.203820	380.961681	166.629255	-263.133698	407.448608	429.898415	-198.872689	308.637768	616.148834	-148.701553	187.396811	690.556054	-76.303076	220.791382	-145.671151	-249.018551	388.470543	-374.289953	-111.824241	295.159268	-544.264410	-29.130722	167.895494	-575.963437	73.483326	188.192078	14.068654	-81.566709	181.362085	0.000000	0.000000	0.000000	99.695243	-213.313047	-85.727607	164.142005	-60.550772	-522.434291	231.175921	57.779744	-897.309999	243.099305	-57.585982	-938.050506	256.732433	-114.870628	-921.703269	-115.348927	-216.560648	-70.240276	-203.680540	-172.651998	-529.860667	-243.479527	-95.226950	-920.704781	-243.294707	-214.150121	-949.231737	-239.897874	-275.138021	-953.614044	
-51.693020	-254.474052	624.536552	22.557631	-207.818629	388.194434	178.071465	-248.122966	416.151522	448.797372	-217.333178	321.477440	643.396029	-210.342294	203.205627	721.592508	-135.767068	217.937141	-132.891018	-237.293207	400.884722	-383.549485	-136.641473	318.208296	-575.854746	-91.556142	204.579069	-622.939677	5.460393	222.389841	22.176239	-71.966480	184.586839	0.000000	0.000000	0.000000	102.951075	-213.902525	-80.234693	163.646841	-60.663255	-517.311547	228.240576	68.216699	-889.124753	241.137314	-46.350066	-931.778440	255.307907	-103.954143	-917.095468	-112.236774	-220.996713	-60.835390	-199.259200	-181.501779	-521.105522	-239.253069	-101.895869	-911.491368	-234.619738	-220.150498	-942.328310	-229.000933	-280.963214	-946.857052	
-41.183967	-244.912442	629.385088	33.641573	-190.979659	394.779295	189.331350	-230.507681	422.865222	460.937976	-229.434341	325.744685	654.970206	-268.149186	212.791659	737.640851	-198.457957	198.583624	-120.798487	-223.216150	412.190596	-385.650679	-162.834274	334.710434	-590.835097	-163.549422	235.592096	-655.039334	-76.140707	249.155090	29.707955	-60.849961	187.504615	0.000000	0.000000	0.000000	107.575268	-214.207189	-73.031923	164.272808	-62.752988	-511.266380	222.123698	78.951994	-879.506011	238.214991	-34.368395	-924.347581	254.393848	-91.978107	-911.938282	-107.828048	-225.723678	-50.591686	-194.739340	-192.858705	-511.403652	-235.756935	-110.825539	-901.180301	-225.947774	-228.211885	-934.055335	-217.784716	-288.727606	-938.689877	
-31.993446	-235.168136	633.562756	42.117833	-173.279668	400.700521	198.444421	-211.196829	427.437712	464.708617	-236.173241	319.348551	648.775032	-320.725090	215.059189	733.468221	-272.134861	166.487339	-111.516491	-207.206993	421.664967	-381.838306	-188.532475	341.832588	-587.620601	-239.678085	258.385748	-668.051748	-166.006241	265.436445	35.196276	-48.801810	190.060165	0.000000	0.000000	0.000000	112.149418	-214.541969	-64.692130	164.794767	-66.916392	-504.734835	212.527958	89.128429	-868.601582	233.623954	-22.382798	-915.839403	253.150647	-79.473925	-906.147319	-103.374806	-229.960018	-39.618492	-190.517268	-205.994245	-500.935281	-233.569528	-121.307982	-889.924303	-218.266463	-237.581058	-924.607582	-207.423432	-297.667539	-929.330982	
-25.467268	-225.097810	637.355783	46.618850	-155.976462	405.896682	203.799505	-192.218558	429.799460	457.654939	-241.490033	301.997072	622.360983	-368.382879	208.852795	702.950514	-357.008104	136.264138	-106.563657	-190.852039	428.543767	-373.187895	-213.637819	338.055347	-566.489769	-313.836919	270.823452	-659.475953	-256.431959	268.664199	37.769959	-36.874025	192.242028	0.000000	0.000000	0.000000	115.405407	-215.357663	-55.619144	164.358464	-73.851642	-498.091821	199.898681	97.470021	-856.439744	226.661995	-11.709764	-906.186164	250.167940	-67.703374	-899.344291	-100.157939	-233.029910	-28.337848	-187.252642	-220.336360	-490.111313	-233.379143	-132.688656	-878.090624	-212.675870	-247.583306	-914.520499	-199.223386	-307.131991	-919.342513	
-22.164814	-214.902734	641.011449	46.943779	-140.499811	410.282838	204.830208	-176.066002	430.220547	437.656440	-250.120366	276.885598	574.849535	-412.043706	194.032605	648.239133	-436.495271	117.160901	-106.034240	-176.484655	432.573946	-359.468801	-239.425732	324.846633	-529.843343	-381.093229	271.663574	-630.242756	-340.364194	257.257817	37.427064	-26.193800	194.052469	0.000000	0.000000	0.000000	116.728633	-216.875058	-46.156856	162.642270	-84.089253	-491.647926	185.325143	102.981804	-843.098293	217.165141	-3.583403	-895.455505	244.421912	-58.110425	-891.154637	-98.933783	-234.617939	-17.438877	-185.605560	-235.568012	-479.465334	-235.646022	-144.668045	-866.209264	-209.921689	-257.890217	-904.622025	-194.059483	-316.829703	-909.601431	
-21.769182	-204.984938	644.664181	43.884039	-127.817086	413.834674	201.986425	-164.579619	429.414865	404.965673	-264.245691	250.334412	508.767179	-451.334752	172.048640	577.505232	-497.877917	101.323928	-108.763638	-166.141590	434.425842	-339.815349	-266.898015	306.914747	-481.353398	-439.469976	260.963677	-583.551629	-414.750206	231.116114	34.725383	-17.497711	195.528102	0.000000	0.000000	0.000000	116.260269	-218.908862	-36.786952	159.731116	-97.126298	-485.654102	169.807263	105.545865	-828.946862	205.410785	1.612433	-884.096092	235.727716	-51.395326	-881.711514	-99.635804	-234.843749	-7.661957	-185.905250	-251.836466	-469.452144	-240.413197	-157.626762	-854.797619	-210.058208	-268.794242	-895.747684	-191.944129	-327.057047	-901.000561	
-23.496164	-195.796593	648.283827	38.571720	-118.236572	416.595447	196.203574	-158.296442	428.342615	363.070197	-282.517757	228.521933	429.473582	-483.781158	144.919508	496.532944	-540.419409	80.202264	-113.226757	-160.678323	435.303659	-314.294640	-295.404114	289.644819	-423.561812	-489.186315	240.301680	-521.965442	-480.005918	193.623333	30.374488	-10.995190	196.722539	0.000000	0.000000	0.000000	114.675124	-221.023388	-28.090885	155.955794	-111.380560	-480.281975	153.762895	105.791726	-814.735025	191.737316	4.342888	-872.849422	224.410277	-47.290073	-871.781705	-101.562809	-234.141811	0.439826	-187.773155	-269.728757	-460.301633	-247.173175	-172.536016	-844.180427	-212.376410	-281.120373	-888.397669	-192.004535	-338.591299	-894.085058	
-26.409003	-187.762363	651.663121	32.083948	-111.608893	418.582216	188.582279	-156.545688	427.501147	317.330508	-301.698193	214.057118	342.868336	-505.333644	115.132126	408.004222	-566.006285	52.129601	-118.204372	-159.663710	435.851618	-284.259538	-323.252433	276.288961	-356.903090	-529.757445	213.010243	-447.632069	-535.881005	152.370513	25.142361	-6.455868	197.659921	0.000000	0.000000	0.000000	112.952514	-222.739343	-20.487431	151.859297	-124.975662	-475.603845	137.313999	104.614410	-801.340374	176.567040	5.401349	-862.390957	211.064855	-45.041697	-862.232912	-103.706848	-233.106536	6.619505	-189.870439	-290.065765	-451.979261	-254.702647	-190.525991	-834.374786	-215.473961	-295.889875	-882.500705	-192.710098	-352.389545	-888.814242	
-29.422913	-181.235193	654.460995	25.513763	-107.648577	419.696312	180.495126	-157.908070	426.430639	273.326104	-318.379427	205.444072	255.064888	-512.254199	87.186588	314.486132	-575.438856	21.080719	-122.772493	-161.933627	435.771022	-251.433995	-348.606258	267.261743	-281.409588	-558.777272	184.465546	-363.296939	-580.919581	115.540933	19.874400	-3.342619	198.335816	0.000000	0.000000	0.000000	112.235689	-223.603432	-13.981252	148.164965	-136.343146	-471.471312	120.702748	102.911305	-789.324404	160.615478	5.552005	-852.880264	196.593978	-43.843778	-853.358963	-104.920754	-232.396760	10.998470	-190.011702	-313.565640	-444.141608	-261.000866	-212.420667	-825.019479	-217.290319	-313.963308	-877.316917	-191.992506	-369.273801	-884.460938	
-31.677274	-176.446940	656.376238	19.799916	-106.137819	419.829813	173.359183	-160.821650	424.281865	235.479940	-330.219148	199.228074	172.246131	-505.029071	67.513582	219.190733	-570.786759	-5.734640	-126.372058	-166.239095	434.515441	-218.679586	-369.026378	260.870781	-200.517334	-573.341251	161.617735	-271.367403	-614.006663	89.002212	15.257351	-1.144770	198.769122	0.000000	0.000000	0.000000	113.124722	-223.442653	-8.185231	145.317682	-144.679752	-467.491713	104.429968	101.196003	-778.780584	144.812271	5.077864	-843.909528	182.042748	-43.376579	-844.736318	-104.562232	-232.400792	13.935455	-186.225343	-340.002047	-436.324973	-264.110560	-237.816154	-815.573777	-216.051721	-335.263564	-871.706586	-188.279966	-389.231956	-879.855770	
-32.878010	-173.492931	657.329167	15.391198	-106.858836	419.048942	168.048298	-164.162662	420.683494	206.493670	-335.966666	192.190502	99.522634	-488.681064	61.265937	124.629952	-555.066798	-21.533387	-128.994723	-171.511343	431.965445	-191.440984	-382.484038	254.802196	-122.011997	-572.651742	150.200754	-173.419226	-632.954601	74.919385	11.492240	0.315887	199.025349	0.000000	0.000000	0.000000	115.160108	-222.534337	-2.727357	143.142465	-150.269078	-463.375971	89.085811	99.323012	-769.658716	130.023994	3.582646	-834.996713	168.293841	-44.055645	-835.794912	-102.989395	-232.993805	15.641511	-177.993926	-367.524334	-428.494958	-263.359668	-264.495691	-805.901249	-211.520305	-358.291455	-864.821339	-181.727523	-410.999853	-874.012744	
-33.200192	-172.358434	657.507486	12.186333	-109.443238	417.654978	164.591748	-167.408660	415.868953	187.276819	-335.077986	182.253684	41.153324	-468.589221	69.433447	34.885865	-528.893004	-21.216119	-131.102643	-176.847872	428.561917	-175.826106	-388.954828	247.436874	-55.460162	-558.027323	153.351101	-73.214457	-631.225991	74.147803	8.293616	0.859547	199.182675	0.000000	0.000000	0.000000	117.163909	-221.490559	2.317500	141.037419	-154.380181	-459.341116	75.278827	96.683479	-762.112151	116.938643	0.385048	-826.161183	155.988368	-46.621091	-826.569759	-101.272705	-233.727715	15.899044	-166.797390	-393.000634	-421.502373	-259.955193	-289.063266	-796.810735	-205.397569	-380.574805	-856.857764	-174.427633	-432.445697	-866.884755	
-33.003551	-172.931231	657.215323	9.844502	-113.452183	416.022927	162.488086	-170.533363	410.342615	177.073968	-327.674452	168.893572	1.242491	-447.909410	88.069208	-39.654613	-493.901532	-1.960358	-133.177230	-181.724565	424.840114	-174.946079	-389.519244	238.098141	-10.191444	-532.193735	171.573697	16.821780	-601.662874	91.631550	5.226416	0.200204	199.288498	0.000000	0.000000	0.000000	118.126369	-220.896979	6.442483	138.558823	-158.511603	-456.043198	63.714462	92.742168	-756.538319	106.072439	-4.844294	-818.132887	145.592938	-51.456785	-817.957090	-100.403241	-234.208254	14.257220	-155.634913	-413.227444	-416.884217	-256.413804	-308.565372	-790.015809	-200.560709	-399.758046	-849.352727	-169.419133	-451.452081	-859.754456	
-32.583301	-175.085339	656.612517	8.104716	-118.623122	414.323459	161.254592	-173.776019	404.635116	174.581271	-314.509297	153.198735	-17.793012	-428.398590	109.300038	-86.001405	-458.687077	29.780267	-135.417158	-186.084342	420.996699	-187.300185	-384.394512	226.633487	7.405784	-499.933753	200.829009	75.669064	-549.728127	131.495992	2.027666	-1.760941	199.339029	0.000000	0.000000	0.000000	117.848671	-220.955068	9.020456	135.924984	-163.392059	-454.188107	55.160540	87.483270	-753.464112	97.728522	-11.737068	-812.239089	137.359202	-58.250502	-811.507855	-100.628471	-234.304226	10.631357	-147.522477	-426.222897	-415.924059	-254.998342	-322.018487	-787.310783	-199.346888	-414.652780	-844.567620	-168.894799	-466.781086	-854.842683	
-32.255795	-178.725971	655.635869	6.655406	-124.871717	412.462839	160.433621	-177.474358	399.203366	178.833642	-296.676832	137.180620	-17.443485	-411.692662	124.836404	-101.250493	-432.611332	58.263393	-137.971504	-190.122953	416.868498	-208.205831	-372.465779	212.873245	-2.090303	-467.733101	232.007729	92.187674	-494.993524	183.893754	-1.298572	-4.839017	199.294151	0.000000	0.000000	0.000000	116.702138	-221.535120	9.675823	133.626957	-168.528308	-454.119665	49.967151	81.311192	-753.466812	91.830986	-19.566350	-809.879110	131.172228	-66.317579	-808.777149	-101.699366	-234.010809	5.810829	-144.226249	-431.480497	-418.663591	-256.629639	-330.260798	-789.416568	-202.407782	-425.245190	-844.138569	-173.186203	-478.140608	-854.060314	
-32.437059	-183.796044	654.199796	5.048553	-132.159420	410.322834	159.519977	-181.956074	394.528437	189.038384	-275.183545	123.159661	-2.126304	-398.963583	129.507537	-92.464811	-418.548609	71.640862	-141.089031	-194.076866	412.350983	-232.092949	-352.300482	196.760157	-30.583044	-440.706925	255.951889	75.506777	-452.630388	232.516802	-4.444671	-8.822689	199.112195	0.000000	0.000000	0.000000	115.082714	-222.436881	8.283896	131.512302	-172.164193	-455.833709	47.458899	74.970344	-757.308417	87.792655	-27.447333	-812.035140	126.489476	-74.728856	-810.755048	-103.382975	-233.341820	1.067968	-145.928700	-429.459495	-424.030921	-260.903057	-334.686021	-795.698253	-208.813347	-432.003826	-848.352299	-181.011029	-485.696748	-858.066632	
-33.426340	-190.198102	652.376605	3.010812	-140.383500	407.962359	158.241022	-187.413713	391.159630	203.798051	-250.871929	113.488383	23.595161	-389.999084	122.222475	-67.134447	-414.022695	66.687120	-144.864630	-198.061828	407.586894	-253.908846	-323.562116	179.212494	-68.080469	-421.122158	267.956250	41.002833	-427.981720	267.506822	-6.820867	-13.679072	198.770269	0.000000	0.000000	0.000000	113.259721	-223.476668	4.608071	128.756522	-172.178982	-459.429452	46.516998	69.461973	-765.817707	84.893593	-34.350474	-819.309943	122.696495	-82.348175	-817.973430	-105.463219	-232.390821	-3.098569	-151.867997	-421.271567	-431.061192	-266.726485	-336.400348	-805.149582	-216.930503	-435.522205	-856.644818	-190.474462	-489.864671	-866.505919	
-35.105749	-197.696364	650.317451	0.734359	-149.265988	405.536999	156.784820	-193.786155	389.512049	220.796465	-224.871188	109.976828	56.638813	-382.768238	104.827239	-29.805962	-413.570763	45.906304	-148.967495	-201.949464	402.729301	-269.901329	-287.949241	162.365252	-107.925557	-409.601623	266.721129	-0.885684	-422.102095	284.959170	-7.800812	-19.358029	198.261633	0.000000	0.000000	0.000000	111.503374	-224.400031	-1.563260	124.889033	-167.404013	-465.001178	46.655934	65.617666	-779.020178	82.926839	-39.477408	-831.466852	119.667820	-88.292685	-830.127406	-107.543711	-231.339501	-7.346481	-160.888530	-408.273860	-439.584736	-272.786178	-335.656110	-817.133803	-225.173446	-436.096272	-868.137171	-199.903769	-490.926896	-878.399384	
-37.112681	-205.946752	648.106352	-1.420182	-158.340515	403.142729	155.454846	-200.744493	389.625382	237.136844	-199.116982	112.986425	94.803312	-374.050509	80.657515	16.044420	-410.813192	14.788605	-152.911791	-205.401734	397.701141	-278.402926	-249.049023	148.416727	-148.034643	-405.014118	251.395375	-47.070979	-433.462432	282.111073	-7.249057	-25.603095	197.573262	0.000000	0.000000	0.000000	109.812712	-225.022132	-9.850299	120.252417	-157.835481	-471.996804	48.115820	63.836214	-795.548074	82.147339	-42.496776	-846.990833	117.669442	-92.206153	-845.655489	-109.297202	-230.295867	-12.470783	-171.445535	-391.705938	-449.581433	-278.028893	-331.631748	-830.854037	-232.453083	-433.247127	-881.388205	-208.189860	-488.474997	-891.944973	
-39.384354	-214.608090	645.695467	-3.477031	-167.069011	400.750198	154.096005	-207.915433	391.111794	250.181821	-176.379269	120.969802	135.233993	-361.188793	53.603876	65.798956	-401.061666	-20.437334	-156.561824	-208.138286	392.239180	-280.132958	-211.210976	138.238071	-188.969795	-402.859071	221.219317	-99.659671	-455.653979	255.611493	-5.787000	-31.895873	196.703902	0.000000	0.000000	0.000000	107.814845	-225.368746	-19.383175	115.542281	-144.480937	-479.383038	51.295675	63.893769	-813.268960	82.783060	-43.704075	-863.691723	116.867145	-94.409444	-862.325811	-110.902267	-229.110916	-18.613448	-181.838775	-372.801388	-460.543767	-282.222858	-322.983111	-844.963973	-238.454694	-425.857263	-894.540163	-214.989537	-481.471369	-904.870924	
-42.418186	-223.451921	642.960991	-6.043223	-175.036957	398.256398	151.912922	-215.235845	393.306999	258.302429	-159.736280	131.000345	174.086655	-344.038778	26.856099	114.142358	-383.421341	-55.295384	-160.327000	-210.281798	386.074695	-277.670460	-178.267695	131.120896	-230.746551	-396.256883	178.072602	-161.306808	-476.409315	204.532607	-4.436947	-37.584108	195.731983	0.000000	0.000000	0.000000	105.267359	-225.516059	-29.190929	111.203033	-129.228200	-486.242176	56.376214	65.029801	-830.168479	84.741407	-43.906565	-879.559679	117.042165	-95.763000	-878.077713	-113.041999	-227.404672	-25.420600	-190.911198	-353.066005	-471.657044	-285.940758	-308.787014	-858.110758	-243.604011	-412.952953	-906.210643	-220.786485	-468.984720	-915.701092	
-46.777241	-232.358732	639.787133	-9.823142	-182.085180	395.544530	148.004535	-223.085249	395.447593	261.287897	-151.615469	139.982018	208.147975	-324.829104	1.855566	157.643744	-359.866422	-88.227064	-164.746073	-212.451389	379.086836	-274.124517	-152.819529	125.559269	-271.456555	-380.669234	127.290154	-230.474135	-481.766792	134.083337	-4.002503	-42.141756	194.810968	0.000000	0.000000	0.000000	101.854610	-225.754533	-38.096582	107.451751	-114.210735	-491.670257	63.328272	66.429242	-844.444648	87.769196	-43.905179	-892.819885	117.819035	-97.090641	-891.105571	-116.231915	-224.891670	-32.426284	-198.313673	-334.253767	-482.186068	-289.578987	-289.386643	-869.478339	-248.433629	-394.831948	-915.791285	-226.242115	-451.288888	-924.182805	
-52.437082	-241.214037	636.093977	-14.947592	-188.301683	392.491216	142.060520	-232.124521	396.804263	260.226450	-153.026275	145.838149	236.362382	-306.019144	-21.282825	196.070439	-332.469049	-119.109881	-169.883279	-215.621438	371.452189	-272.067016	-136.143158	120.379456	-308.758771	-356.329202	74.581823	-299.866317	-463.425268	54.637421	-4.755645	-45.335286	194.075647	0.000000	0.000000	0.000000	97.616839	-226.394208	-44.804411	104.811012	-101.409808	-494.837265	72.031645	67.371201	-854.651019	91.813655	-44.309047	-902.057780	119.162943	-98.920743	-900.007380	-120.238318	-221.689144	-39.169576	-204.177098	-318.126862	-491.536014	-292.519424	-266.823615	-878.706945	-253.028912	-373.916744	-922.617116	-231.740905	-430.873048	-929.901834	
-58.639627	-249.793516	631.897605	-20.757368	-193.912437	389.019603	134.579203	-242.893838	396.891254	256.924104	-163.326858	148.085043	259.618683	-288.423693	-42.307322	230.939797	-301.548733	-146.702849	-175.149365	-220.855955	363.895217	-273.035679	-128.334080	115.593380	-340.774295	-325.499498	23.599468	-359.769209	-422.110559	-23.854914	-6.562547	-47.258269	193.563555	0.000000	0.000000	0.000000	93.357985	-227.442246	-48.426554	104.159121	-92.446893	-495.485852	82.187372	67.419885	-860.160102	97.045180	-45.378965	-906.709770	121.499514	-101.331290	-904.270936	-124.188248	-218.351360	-45.139208	-208.852218	-306.144641	-499.127863	-293.478524	-244.558857	-885.629220	-256.885743	-354.018527	-926.077839	-237.079390	-411.639779	-932.223300	
-64.283815	-257.743286	627.417914	-26.169034	-199.128217	385.221668	126.554979	-255.312436	395.676339	253.111886	-180.113759	147.619454	279.343082	-271.311351	-59.505279	263.667507	-266.400373	-167.316826	-179.631721	-228.873660	357.680988	-277.344175	-128.480378	112.386685	-365.116208	-289.623404	-22.722889	-402.290313	-363.509183	-94.174970	-9.124607	-48.295685	193.203337	0.000000	0.000000	0.000000	90.061400	-228.675456	-48.860005	106.123372	-88.165388	-494.058118	93.177323	66.806461	-861.268655	103.597159	-46.734311	-907.215653	125.390482	-103.759598	-904.424093	-127.188752	-215.568858	-49.906654	-212.647177	-298.968167	-504.574401	-291.493044	-225.875988	-890.292668	-258.945070	-337.995850	-926.711177	-241.062178	-396.344616	-931.799465	
-68.524412	-264.514391	623.153210	-30.366996	-203.910584	381.453656	118.999943	-268.189045	393.635095	249.844576	-199.090840	146.028896	295.972120	-254.242489	-70.156850	293.782962	-228.531717	-176.115970	-182.654396	-239.248208	353.996837	-283.947012	-134.274384	112.095758	-378.916469	-250.161355	-59.591790	-423.242097	-295.026940	-148.859591	-12.074212	-48.934692	192.880456	0.000000	0.000000	0.000000	88.211069	-229.776238	-47.037304	110.510863	-88.162523	-491.616544	104.188446	66.431195	-859.160096	111.442635	-47.399273	-904.999030	131.207768	-105.148273	-901.996095	-128.883032	-213.774258	-53.172510	-215.221826	-295.861487	-507.912706	-286.274904	-211.962126	-892.945272	-258.010196	-326.340950	-925.734489	-242.034023	-385.302424	-930.044185	
-71.254964	-269.276932	619.838145	-33.395235	-207.849230	378.299820	112.615346	-279.232652	391.562855	247.488442	-214.600042	144.914150	308.646568	-238.071682	-73.293314	318.164116	-193.490135	-172.364365	-184.386982	-249.869417	353.202554	-290.365783	-141.353408	114.898967	-381.842376	-210.778154	-81.920340	-424.686042	-227.068100	-181.144733	-15.086848	-49.547114	192.511640	0.000000	0.000000	0.000000	87.492791	-230.531315	-44.622243	116.310173	-90.797438	-489.421554	114.511400	67.476411	-855.445606	120.393990	-46.154965	-901.969925	138.953583	-104.301942	-898.954032	-129.619004	-212.924419	-54.769432	-215.594863	-294.429500	-509.683073	-278.332886	-201.722564	-894.139941	-253.551290	-317.606578	-924.360955	-239.002163	-376.965739	-928.244235	
-73.001651	-271.258742	618.157845	-35.893538	-210.410074	376.356456	107.866284	-286.105488	390.281566	246.221408	-221.670263	145.517043	316.800538	-223.438312	-71.095957	333.748488	-166.294378	-162.422344	-185.833402	-257.738854	354.628581	-294.008433	-144.371528	119.592749	-377.928620	-175.914215	-89.902031	-415.684878	-169.974970	-192.301311	-17.797851	-50.330783	192.076312	0.000000	0.000000	0.000000	87.264138	-230.881200	-43.239585	122.472184	-93.966843	-488.455575	123.921253	70.835246	-851.588643	130.241319	-42.030346	-899.885863	148.367184	-100.323633	-897.062624	-129.922386	-212.724197	-54.828594	-213.169556	-291.413888	-510.744362	-268.726442	-192.772192	-894.828946	-246.030840	-309.451154	-923.594749	-232.161131	-368.982467	-927.325827	
-74.218099	-270.375992	618.361617	-38.179862	-211.375554	375.941159	105.190518	-287.709946	390.383649	246.165986	-218.514944	148.429772	321.351244	-209.792403	-66.458166	340.720139	-147.001963	-153.494812	-187.875228	-260.665596	357.076750	-293.921512	-140.017185	124.710711	-372.314306	-147.715382	-89.113772	-405.773049	-128.430720	-191.363646	-19.611341	-51.403270	191.615135	0.000000	0.000000	0.000000	87.367146	-230.755621	-43.699487	128.722756	-95.918103	-489.020701	132.901374	76.841971	-848.414564	140.936644	-34.569343	-899.738634	159.208387	-92.834990	-897.313173	-129.800473	-213.003363	-54.027678	-208.239999	-284.546689	-511.968875	-258.305802	-183.093109	-896.076029	-236.236393	-300.062060	-924.142870	-222.294818	-359.575998	-927.883273	
-74.625915	-267.421869	620.149252	-39.707026	-210.972175	376.958816	105.062584	-284.511222	391.937440	247.262624	-206.621292	153.366660	324.161991	-196.109205	-60.833515	342.029701	-132.785035	-147.804576	-190.210827	-258.244189	359.407760	-290.424890	-128.663515	129.273408	-367.958540	-126.800744	-84.994333	-400.006422	-102.594101	-186.647636	-19.850475	-52.815091	191.206134	0.000000	0.000000	0.000000	88.399722	-229.932402	-45.906423	135.639871	-95.587043	-490.790811	142.387641	85.355901	-846.095711	152.618389	-23.846504	-901.605826	171.437778	-81.961049	-899.829500	-128.660173	-213.827149	-53.498556	-201.344326	-273.771277	-514.047210	-247.158662	-172.259934	-898.669379	-224.443528	-289.205704	-926.314477	-209.819867	-348.547943	-930.176377	
-73.512842	-263.660893	622.883067	-39.722291	-209.685328	378.972589	107.590582	-277.872394	394.465551	249.071101	-188.783337	159.412126	326.840786	-181.525662	-54.608746	341.218320	-120.961932	-144.154780	-191.753456	-251.575201	360.921543	-284.214522	-113.147969	132.700854	-365.885662	-113.777524	-80.031443	-399.897932	-91.469146	-181.480564	-18.235680	-54.528381	190.885769	0.000000	0.000000	0.000000	90.983978	-228.224758	-49.256427	143.770842	-92.684050	-493.153588	153.053528	95.894867	-844.407452	165.261508	-10.457874	-904.833159	184.903991	-68.320946	-904.019046	-125.975794	-215.232731	-54.245335	-192.912236	-260.706967	-517.314394	-234.966072	-161.018244	-902.841764	-210.563669	-277.740465	-929.989282	-194.814426	-336.781541	-934.036453	
-70.912781	-260.094715	625.913815	-38.439644	-207.926429	381.431812	111.883424	-269.095130	397.304926	250.367927	-167.527931	165.551055	329.817815	-165.805718	-47.968220	340.512867	-110.353326	-141.262482	-192.130347	-242.215510	361.494321	-276.213522	-96.299097	134.703118	-366.415327	-108.774276	-74.183469	-405.404497	-93.605032	-175.159510	-15.395718	-56.395519	190.593227	0.000000	0.000000	0.000000	94.728872	-225.818089	-53.136160	152.689950	-87.558499	-495.546858	164.725402	107.636636	-843.083129	178.254618	4.402515	-908.435122	198.830481	-53.139242	-908.888098	-122.137839	-216.828741	-56.614758	-183.860010	-247.325836	-521.632658	-221.949114	-150.035914	-908.183574	-195.134288	-266.410054	-934.538204	-178.011644	-325.055973	-938.749890	
-68.117329	-257.094395	628.792909	-37.221307	-205.892563	383.902541	116.072479	-259.120292	399.977826	249.394769	-145.000832	171.055076	332.330077	-149.805380	-41.087288	340.158799	-101.395018	-138.495291	-192.241306	-231.577140	361.470881	-267.632902	-79.910837	135.397288	-369.821679	-110.856975	-65.911907	-416.048757	-106.680916	-164.866645	-12.755770	-58.215493	190.240657	0.000000	0.000000	0.000000	98.240134	-223.332192	-57.117670	160.985215	-80.775509	-497.507352	176.376099	119.650570	-841.919839	190.442203	19.240297	-911.426158	211.819065	-37.977874	-913.358953	-118.495350	-217.871447	-60.236783	-175.723380	-235.236637	-526.503605	-209.118717	-139.416028	-913.854714	-179.647994	-255.412184	-939.012419	-161.161688	-313.638067	-943.286762	
-66.986418	-254.628076	631.275234	-37.689847	-203.672409	386.137078	118.140032	-248.910205	402.298190	244.938499	-123.520632	175.575201	333.287147	-135.458556	-34.085796	339.507231	-95.543263	-135.383630	-193.508511	-221.020560	361.364868	-260.214185	-65.394747	135.252530	-376.473264	-118.222097	-53.476640	-431.148787	-127.223593	-147.689073	-11.775664	-59.814565	189.807304	0.000000	0.000000	0.000000	100.057981	-221.509123	-60.933808	167.112339	-73.006485	-498.715837	186.757662	131.097031	-840.744007	200.701478	32.684464	-913.074798	222.472509	-24.312104	-916.544439	-116.511852	-217.765959	-64.347188	-170.034540	-225.782302	-531.308007	-197.683331	-129.200626	-918.922820	-165.893133	-244.891805	-942.618307	-146.298376	-302.757527	-946.845681	
-68.854549	-252.537897	633.189804	-40.737501	-201.349984	387.961923	116.904605	-239.744949	404.252532	237.437441	-105.777871	179.022944	332.336329	-124.978382	-27.208171	338.306017	-94.059600	-131.618721	-196.888662	-211.924313	361.521889	-256.281810	-54.229406	134.804885	-386.769150	-128.700117	-36.521614	-449.779360	-150.869360	-123.035546	-13.175176	-60.983440	189.342800	0.000000	0.000000	0.000000	99.470200	-220.815484	-64.319681	170.228698	-65.299234	-499.072894	194.921596	141.208914	-839.325887	208.372982	43.742897	-913.018780	229.943180	-13.229091	-917.871016	-116.903946	-216.391870	-68.158721	-167.583905	-220.171287	-535.490086	-188.563143	-119.924388	-922.592333	-155.155379	-235.423618	-944.961752	-134.810401	-293.034130	-949.130423	
-73.825475	-250.597986	634.417378	-46.103337	-198.980371	389.234611	112.513696	-232.916268	405.955331	229.076428	-94.174212	181.528324	330.202188	-120.034994	-20.982248	337.145103	-97.030493	-127.357810	-202.350101	-205.355459	362.024619	-258.033174	-47.430589	134.527452	-400.847152	-140.308760	-16.811290	-470.720760	-173.770900	-93.911137	-16.640549	-61.430278	188.925049	0.000000	0.000000	0.000000	96.730369	-221.280786	-66.849602	170.543357	-59.163124	-498.673562	200.401991	149.137595	-837.416423	213.292576	51.765403	-911.333239	234.112091	-5.391601	-917.185569	-119.406821	-214.102338	-70.991446	-168.083571	-218.948061	-538.525872	-182.211408	-112.465066	-924.271249	-147.884029	-227.851804	-945.813615	-127.115291	-285.308666	-950.013083	
-80.609439	-248.587263	635.035464	-52.358192	-196.557890	390.000169	106.447111	-229.060213	407.750254	222.842966	-89.935563	183.473535	328.467467	-121.451084	-15.915452	337.166981	-103.763131	-123.175071	-208.691504	-201.698717	363.027143	-266.302609	-45.154656	135.056208	-418.149134	-152.018376	2.963892	-492.313459	-194.311412	-65.281067	-20.940907	-60.987929	188.640430	0.000000	0.000000	0.000000	92.973992	-222.545449	-67.971906	169.197724	-56.151462	-497.745578	203.359043	154.027460	-834.918053	215.749934	56.364071	-908.535542	235.547473	-1.099731	-914.906884	-122.931963	-211.645259	-72.329816	-170.268946	-221.212664	-539.929026	-178.350388	-107.422582	-923.757408	-143.688444	-222.747313	-945.095116	-122.760824	-280.137023	-949.422109	
-87.028527	-246.422353	635.420748	-57.400827	-194.035075	390.624390	100.921710	-227.853442	410.140615	221.099071	-92.734228	185.409865	328.947551	-129.211761	-11.932037	339.664296	-113.829508	-119.364383	-213.912682	-200.668069	365.048632	-279.950772	-47.080006	137.352547	-437.118028	-163.985822	20.917647	-512.456200	-212.924725	-41.336396	-24.435640	-59.853027	188.583604	0.000000	0.000000	0.000000	89.889631	-224.007481	-67.315099	167.725846	-57.183746	-496.632919	204.549783	155.385566	-832.021855	216.423703	57.526869	-905.464976	235.232617	-0.246327	-912.030618	-125.895783	-209.998667	-72.030528	-172.303331	-224.645132	-539.591398	-176.127290	-104.700729	-921.607676	-141.607809	-220.004389	-943.287467	-120.723604	-277.397104	-947.781152	
-91.172542	-244.120674	636.059587	-59.530297	-191.324980	391.603318	97.786110	-228.277649	413.435383	224.497988	-100.877126	187.787612	332.519873	-142.491266	-8.439978	345.283802	-127.207110	-115.662400	-216.265475	-201.566452	368.728155	-296.564683	-52.843902	142.388874	-455.631352	-176.799113	36.282785	-529.033504	-230.403363	-24.422495	-25.962574	-58.391748	188.837522	0.000000	0.000000	0.000000	88.943291	-225.061692	-65.016506	167.323185	-61.997299	-495.677650	204.791025	153.456334	-829.149308	216.024093	55.854748	-903.034050	234.143281	-2.121179	-909.750598	-126.935553	-209.927051	-70.395910	-172.522801	-226.763370	-537.963753	-174.685501	-103.719377	-919.006031	-140.644296	-219.037117	-941.356802	-119.920010	-276.475308	-946.007094	
-92.378401	-241.662863	637.187261	-58.336569	-188.302492	393.176382	97.626360	-229.199504	417.540078	232.004756	-112.145621	190.726178	338.475093	-159.877292	-4.955928	353.245947	-143.783418	-111.801518	-215.197259	-203.555973	374.304914	-313.754656	-62.089040	150.543040	-471.848892	-190.776353	48.703020	-540.717676	-246.316636	-15.474778	-25.431549	-56.734131	189.414191	0.000000	0.000000	0.000000	90.546594	-225.360731	-61.682051	168.332880	-69.267394	-495.025552	204.330796	149.194742	-826.696923	214.897934	52.464623	-901.815671	232.866189	-5.524126	-908.820799	-125.644824	-211.497637	-67.968473	-170.429399	-226.463916	-535.677463	-173.814650	-104.023836	-916.905329	-140.373290	-219.380256	-939.951235	-119.833335	-276.875677	-944.710832	
-91.268206	-238.988879	638.669450	-54.660178	-184.886429	395.194068	99.781560	-229.813735	422.024595	241.750786	-124.831844	193.929765	344.948372	-179.945803	-1.565609	361.509593	-163.010807	-108.017960	-211.385107	-205.841779	381.328758	-329.950413	-74.280962	161.260928	-484.605023	-205.757782	57.716738	-547.332716	-258.994287	-14.238341	-23.588454	-54.730572	190.240401	0.000000	0.000000	0.000000	93.896747	-224.975981	-57.965756	170.215186	-77.394351	-494.540588	202.821533	143.784576	-824.758943	213.022182	48.428690	-901.664134	231.556271	-9.337442	-909.025292	-122.712146	-214.100930	-65.116098	-167.014536	-224.325857	-532.998664	-173.974331	-105.494653	-915.318459	-141.072744	-220.920333	-938.790566	-120.710188	-278.479649	-943.540148	
-89.040236	-236.092321	640.192326	-49.821283	-181.124590	397.318064	103.112404	-229.735464	426.281161	251.843107	-138.166203	196.720802	349.867410	-201.646069	1.100573	367.846101	-183.981803	-105.002733	-206.060395	-207.790359	388.811969	-344.342476	-88.661810	173.214462	-493.346560	-220.977249	62.688406	-549.524870	-266.818124	-19.098109	-21.294234	-52.199110	191.219950	0.000000	0.000000	0.000000	97.606330	-224.335264	-54.198833	171.973916	-85.141593	-493.854391	199.854675	138.164880	-823.072154	210.153859	44.262120	-901.732215	229.892353	-13.086248	-909.227649	-119.417727	-216.928775	-61.797236	-164.037922	-221.990740	-529.733942	-175.818573	-108.153850	-913.452717	-143.326143	-223.712193	-936.841884	-123.195767	-281.374982	-941.318229	
-86.702405	-233.103766	641.472673	-44.899118	-177.185016	399.247441	106.723369	-228.883729	429.718005	260.686333	-152.020846	198.220245	351.731392	-224.135762	2.220328	370.671376	-205.657129	-103.576592	-200.362131	-209.001007	395.632045	-356.461517	-104.532134	184.646107	-498.092120	-235.273157	63.101222	-548.381365	-269.459207	-27.721287	-19.066400	-49.096658	192.273897	0.000000	0.000000	0.000000	100.557364	-223.917292	-50.399233	172.698300	-91.703568	-492.573002	195.377147	132.940059	-821.280112	206.021369	39.950509	-900.972336	227.192294	-16.934751	-908.077559	-116.859139	-219.407595	-57.808600	-162.981606	-221.616790	-525.621794	-179.823992	-112.014878	-910.383375	-147.495218	-227.759871	-933.065719	-127.741235	-285.604666	-936.810957	
-84.714397	-230.289863	642.352403	-40.444979	-173.253950	400.826819	110.196309	-227.362696	431.972232	267.122848	-166.458426	197.732097	350.107525	-246.476238	1.221475	369.324583	-227.097060	-104.364146	-195.012772	-209.349052	400.959500	-365.882195	-121.460430	193.896561	-499.473384	-247.541144	59.053505	-545.222896	-268.057005	-38.067573	-17.064838	-45.531218	193.336392	0.000000	0.000000	0.000000	102.321915	-223.947670	-46.567013	171.934104	-96.623790	-490.577371	189.700191	128.555403	-819.220263	200.640846	35.401962	-898.680599	222.959995	-21.166274	-904.723380	-115.478100	-221.305341	-53.163331	-164.468610	-225.397596	-520.672187	-185.890102	-117.062693	-905.564883	-153.410025	-233.010383	-926.959268	-134.179933	-291.101908	-929.376958	
-82.993336	-227.969190	642.820861	-36.529083	-169.418980	402.071136	113.447009	-225.414523	433.091478	270.538270	-181.423202	195.203249	345.774324	-267.578479	-1.831102	364.177407	-247.506024	-107.432212	-190.225616	-208.981851	404.567519	-372.123732	-139.176793	200.028625	-498.430133	-257.019413	51.417011	-541.320961	-264.293929	-48.852030	-15.219953	-41.708574	194.350222	0.000000	0.000000	0.000000	103.046340	-224.368129	-42.792693	169.792030	-99.804645	-488.024517	183.259424	125.330089	-816.902053	194.308650	30.714697	-894.600501	217.121129	-25.811409	-898.961143	-115.110243	-222.638545	-48.159066	-168.302524	-234.924042	-515.064833	-193.240259	-123.350940	-898.819014	-160.362861	-239.464958	-918.647109	-141.675963	-297.780937	-919.206938	
-81.171826	-226.360552	642.992292	-33.005483	-165.623760	403.120388	116.394647	-223.423556	433.606047	270.943207	-196.554662	191.538876	340.476484	-286.304171	-5.985503	356.626591	-266.136622	-111.936507	-185.845188	-208.280296	406.931040	-374.777915	-157.133915	203.254084	-495.814661	-263.128408	41.882229	-537.119348	-259.355149	-59.241990	-13.397286	-37.847520	195.272474	0.000000	0.000000	0.000000	103.074664	-225.030809	-39.084124	166.764565	-101.594395	-485.076808	176.401096	123.265829	-814.276550	187.464324	26.053259	-888.697835	210.039255	-30.687160	-891.047815	-115.384856	-223.517906	-43.170196	-173.815884	-250.428883	-508.834197	-200.820470	-131.006866	-890.078021	-167.377019	-247.171152	-908.623536	-149.087981	-305.597222	-907.149635	
-78.992349	-225.428008	643.053769	-29.869405	-161.724032	404.147460	118.643036	-221.859548	434.451999	269.088521	-211.167453	188.574906	336.342037	-301.612743	-9.420916	348.740146	-282.268943	-116.028962	-181.692632	-207.756184	409.129987	-373.877473	-173.733804	204.916142	-492.421856	-265.205913	33.143955	-532.151426	-253.498549	-68.004062	-11.599734	-34.118033	196.073116	0.000000	0.000000	0.000000	102.591461	-225.879799	-35.272205	163.406211	-102.845624	-481.777058	169.394373	121.959884	-811.100727	180.621424	21.540199	-881.108203	202.489701	-35.523552	-881.471246	-116.149508	-223.990028	-38.410214	-180.168937	-270.034948	-501.835208	-207.679784	-139.752072	-879.468952	-173.584429	-255.824410	-897.392709	-155.503555	-314.247064	-894.207999	
-76.541829	-224.878834	643.208740	-27.410600	-157.668351	405.266819	119.509944	-221.107931	436.577584	266.382160	-224.338921	188.340151	335.320172	-312.742384	-9.998220	342.878094	-295.211133	-117.370024	-177.834212	-207.835831	412.340546	-370.486214	-186.149643	206.888008	-489.365226	-263.023584	28.327712	-526.385924	-246.990640	-73.253955	-10.098232	-30.702174	196.719758	0.000000	0.000000	0.000000	101.530934	-226.959000	-31.175337	160.125621	-104.671647	-478.181927	162.756953	120.855666	-807.055703	174.429462	17.394227	-872.406218	195.521374	-39.947574	-871.112326	-117.493661	-224.011804	-33.934296	-186.579850	-289.791830	-494.240101	-213.168816	-148.325048	-867.894882	-178.493733	-264.233489	-885.767036	-160.511811	-322.614191	-881.452981	
-74.042985	-224.359668	643.612071	-25.905432	-153.645453	406.483920	118.610016	-221.174302	440.332563	264.700226	-234.756435	191.984247	339.051532	-319.159421	-6.141346	341.735933	-304.020240	-114.107871	-174.477414	-208.504322	417.017076	-366.653004	-191.938691	210.643744	-488.221789	-257.828765	29.521877	-521.766178	-241.518211	-73.216441	-9.314863	-27.823475	197.186076	0.000000	0.000000	0.000000	99.902611	-228.224726	-26.902841	157.359763	-107.848927	-474.575454	157.493756	119.733625	-802.040898	169.713979	14.180302	-863.850029	190.211934	-43.341833	-861.470343	-119.377858	-223.591354	-29.890110	-192.406255	-305.310508	-487.022673	-216.869528	-155.007589	-857.358062	-181.852903	-270.787082	-875.399315	-163.945286	-329.139769	-870.444699	
-71.430907	-223.616541	644.337968	-25.221124	-150.005296	407.708458	116.476985	-221.474665	445.183325	266.122650	-240.496494	199.321463	349.018006	-320.245643	2.663983	348.248988	-307.407629	-105.630824	-171.758450	-209.160009	422.594997	-364.533222	-191.266551	216.892442	-490.541899	-252.102680	37.041446	-521.968148	-239.507411	-66.882432	-9.448347	-25.647170	197.474587	0.000000	0.000000	0.000000	98.137074	-229.415359	-22.989728	155.909092	-112.150633	-471.446865	154.740172	118.986593	-796.410970	167.277196	12.839534	-857.130253	187.430686	-44.787352	-854.372743	-121.357244	-222.943032	-26.578359	-196.839656	-313.791472	-481.584198	-218.277897	-158.792247	-850.167108	-183.158223	-274.518573	-868.348630	-165.291591	-332.856459	-863.081613	
-68.552122	-222.449609	645.428316	-25.033972	-147.048979	408.851901	114.273028	-221.092408	450.103824	271.959653	-239.718667	209.289163	365.841417	-315.338684	15.966741	364.060345	-304.605664	-92.545015	-169.895131	-209.007537	428.099201	-365.393488	-186.008050	225.498001	-496.993515	-247.706662	49.997814	-529.562673	-242.180934	-54.190183	-10.241712	-24.295967	197.605856	0.000000	0.000000	0.000000	96.697015	-230.287430	-20.204130	156.582052	-116.249184	-469.215807	155.214335	119.270612	-791.017001	167.580730	14.231809	-853.667848	187.598836	-43.457746	-851.256287	-122.997745	-222.300298	-24.325250	-199.200080	-314.552876	-478.928388	-216.992230	-159.591976	-847.721389	-181.858624	-275.300398	-865.989742	-163.950546	-333.625550	-860.722456	
-65.591374	-220.771754	646.927744	-25.282157	-144.950600	409.917609	112.892185	-219.336749	454.247540	281.584621	-231.511826	220.584665	388.265006	-304.063950	32.804963	388.047678	-295.814546	-75.938180	-169.322490	-207.549794	432.891512	-368.597070	-176.917181	235.035213	-506.695806	-245.241273	67.147872	-543.603928	-250.200616	-35.612129	-11.316008	-23.988983	197.584761	0.000000	0.000000	0.000000	95.599000	-230.830240	-19.210721	159.451055	-118.452990	-468.094553	158.942595	121.111945	-786.898312	170.559322	18.736653	-853.947232	190.569707	-38.988226	-852.516185	-124.298842	-221.670909	-23.439099	-199.553422	-308.542692	-479.258568	-213.190264	-157.863605	-849.997787	-177.864190	-273.486431	-868.436133	-159.802655	-331.801251	-863.595712	
-62.688468	-218.801465	648.811824	-25.957377	-143.926466	410.920996	112.854820	-215.990109	457.057706	292.895251	-215.569358	231.693609	413.643223	-286.382328	51.940495	417.207139	-281.924845	-56.965889	-170.303006	-204.714257	436.674847	-371.825110	-164.041346	242.947240	-517.118565	-245.293083	87.340143	-560.158510	-264.472466	-11.281035	-12.500982	-25.048753	197.381728	0.000000	0.000000	0.000000	94.893581	-231.022339	-20.364359	163.996703	-117.486398	-468.177685	165.311320	124.905860	-784.834783	175.761105	26.265096	-857.443379	195.869693	-31.443387	-857.470734	-125.197287	-221.073834	-24.281359	-198.202010	-298.086031	-482.234172	-207.361738	-154.580141	-855.945128	-171.190752	-269.901164	-874.633712	-152.763991	-328.168015	-870.671942	
-59.865312	-217.048238	650.884855	-26.942755	-144.236206	411.799101	114.356526	-211.187871	458.087094	303.218180	-192.415938	240.871533	438.872960	-262.985805	71.982795	447.937995	-264.895286	-36.678837	-172.724452	-200.724591	439.200489	-372.773637	-148.469386	246.728290	-525.113040	-248.364462	109.836793	-574.290428	-284.914537	19.326579	-13.800903	-27.732852	196.935738	0.000000	0.000000	0.000000	94.816559	-230.743023	-23.628321	169.491668	-112.973920	-469.449465	173.367484	130.801752	-785.021728	182.538806	36.198054	-862.978342	202.867777	-21.405900	-864.751067	-125.398352	-220.629122	-27.122487	-195.403366	-286.185293	-487.321393	-200.194026	-150.765607	-864.118789	-161.964758	-265.419514	-882.814955	-142.752497	-323.492754	-879.873047	
-57.477593	-216.075013	652.797353	-28.321817	-145.993551	412.410136	116.929274	-205.190600	457.001844	309.753224	-164.063813	246.452037	460.733477	-235.985851	91.733211	476.771221	-247.905797	-15.476289	-176.457751	-195.838359	440.074503	-370.413426	-132.081260	244.851404	-528.427487	-253.567433	134.405636	-582.104231	-308.968959	56.972436	-15.373346	-32.061704	196.160568	0.000000	0.000000	0.000000	95.275366	-229.987493	-28.621279	175.052323	-105.498791	-471.724682	182.141993	138.478674	-787.085089	190.156541	47.358828	-869.207847	210.754148	-10.064173	-872.808205	-124.880228	-220.278317	-31.937078	-191.748722	-275.320697	-493.976349	-192.824032	-146.876489	-873.237009	-150.980791	-260.359697	-891.326967	-130.400954	-317.994166	-889.089720	
-56.356932	-216.262293	654.149252	-30.641088	-149.046124	412.554206	119.248954	-198.334842	453.714724	310.109202	-133.864215	247.269540	476.177943	-208.928753	110.550047	500.657867	-234.649769	7.436838	-181.673664	-190.223220	438.777948	-365.027563	-116.383770	236.973802	-526.454625	-258.178781	161.072023	-582.044231	-331.630567	102.241306	-17.559157	-37.697056	194.971457	0.000000	0.000000	0.000000	95.584456	-229.010030	-34.768345	179.705763	-96.309026	-474.673420	190.986899	147.151314	-790.311270	197.964416	58.253308	-874.926075	218.624885	0.983965	-880.216863	-124.225889	-219.621354	-38.366321	-188.360945	-266.774236	-501.663901	-186.588188	-142.752584	-882.391108	-139.744570	-254.488227	-899.045340	-117.304960	-311.427500	-896.888942	
-57.528271	-217.720666	654.593074	-34.725609	-153.020530	412.020579	119.486446	-191.345624	448.632325	303.144409	-105.816280	243.307719	482.882025	-185.980171	128.530233	516.710783	-228.198828	33.839308	-188.612636	-184.313857	435.120093	-357.802495	-102.209314	224.337111	-519.820590	-258.715175	189.961917	-574.581208	-346.609382	155.000431	-20.773967	-43.954279	193.338368	0.000000	0.000000	0.000000	94.784916	-228.234981	-41.417788	182.655439	-86.903880	-477.888539	199.747547	155.830667	-793.824059	205.567774	67.481557	-879.098711	225.696701	10.162138	-885.727098	-124.403065	-218.092211	-45.795746	-186.680352	-260.819087	-509.775595	-182.334616	-138.015972	-890.876932	-130.040930	-247.640260	-905.174759	-105.660960	-303.748208	-902.385098	
-61.661185	-220.334417	653.932744	-41.072388	-157.439390	410.688419	116.326084	-185.462754	442.797651	290.020143	-83.629199	236.244968	480.321203	-170.687168	146.177504	522.725231	-229.632471	64.810921	-197.151432	-179.111688	429.759868	-351.040606	-90.213789	210.189570	-509.955578	-253.192080	220.663831	-561.302363	-349.277969	211.864296	-25.240100	-50.011058	191.324573	0.000000	0.000000	0.000000	92.258613	-228.015612	-47.833554	183.628503	-78.583765	-480.874074	208.471295	163.679158	-796.657173	212.720448	74.287659	-880.932384	231.417397	16.577283	-888.318975	-126.078735	-215.386731	-53.388145	-187.931535	-257.323369	-517.496857	-180.025784	-132.635632	-897.928437	-123.223199	-240.358548	-909.143676	-97.401198	-295.744378	-905.156057	
-68.594659	-223.714760	652.243620	-49.292329	-161.637898	408.683837	109.895918	-181.884071	437.662884	274.690854	-69.584108	229.252094	470.982683	-164.951899	163.828598	519.046736	-237.878002	98.523149	-206.623116	-175.743437	424.244496	-348.180415	-80.670478	199.036828	-499.418689	-242.873258	251.409000	-545.431813	-340.985191	265.666045	-30.660817	-55.015778	189.146608	0.000000	0.000000	0.000000	88.141807	-228.461235	-53.172418	182.987155	-72.303521	-483.081193	217.021886	170.041915	-797.942718	219.104331	78.646506	-880.123916	235.447623	20.231332	-887.552867	-129.174431	-211.765583	-60.057383	-192.607635	-256.230375	-523.717235	-179.152731	-127.282389	-902.569583	-119.803967	-233.910672	-910.611674	-93.452922	-288.926057	-905.208263	
-77.180233	-227.229745	649.943541	-57.930857	-164.818164	406.465122	101.890878	-181.029169	434.479525	262.922861	-63.779827	225.853060	460.276829	-168.709841	181.730104	510.120982	-251.357619	130.955344	-215.732820	-174.776885	420.373446	-352.590784	-73.197682	195.101626	-491.743613	-232.245961	280.340917	-531.542991	-329.604230	310.069680	-36.124361	-58.196093	187.220475	0.000000	0.000000	0.000000	83.377285	-229.400803	-56.694975	181.502833	-68.930688	-484.273207	224.892375	174.245274	-797.339098	224.259948	80.737767	-877.133539	237.652316	21.518909	-884.090289	-132.927362	-208.036422	-64.720545	-199.964803	-257.394170	-527.377157	-179.352177	-123.112475	-904.048453	-119.416415	-229.578305	-909.458944	-93.422379	-284.620798	-902.758122	
-85.502131	-230.327974	647.690282	-64.803671	-166.480347	404.703577	94.862649	-182.345164	433.782166	259.909146	-64.809731	228.480472	454.060328	-180.752478	200.761717	502.408781	-269.448778	159.669571	-222.556212	-175.998273	419.455595	-365.611320	-67.554054	201.348012	-489.320427	-226.724846	307.585095	-522.867348	-324.267733	343.729413	-40.241156	-59.256935	186.044419	0.000000	0.000000	0.000000	79.461335	-230.462016	-57.999789	180.086565	-69.254201	-484.718700	231.277591	175.704730	-795.205503	227.731629	80.650472	-873.072831	238.188366	20.782652	-879.485774	-136.151326	-205.297162	-66.734378	-207.614349	-259.943874	-528.132384	-180.034042	-120.811877	-902.591104	-120.769028	-227.727651	-906.226666	-95.631015	-283.045588	-898.592983	
-91.501655	-232.902085	646.097421	-67.831058	-166.597556	404.041856	91.125722	-184.799213	435.538402	267.832299	-71.295569	237.812790	455.374308	-199.718172	222.276980	499.923962	-292.133677	185.292200	-225.053385	-178.747159	422.141693	-385.332388	-64.861068	219.320517	-491.657401	-230.309392	334.418065	-519.637675	-330.401698	368.256754	-41.721396	-58.696252	185.896036	0.000000	0.000000	0.000000	77.899656	-231.229975	-57.054030	179.658528	-73.420187	-484.773130	235.332209	174.406415	-792.197706	229.182536	78.712817	-869.114047	237.346578	18.465432	-875.296767	-137.533254	-204.545915	-66.205422	-212.183720	-262.720446	-526.666472	-180.146836	-120.414862	-899.574609	-122.023438	-227.976836	-902.513009	-97.779988	-283.636583	-894.480907	
-93.931666	-234.921686	645.449809	-66.169037	-165.184920	404.797561	91.640643	-187.288878	439.411295	284.957973	-82.239817	252.872252	463.113753	-224.100127	246.399070	502.193461	-318.710567	208.785081	-222.237800	-182.079706	428.274877	-407.359717	-67.181836	248.485597	-496.730652	-244.335838	360.534235	-521.068183	-348.233924	384.183649	-40.165638	-57.078945	186.740399	0.000000	0.000000	0.000000	79.333339	-231.438448	-54.159821	180.783433	-80.776784	-484.521724	236.322295	170.914528	-788.814957	228.121324	75.595990	-866.005156	234.910203	15.208420	-872.476446	-136.363520	-206.121149	-63.691816	-211.315174	-264.858477	-524.032476	-179.031041	-121.643269	-896.570874	-121.971360	-229.760102	-899.959856	-98.343518	-285.710004	-892.111260	
-92.847985	-236.053548	645.624037	-60.580085	-162.068008	406.809451	95.705821	-188.945992	444.794713	307.147844	-96.866055	271.539797	473.688792	-252.331248	270.893369	506.044587	-347.611965	228.847458	-214.761155	-184.958966	436.780746	-427.117752	-76.206631	285.541085	-503.235529	-267.517360	383.172487	-527.391499	-373.880838	390.223867	-36.239885	-54.437588	188.325465	0.000000	0.000000	0.000000	83.188394	-231.055599	-49.837952	183.162791	-90.401594	-483.916282	233.678286	165.926162	-785.199737	223.786024	72.019353	-863.907177	230.028350	11.667084	-871.205263	-132.990779	-209.490199	-59.706738	-204.909359	-265.772573	-520.837261	-176.959355	-123.989608	-894.272807	-120.755838	-232.499556	-899.099568	-97.434295	-288.668142	-891.925827	
-89.328987	-235.880471	646.247435	-52.751791	-157.105749	409.595504	101.699284	-189.180176	450.907577	330.248606	-115.016149	291.318686	483.555395	-283.545777	292.043133	508.503182	-377.355130	242.338161	-204.388740	-186.496740	446.153434	-441.646415	-92.271133	325.214770	-511.370035	-296.463060	398.494206	-539.862349	-401.135502	385.141673	-31.194204	-50.513394	190.311796	0.000000	0.000000	0.000000	88.103543	-230.306005	-44.583962	185.598765	-101.638332	-482.923713	227.335709	159.760918	-781.178491	215.754526	68.274457	-862.463854	222.018413	8.082489	-870.967722	-128.572847	-213.631564	-54.480850	-194.814514	-265.459941	-516.981885	-174.987576	-126.980293	-892.172502	-119.631223	-235.810468	-899.115767	-96.452288	-292.161104	-892.983089	
-84.702500	-234.232217	646.919231	-44.286038	-150.503004	412.604457	108.144774	-187.713676	456.998197	351.174558	-137.387415	310.003295	490.425384	-317.671341	306.447270	508.260966	-407.022569	246.518803	-193.019987	-186.183241	455.021550	-449.866465	-114.235984	362.019888	-522.160134	-326.297125	403.604733	-559.535066	-423.253756	369.708589	-26.077438	-45.157995	192.416173	0.000000	0.000000	0.000000	92.673582	-229.578725	-38.678629	186.612015	-113.979994	-481.414363	218.104309	152.328288	-776.567862	204.733285	64.099264	-861.114072	211.354528	4.136458	-870.873482	-124.440180	-217.593475	-48.013607	-183.793691	-264.810007	-511.941518	-174.367894	-130.372972	-889.003260	-120.154112	-239.591102	-898.427046	-97.118945	-296.124390	-893.565423	
-80.026222	-231.373288	647.284209	-36.199248	-142.879815	415.345454	114.192213	-184.779139	462.435216	367.538770	-164.942312	325.959091	492.991570	-354.622258	312.217020	505.369298	-435.959276	240.633135	-182.096130	-184.110546	462.336979	-452.006538	-140.027626	391.619952	-536.235661	-351.667237	397.923263	-585.850435	-434.593017	346.853590	-21.363249	-38.541843	194.425818	0.000000	0.000000	0.000000	95.978022	-229.208684	-32.286506	185.133749	-126.668319	-479.208373	207.534345	143.673791	-771.510974	192.507603	58.934660	-859.287299	199.652229	-0.840162	-869.801581	-121.511688	-220.778468	-40.365369	-174.512859	-265.393653	-505.318816	-175.947526	-134.006298	-883.568765	-123.431555	-243.795535	-895.607786	-100.665235	-300.536274	-892.079295	
-75.856015	-227.997566	647.037511	-28.900856	-135.165027	417.418659	119.578629	-181.168053	466.694968	377.299156	-197.587916	338.187271	490.617119	-393.119615	309.340687	500.637117	-462.933601	226.161495	-172.412551	-181.008783	467.386852	-448.951662	-167.422090	411.374787	-552.691565	-368.393409	383.550992	-615.838735	-432.105755	321.104261	-17.078193	-31.145930	196.167090	0.000000	0.000000	0.000000	97.772476	-229.289070	-25.649276	180.878417	-138.519428	-476.267408	197.267819	134.617489	-766.362332	181.078368	52.414442	-856.316583	188.764816	-7.348221	-866.513039	-120.024733	-222.962552	-31.927248	-168.825627	-269.118369	-497.190034	-179.882366	-137.760651	-875.291366	-129.700603	-248.318614	-889.963426	-107.340942	-305.286604	-887.736175	
-72.214636	-224.976965	646.041679	-22.431286	-128.365493	418.587670	124.332182	-177.981390	469.473207	379.326968	-233.219297	346.468561	483.656394	-430.311743	299.824483	495.327359	-485.909422	206.733893	-164.194869	-177.975462	469.929799	-441.871286	-194.087609	420.614117	-568.792083	-374.919551	364.788300	-644.337114	-416.605519	297.693958	-13.147178	-23.738707	197.501611	0.000000	0.000000	0.000000	98.299967	-229.702518	-19.096856	174.439020	-148.181031	-472.704084	188.592106	126.608262	-761.352638	171.559062	44.902290	-851.603489	179.506846	-15.052494	-860.371706	-119.723360	-224.176338	-23.428011	-167.571258	-277.598087	-488.011741	-185.653601	-141.742752	-864.248470	-138.342341	-253.177399	-881.583582	-116.432155	-310.356540	-880.713808	
-68.742370	-223.034793	644.468776	-16.800185	-123.247329	418.876320	128.420186	-176.178023	470.837614	374.488372	-267.705150	351.351453	473.947087	-462.498316	287.560246	490.852850	-502.992068	187.722265	-157.347981	-176.016898	470.410451	-432.402942	-217.092199	420.878459	-581.130706	-373.024332	346.778366	-665.597415	-393.617095	280.538382	-9.717500	-17.226688	198.373568	0.000000	0.000000	0.000000	97.909955	-230.296761	-12.956181	167.022392	-154.621566	-468.696416	182.041609	120.779486	-756.717487	163.804394	37.287729	-845.078888	171.377549	-22.991146	-851.691721	-120.259642	-224.558084	-15.775641	-170.553266	-291.279950	-478.377079	-192.342399	-146.433769	-851.046553	-148.158850	-258.680390	-871.172452	-126.612092	-316.000181	-871.840110	
-64.826936	-222.618879	642.784273	-12.144152	-120.204441	418.544911	131.725713	-176.128425	471.124001	366.555152	-295.719184	353.834211	465.262707	-486.221372	277.208717	488.635252	-513.735301	174.301579	-151.712936	-175.670226	469.908110	-422.883886	-233.427845	415.813721	-587.533162	-367.740301	333.494938	-676.481708	-372.810669	270.179302	-7.204762	-12.422139	198.839239	0.000000	0.000000	0.000000	96.929986	-230.950147	-7.578085	160.023585	-157.558135	-464.563026	177.036113	117.539079	-752.763565	157.139806	30.544643	-837.305339	163.819466	-30.055345	-841.506375	-121.335082	-224.317039	-9.861500	-176.413549	-309.037318	-468.958639	-198.898869	-152.697172	-836.912289	-157.586413	-265.462383	-860.017052	-136.175293	-322.788759	-862.365977	
-59.984490	-223.898227	641.507815	-8.739847	-119.361441	417.915482	134.220273	-177.466565	470.610729	361.343938	-312.433972	354.842210	462.462461	-499.253711	272.506551	490.313566	-519.235802	168.977795	-147.378760	-176.874922	469.544235	-415.777566	-241.736575	409.955001	-588.306675	-365.203873	326.797713	-678.232722	-363.388550	264.697528	-6.040015	-9.862144	199.021399	0.000000	0.000000	0.000000	95.659232	-231.576659	-3.518898	154.628022	-157.568862	-460.955181	172.308038	116.738643	-749.867388	151.062001	25.589501	-829.564606	156.892233	-35.209677	-831.587800	-122.737213	-223.679900	-6.361167	-183.044507	-328.550737	-460.614934	-204.566686	-161.570044	-823.921916	-165.121464	-274.340728	-850.063628	-143.471185	-331.487961	-854.029262	
-54.567209	-226.686377	640.917355	-7.038784	-120.776086	417.150638	135.817293	-179.615805	469.310194	363.084320	-315.635213	355.064279	468.539401	-501.131848	275.214699	497.408989	-520.928581	171.929621	-144.892636	-179.355580	469.675253	-412.698671	-243.549638	406.787410	-585.811994	-368.698054	327.444778	-674.785453	-368.848557	263.961526	-6.303961	-9.734318	199.019507	0.000000	0.000000	0.000000	94.068069	-232.248895	-1.571294	151.193334	-155.745699	-458.830947	167.301090	117.662287	-748.686198	145.677245	22.958510	-824.017537	151.137671	-37.906914	-824.474722	-124.588190	-222.676775	-5.515625	-188.872298	-346.693063	-454.368452	-209.539290	-173.549100	-814.828939	-170.203641	-285.691874	-843.694956	-147.809578	-342.439040	-849.036491	
-49.816377	-230.463218	640.957944	-7.513489	-124.430367	416.202556	136.190400	-182.314129	467.087260	371.383988	-306.403861	355.331166	482.679693	-492.329850	284.971205	510.149270	-518.851699	182.818452	-145.001558	-182.960921	469.730883	-414.284177	-241.877289	407.993029	-583.050042	-376.738066	335.492992	-669.895551	-385.756550	269.743871	-7.627456	-11.854179	198.858144	0.000000	0.000000	0.000000	91.730403	-233.176117	-2.291627	149.136920	-153.090195	-458.902142	163.006797	119.217753	-749.906371	141.618947	22.681925	-822.944720	147.093888	-38.183203	-822.651075	-127.279966	-221.107257	-6.998325	-193.431639	-359.929966	-451.220745	-214.927400	-188.038489	-812.231786	-173.479810	-298.896099	-843.041352	-149.714081	-354.971974	-849.440834	
-46.562752	-234.637571	641.397819	-10.027819	-129.919084	415.020431	135.327796	-185.293982	463.968942	382.794868	-287.127409	356.294845	502.129243	-472.782701	299.751489	527.833924	-510.541568	200.722663	-147.743947	-187.292922	469.210722	-419.836550	-238.499655	413.181123	-581.424080	-386.020251	349.519944	-664.923496	-407.902587	282.471952	-9.472915	-15.752456	198.507897	0.000000	0.000000	0.000000	88.608656	-234.328337	-5.436590	147.920680	-149.920576	-461.023946	160.989007	120.748934	-753.589645	139.680188	24.723917	-827.321164	145.257042	-36.132391	-827.138110	-130.703399	-218.981440	-10.066562	-195.973433	-365.646801	-451.892819	-221.262308	-203.937214	-817.335293	-175.569235	-312.862006	-849.022432	-149.688529	-367.917933	-856.043892	
-44.390554	-238.742264	642.030048	-13.641783	-136.448920	413.692427	133.884972	-188.001421	460.262664	393.573020	-259.752695	357.221012	523.760033	-442.268281	316.660761	549.090379	-493.115954	223.569092	-152.196662	-191.500793	468.152631	-427.360310	-233.244027	419.796669	-579.740094	-394.259863	367.071877	-658.556971	-430.636388	300.655986	-11.436154	-20.891988	197.929281	0.000000	0.000000	0.000000	85.399706	-235.355721	-10.266199	147.729913	-145.874468	-464.480330	162.225769	122.366976	-759.207069	140.561391	29.167218	-836.380034	146.196054	-31.680007	-837.080551	-134.047466	-216.729444	-14.043165	-194.911375	-363.138505	-456.582788	-227.499378	-219.932240	-829.098167	-176.302708	-326.365608	-860.837434	-147.668767	-380.041919	-867.852991	
-42.446505	-242.283224	642.775183	-17.275041	-143.213015	412.343033	132.668426	-189.798921	456.357813	400.598443	-226.289058	355.930297	543.700767	-402.062216	332.881361	570.797064	-466.416521	249.110928	-157.311586	-194.570317	466.622591	-434.977413	-224.636725	424.272508	-575.857507	-399.578133	385.881044	-648.531866	-451.095679	322.550147	-13.269258	-26.714073	197.113029	0.000000	0.000000	0.000000	82.903223	-235.918833	-16.130095	149.068078	-140.614001	-468.613936	167.103672	124.491610	-765.970936	144.778101	35.834740	-848.145961	150.374781	-24.981100	-850.322164	-136.484043	-214.858493	-18.588151	-189.540911	-353.267329	-464.692746	-231.882578	-233.638592	-844.474088	-175.274753	-337.307067	-876.174930	-143.810424	-389.468021	-882.459658	
-40.535599	-244.700082	643.655023	-20.534165	-149.544780	411.076228	131.810099	-190.272463	452.586127	401.464926	-189.977414	350.165929	557.548432	-355.897466	346.396670	588.362870	-433.602709	276.357133	-162.738187	-195.717502	464.369498	-441.826289	-211.404311	423.631491	-568.782364	-399.674026	404.598065	-633.440043	-466.833497	347.541845	-14.954408	-32.650357	196.095846	0.000000	0.000000	0.000000	81.321242	-235.946063	-22.519566	152.006318	-134.533987	-472.987808	175.648423	127.399636	-772.753184	152.514243	44.048148	-860.094731	157.862515	-16.695125	-864.129066	-137.786646	-213.533717	-23.574927	-181.331235	-337.849682	-474.829574	-233.461281	-241.539962	-859.984887	-172.420952	-342.498398	-892.203117	-138.664712	-393.335823	-897.335312	
-39.275404	-245.637319	644.657965	-23.934684	-155.052795	409.910034	130.585040	-189.441654	449.046356	394.865766	-154.888357	338.749132	561.752344	-309.006459	356.133386	597.306356	-398.767129	305.417457	-168.870898	-194.794810	460.980016	-447.802733	-193.642940	416.353405	-558.894740	-392.492453	422.913841	-613.323378	-475.165559	376.555419	-16.807568	-38.237272	194.932495	0.000000	0.000000	0.000000	80.205077	-235.623589	-28.973949	155.947961	-128.842814	-477.374783	187.388644	131.286651	-777.993475	163.499993	53.041807	-869.744678	168.281408	-7.571803	-875.889052	-138.366039	-212.496989	-28.938800	-172.970188	-319.525844	-485.369215	-232.349524	-240.698915	-873.438963	-168.076237	-339.328162	-906.571395	-132.720319	-389.152127	-910.790220	
-39.556014	-245.234339	645.609085	-28.462929	-159.705429	408.735209	127.880843	-187.814286	445.574152	380.742527	-124.539507	322.038807	554.510587	-266.441133	361.716523	593.996228	-364.656538	335.490783	-176.342423	-192.437930	456.214840	-452.966917	-172.988717	402.396188	-546.777962	-377.012170	441.119826	-588.768849	-473.288163	410.885392	-19.370762	-43.230587	193.646975	0.000000	0.000000	0.000000	78.805264	-235.266557	-35.074172	159.907623	-125.330381	-481.771911	201.118187	136.575646	-779.655069	176.952554	62.668139	-874.864885	180.937749	2.298107	-883.478976	-138.956308	-211.279364	-34.492900	-166.641636	-301.614658	-494.986552	-228.864313	-230.761609	-884.147063	-162.955766	-328.208975	-917.562872	-126.812769	-377.498082	-921.375302	
-42.005166	-244.099488	646.179527	-34.924079	-163.701830	407.362527	122.840743	-186.181296	441.938892	360.193335	-100.957587	301.923263	535.966179	-232.296224	363.240481	576.459806	-333.554655	362.831075	-185.536524	-189.703016	450.186663	-457.301691	-152.180096	382.869839	-532.369473	-353.412891	458.999938	-559.953828	-458.771193	449.772045	-23.120210	-47.596061	192.206482	0.000000	0.000000	0.000000	76.402990	-235.202216	-40.414364	162.857502	-126.092596	-486.310242	214.938881	144.067525	-774.976991	191.633517	73.844581	-873.144219	194.910076	13.999395	-885.079168	-140.276871	-209.479937	-39.725820	-163.417696	-287.647387	-502.689856	-223.210835	-214.432714	-891.794099	-157.827495	-312.645072	-923.979400	-122.021126	-362.197235	-927.550681	
-46.647188	-242.936687	646.043642	-43.360937	-167.217722	405.620425	115.405762	-185.306763	438.124463	335.724627	-84.517770	281.584096	508.664111	-209.486015	361.462780	546.292184	-309.676721	382.418011	-196.184773	-187.553277	443.375123	-460.835519	-134.525184	360.045454	-515.263100	-323.765891	474.724114	-527.045164	-431.571213	488.348278	-28.139821	-51.301082	190.577046	0.000000	0.000000	0.000000	72.740679	-235.614733	-44.556830	164.100837	-132.999483	-491.016076	226.622771	154.546881	-760.154608	205.877197	88.394792	-861.666818	208.960325	29.716003	-878.457267	-142.674139	-207.023325	-43.852232	-163.394010	-280.794327	-507.651621	-215.985514	-196.228449	-895.492394	-153.147758	-296.873207	-925.133427	-118.767539	-347.447942	-928.368191	
-52.845151	-242.149179	645.124239	-52.824401	-170.196027	403.524926	106.525255	-185.667474	434.491234	311.658621	-74.502735	264.884593	477.592333	-199.762618	358.060213	509.136622	-298.512241	391.922299	-207.205542	-186.571974	436.575923	-463.935365	-122.900854	337.421415	-495.828673	-293.142531	485.496363	-491.622828	-397.087431	519.025319	-33.930822	-54.170006	188.832123	0.000000	0.000000	0.000000	68.312860	-236.445787	-47.091005	163.677118	-146.929498	-495.527085	234.272210	166.906606	-731.219016	217.443406	107.100945	-837.291071	221.028642	50.769690	-860.712447	-145.892492	-204.241806	-46.241226	-165.861418	-282.712236	-509.301676	-208.569766	-180.723064	-894.154798	-149.313700	-284.291844	-920.964655	-117.019128	-336.247100	-923.789355	
-59.384415	-241.649387	643.781544	-61.580332	-172.339371	401.420689	97.951243	-187.198413	431.743554	293.646469	-70.084841	255.132401	448.772344	-203.562239	355.259713	472.001188	-303.439052	392.384019	-216.891266	-186.786381	430.812433	-467.226185	-118.513681	319.156278	-475.164642	-268.551227	490.478540	-456.266512	-365.623691	537.021206	-39.354381	-55.910050	187.266014	0.000000	0.000000	0.000000	64.383420	-237.413114	-47.755718	162.544726	-166.767571	-498.949679	237.342367	176.050320	-688.445483	224.050526	126.223393	-800.033165	228.208205	73.708561	-831.009466	-149.024263	-201.819380	-46.885949	-169.587699	-291.954840	-507.791678	-202.169663	-170.342241	-887.905491	-146.642504	-276.486126	-912.537827	-116.638454	-329.813538	-915.030048	
-64.755465	-240.956019	642.761879	-67.675829	-173.243863	399.957390	91.659863	-189.328710	430.682061	286.531384	-71.054908	253.933346	426.547219	-219.812931	354.791405	439.499134	-323.477774	386.080692	-223.408389	-187.696871	427.023187	-470.975514	-120.390127	308.802416	-453.796639	-255.183382	491.726626	-422.308061	-346.408696	543.037773	-42.916609	-56.288501	186.367997	0.000000	0.000000	0.000000	62.610951	-238.127397	-46.540645	162.226760	-189.182563	-500.284537	237.639332	176.236736	-641.029461	226.329543	138.546716	-757.488714	230.509961	90.657895	-795.222120	-150.739175	-200.665324	-46.354226	-172.944839	-303.437120	-504.531281	-196.899450	-164.001004	-879.126349	-145.166578	-272.316524	-902.535747	-117.510650	-326.906913	-904.839244	
-67.643285	-239.556167	642.816713	-69.642596	-172.677979	399.771871	89.160937	-191.236016	431.828504	291.681229	-77.591706	260.731421	411.572767	-245.953479	356.575376	412.250360	-353.497029	374.661197	-225.419273	-188.534551	425.777118	-474.447366	-126.581495	307.698086	-430.958657	-254.561210	491.152512	-388.992185	-343.192473	539.419859	-43.528623	-55.513922	186.458372	0.000000	0.000000	0.000000	64.252576	-238.237725	-43.648744	164.261603	-209.999996	-499.064215	238.612190	167.695743	-603.205332	228.745754	139.874249	-722.536068	232.810405	95.755107	-764.626505	-149.807584	-201.625784	-45.191995	-173.948808	-311.551107	-501.607345	-192.032141	-158.952716	-871.370030	-144.401366	-269.204383	-894.444276	-119.212036	-324.977596	-896.705568	
-67.701728	-237.144259	644.172261	-67.408212	-170.765236	400.982575	90.588748	-192.274764	435.113077	305.925252	-89.451514	273.059754	400.974718	-278.190755	358.199811	388.266056	-386.503526	358.268581	-222.967063	-188.659794	426.969222	-476.485751	-135.540016	314.264325	-405.720406	-265.122151	487.833729	-355.268001	-354.209611	526.101229	-41.319665	-54.171675	187.353612	0.000000	0.000000	0.000000	69.234523	-237.551350	-39.582283	169.589935	-225.779927	-495.644395	242.956058	155.559408	-586.337157	235.383522	130.822177	-706.511749	239.836913	87.915961	-749.799727	-145.910447	-204.789943	-43.689887	-171.197293	-313.062182	-500.438225	-186.880436	-153.072200	-867.173776	-143.723549	-265.080639	-890.586051	-121.176357	-321.968855	-892.957115	
-65.689430	-233.536318	646.521372	-62.242378	-167.711514	403.205327	94.719070	-192.259308	439.962644	323.776777	-105.714581	287.495314	390.719483	-312.414118	356.049724	365.445769	-416.559783	335.848464	-217.436963	-187.784184	429.772333	-476.334902	-146.107329	324.745067	-378.635149	-282.771860	478.703393	-321.962501	-373.437829	501.381916	-37.302179	-52.590511	188.642642	0.000000	0.000000	0.000000	76.232001	-236.101885	-35.148287	177.869921	-234.660356	-491.076001	251.121911	143.193049	-595.423516	247.227137	112.684077	-714.441329	252.823459	67.790145	-755.524673	-139.914963	-209.252362	-42.128820	-165.003767	-306.944618	-501.267276	-181.540555	-145.314723	-867.245460	-143.173031	-258.899952	-891.388174	-123.469006	-316.821976	-894.044782	
-62.857128	-228.563615	649.390841	-55.780026	-163.531626	405.940149	99.947449	-191.233566	445.590453	340.480153	-125.167291	300.735439	377.802458	-345.132361	346.867258	342.721296	-440.028980	306.159582	-210.594691	-185.783139	432.983939	-473.794732	-157.160328	334.483669	-352.130445	-302.073802	461.461966	-291.812439	-393.130969	465.554982	-32.577346	-50.469596	190.091550	0.000000	0.000000	0.000000	83.561072	-234.210853	-30.881125	187.378910	-236.231843	-486.315201	261.437032	128.906304	-628.501632	262.295148	84.735717	-743.216188	269.664635	35.483219	-778.635210	-133.273212	-213.852046	-40.535647	-157.352765	-293.683567	-503.167736	-176.898164	-135.499785	-870.500811	-143.625558	-250.503869	-895.471518	-126.992378	-309.359338	-898.576044	
-60.460337	-222.091086	652.390068	-49.474797	-157.980453	408.840013	104.856180	-189.100424	451.314565	352.850821	-146.681579	310.236538	360.657007	-373.617062	328.812905	319.634371	-455.048720	268.986493	-204.031489	-182.402242	435.483626	-469.132510	-167.571234	339.061015	-329.346043	-318.626808	436.874915	-267.776670	-407.869804	423.042981	-27.991654	-47.120508	191.675210	0.000000	0.000000	0.000000	89.756195	-232.394928	-26.967439	195.874401	-231.236567	-481.874034	271.003020	108.343917	-676.984871	276.434041	46.541232	-783.108096	285.771088	-7.500323	-810.070198	-127.459190	-217.717295	-38.612433	-150.823903	-274.588264	-504.660853	-174.027712	-123.834111	-874.893871	-146.218105	-240.124239	-900.579931	-132.885467	-299.784630	-904.205597	
-59.555802	-214.169969	655.219772	-44.526294	-150.794266	411.693349	108.297896	-185.578133	456.698240	358.487714	-169.029384	314.097736	338.893016	-395.685246	301.895286	296.144181	-460.928007	225.677896	-199.077374	-177.224841	436.380697	-462.708089	-176.142839	334.923783	-312.283085	-330.936260	407.977988	-251.182407	-417.249483	380.352688	-24.065589	-41.989499	193.393356	0.000000	0.000000	0.000000	93.760773	-231.167121	-23.695986	201.394359	-221.434063	-478.143678	276.868693	79.900713	-728.200533	285.099752	1.645797	-822.644296	296.062065	-55.845118	-840.229728	-123.662071	-220.306355	-36.199270	-147.619174	-251.117200	-504.662818	-173.774893	-110.560324	-878.691376	-151.864363	-228.002898	-904.839271	-142.003982	-288.304623	-908.930950	
-60.515380	-205.228703	657.624026	-41.537817	-142.062062	414.319048	109.771190	-180.469323	461.447142	355.718568	-190.136573	311.047203	313.825679	-409.841335	267.682065	273.423095	-458.168134	178.657783	-196.394337	-170.013929	435.109146	-454.134780	-182.254683	320.148900	-300.649534	-340.634320	377.453104	-240.783975	-424.877602	341.877738	-20.869033	-35.099230	195.130183	0.000000	0.000000	0.000000	95.335760	-230.730571	-21.571193	202.920346	-208.769940	-475.603915	277.296167	48.156528	-771.381672	286.017695	-42.203398	-854.268495	298.111234	-101.344480	-863.792347	-122.257526	-221.513023	-33.506170	-148.497833	-224.846869	-502.847920	-176.443409	-96.222279	-881.017828	-160.717608	-214.620937	-907.304687	-154.333017	-275.370503	-911.662913	
-62.638058	-195.992275	659.425058	-40.144395	-132.264480	416.566483	109.824166	-173.824213	465.277980	344.580844	-206.847176	300.953617	288.829927	-415.500443	228.418241	254.060601	-448.310133	130.398909	-195.501069	-161.023670	431.774700	-441.595757	-186.686189	295.485780	-292.097899	-350.985889	346.295237	-233.570585	-435.008837	308.070638	-18.040561	-27.005282	196.693960	0.000000	0.000000	0.000000	95.349562	-230.785627	-20.911130	200.721614	-194.405418	-474.536126	272.556640	21.083927	-802.303612	280.470892	-76.919778	-876.086029	293.483200	-136.494445	-880.106473	-122.484194	-221.775799	-30.833468	-152.311359	-197.802432	-499.359843	-181.637893	-81.984093	-881.542766	-171.870079	-201.062369	-907.648242	-168.663411	-262.066572	-911.946091	
-64.554412	-187.197416	660.557535	-39.289663	-122.098075	418.336040	109.676323	-166.149720	467.926140	327.076830	-216.261709	285.088732	268.103577	-412.858496	186.207034	240.813433	-433.375028	82.633431	-195.066540	-151.201246	427.316406	-422.582980	-190.956125	264.676776	-283.693707	-364.683297	314.217073	-226.783132	-449.884570	276.159854	-15.085243	-18.430142	197.929347	0.000000	0.000000	0.000000	95.194425	-230.791879	-21.539495	196.071728	-178.663466	-474.649663	264.790889	4.008205	-822.408474	271.945801	-98.880012	-889.296654	285.702438	-158.417679	-890.100525	-123.022966	-221.809251	-28.347683	-156.984810	-172.466171	-494.602120	-188.542079	-69.258026	-880.205462	-183.903822	-188.745023	-905.854753	-183.270820	-249.861327	-909.684065	
-65.209552	-179.469862	661.017304	-38.079951	-112.528791	419.500509	110.169139	-158.746482	469.267194	306.014596	-217.610131	265.838244	254.515447	-402.424605	142.967663	234.454116	-414.950018	36.507210	-193.959372	-142.254216	422.976414	-396.541366	-195.899163	233.559979	-274.267062	-382.455375	280.158011	-220.231590	-469.192773	241.386709	-11.783694	-10.105525	198.751815	0.000000	0.000000	0.000000	95.533529	-230.515478	-22.951677	190.263257	-161.920282	-475.194315	256.686798	-3.703804	-835.170581	263.238015	-110.205185	-896.209455	277.011134	-169.735865	-895.197338	-123.163037	-221.992709	-26.223826	-161.020699	-151.250473	-489.412427	-196.314747	-58.786086	-877.410348	-195.804137	-178.497157	-902.421158	-197.060324	-239.652266	-905.377774	
-64.699357	-173.443053	660.843228	-36.458953	-104.933648	419.894218	111.077757	-153.638610	469.405190	283.867378	-212.701836	246.113918	248.027921	-384.673752	101.038335	232.621484	-393.477390	-6.564215	-192.034470	-136.402948	419.757993	-367.171195	-201.507262	207.898639	-266.631825	-403.123017	242.082321	-218.039441	-490.536630	197.990794	-8.485109	-2.935653	199.154829	0.000000	0.000000	0.000000	95.541567	-230.335048	-24.665656	183.474379	-146.106489	-475.637713	249.768058	-7.021620	-843.452885	254.919055	-116.383629	-899.351228	267.632673	-176.124232	-897.338931	-123.527876	-221.961954	-24.725295	-164.435558	-135.728513	-485.020529	-204.324715	-50.061590	-874.132020	-207.431272	-169.868288	-898.488670	-210.209617	-231.015764	-900.368562	
-64.318668	-169.786819	660.231987	-35.263547	-100.941494	419.475667	111.325106	-152.817304	468.580228	262.420667	-204.645291	228.397587	245.230961	-360.943933	63.531035	230.532146	-369.470061	-44.192784	-190.125203	-135.737698	418.394770	-341.206245	-207.910408	190.883344	-267.320486	-423.396876	196.547116	-228.154660	-508.568709	140.349079	-6.098223	1.841701	199.255316	0.000000	0.000000	0.000000	93.466557	-230.990605	-26.422777	174.956945	-134.994086	-476.252090	244.085516	-11.416087	-849.048511	246.138714	-122.892021	-900.818263	256.755952	-183.022124	-898.314271	-125.690397	-220.828096	-23.967926	-168.686164	-126.116257	-482.402630	-212.225525	-41.687174	-871.393341	-219.357317	-161.413315	-895.295865	-223.888496	-222.476702	-896.294927	
-65.454965	-168.843640	659.591161	-35.487864	-101.815160	418.434282	110.004982	-157.194934	466.967806	243.201510	-196.136527	214.092447	241.464699	-335.072146	33.538831	223.770828	-345.691535	-73.546774	-189.251368	-141.188135	419.228300	-324.176156	-215.217732	182.351221	-282.256861	-435.310036	140.784980	-257.188841	-511.744725	66.786635	-5.684497	2.987605	199.253662	0.000000	0.000000	0.000000	88.071699	-232.907249	-28.078627	164.684632	-131.494514	-477.576504	238.952388	-20.407794	-853.304456	235.879475	-133.149984	-902.201925	243.445551	-193.732605	-899.532541	-130.800240	-217.861821	-23.772032	-175.351318	-121.313675	-481.674864	-219.724693	-32.346708	-869.558354	-232.161399	-151.649675	-893.405203	-239.214758	-212.478227	-894.041064	
-68.159745	-169.935877	659.229611	-37.236083	-107.562952	416.947070	107.468948	-165.885579	464.376130	227.934355	-188.832031	203.291363	234.740406	-313.130409	12.479093	211.706020	-327.196088	-93.184263	-189.666859	-151.582911	421.549099	-317.771663	-220.987708	179.540911	-311.206729	-425.410385	79.072644	-302.765829	-483.281207	-13.264464	-7.640569	0.265079	199.210473	0.000000	0.000000	0.000000	79.538750	-235.789376	-29.458064	154.005374	-135.778493	-479.630220	233.766918	-35.177160	-857.181437	223.526121	-148.244249	-904.321293	227.068369	-209.195725	-901.676456	-138.582822	-212.971863	-23.986916	-184.747530	-119.003888	-482.266510	-226.113658	-21.070039	-868.317703	-245.742508	-139.299245	-892.671453	-256.424062	-199.592506	-893.616988	
-71.153451	-171.420075	659.010218	-39.707403	-116.528260	414.990712	105.048125	-176.326270	460.384829	217.665925	-182.904119	194.908516	226.317759	-300.281634	-0.164282	197.256667	-319.046094	-103.588259	-191.005164	-163.743995	423.577839	-320.022920	-219.382444	178.517414	-345.680313	-385.443445	24.598462	-351.105253	-416.355808	-80.098330	-11.475982	-4.958649	198.964757	0.000000	0.000000	0.000000	69.225692	-238.881462	-30.565846	144.286966	-145.762503	-482.115501	228.403908	-55.163244	-861.250790	209.003700	-167.469655	-907.317138	207.496798	-228.509182	-904.761647	-147.659740	-206.671359	-24.922596	-196.007214	-115.842678	-483.609874	-230.390051	-6.914910	-867.394034	-259.210124	-122.997688	-892.903521	-274.658401	-182.225833	-894.812606	
-73.004084	-171.958194	658.574835	-42.095028	-126.118995	412.625892	103.816519	-185.383956	454.911532	211.484120	-176.938416	187.441776	217.820023	-298.271214	-5.285855	182.569041	-324.112043	-105.199773	-193.045285	-173.946386	423.609409	-326.333623	-204.794382	176.468862	-374.684116	-321.822619	-12.983569	-386.901281	-324.539123	-121.564340	-16.376765	-10.535863	198.403775	0.000000	0.000000	0.000000	59.009500	-241.430678	-31.936294	135.867431	-158.166038	-485.105450	222.843912	-78.421546	-866.029801	192.682111	-188.678634	-911.249784	185.259489	-249.285803	-908.739651	-156.334155	-199.894889	-27.189164	-207.463127	-108.290497	-485.420339	-231.977634	10.876193	-866.912224	-271.134322	-101.728987	-894.177019	-291.987682	-159.216350	-897.433929	
-72.930347	-171.426255	657.822224	-43.837859	-133.934993	410.242909	104.239651	-190.566226	448.407619	207.189327	-169.306308	179.794347	209.537509	-305.629857	-2.732658	167.728279	-342.001210	-96.659672	-195.497054	-179.498778	421.082966	-330.925195	-176.187448	173.203794	-391.468064	-246.738247	-34.841267	-403.170634	-226.594272	-141.629340	-21.428058	-14.701201	197.656201	0.000000	0.000000	0.000000	50.680988	-242.999582	-34.255809	128.746991	-169.638865	-488.927482	216.914050	-102.027707	-871.919328	175.316356	-208.884256	-916.219625	161.611279	-268.382788	-913.627219	-163.164804	-193.770669	-31.108840	-216.404925	-94.254385	-487.445718	-231.046621	32.490575	-866.996841	-279.899131	-75.673726	-896.500370	-305.877767	-130.939176	-901.094663	
-70.819034	-170.521796	657.031471	-44.368501	-138.687952	408.366113	106.536267	-190.843590	441.504177	202.897572	-159.720012	171.412468	201.184841	-318.974047	8.498533	152.778532	-368.979585	-75.462450	-197.502770	-179.627709	416.606779	-329.196957	-137.804225	170.226448	-394.044424	-169.694938	-45.883224	-400.330165	-134.031225	-149.009416	-25.610940	-16.686189	196.999776	0.000000	0.000000	0.000000	45.406686	-243.536060	-37.672804	123.194460	-177.865434	-493.566275	210.647280	-123.104797	-878.768469	158.085563	-225.486828	-921.970231	138.392539	-283.268662	-919.129546	-167.343018	-189.211888	-36.507001	-219.782574	-74.629376	-489.389202	-228.074846	57.369101	-867.338087	-284.196264	-46.453568	-899.397121	-314.202776	-99.528486	-905.135519	
-67.029973	-169.937142	656.505379	-43.486561	-140.546925	407.247667	110.410450	-186.983217	434.633275	197.685862	-149.588374	162.257913	192.583311	-333.826061	28.331926	138.393283	-398.372180	-40.880867	-198.227697	-175.652408	411.354081	-319.977642	-96.683236	168.997627	-384.155886	-97.637683	-49.647849	-383.003920	-53.012910	-149.416205	-28.287377	-16.775438	196.625710	0.000000	0.000000	0.000000	43.124495	-243.316516	-41.571275	119.194593	-182.323753	-498.403463	204.404662	-139.971422	-885.666911	142.187095	-237.325177	-927.648186	117.303341	-293.048038	-924.425369	-168.944525	-186.438389	-42.849270	-216.379082	-52.937362	-491.077767	-223.346863	84.044856	-867.275908	-283.567786	-16.640791	-901.806804	-316.163840	-68.052104	-908.488203	
-62.276203	-170.096099	656.208847	-41.770437	-140.677114	406.686260	114.725691	-181.175378	428.120882	191.593827	-141.260553	152.981269	183.905205	-345.947366	53.231958	125.670118	-422.612230	2.003603	-197.729548	-170.186001	406.445451	-305.935919	-59.712681	170.049899	-366.657074	-36.335023	-48.335147	-358.382036	11.981007	-146.026023	-29.723906	-15.836875	196.491587	0.000000	0.000000	0.000000	42.571806	-242.836829	-44.818925	116.197917	-184.136482	-502.351318	198.591567	-152.540726	-891.247767	128.407505	-244.849068	-932.046957	99.355568	-298.489962	-928.404915	-168.858276	-184.945428	-49.190005	-208.036743	-33.280897	-492.410339	-216.963801	109.988134	-866.217792	-278.683602	10.859278	-902.558926	-312.605215	-39.590119	-909.937917	
-57.295734	-171.175706	655.838741	-40.066947	-140.165476	406.261060	118.246673	-175.717149	422.492720	185.828342	-136.319553	144.852202	176.664279	-353.493615	76.608680	116.378010	-437.677136	42.376067	-196.707724	-165.583666	402.846454	-292.009725	-32.007117	172.910237	-348.738348	8.875879	-43.967714	-335.636647	56.815879	-141.315155	-30.796168	-14.477203	196.431330	0.000000	0.000000	0.000000	42.454548	-242.581985	-46.286198	113.856773	-184.935851	-504.304835	193.831196	-161.381298	-894.274998	117.676733	-249.271683	-934.111971	85.602386	-301.136735	-930.127283	-168.195345	-184.160243	-54.156402	-198.635338	-18.853488	-493.164865	-209.699400	131.535141	-864.107672	-271.646594	32.831578	-901.211496	-306.111471	-17.188757	-908.983579	
-52.507464	-172.885601	655.345172	-38.679903	-139.427295	405.872078	120.619747	-171.880141	418.561636	182.514792	-134.413768	139.332368	173.723128	-357.287611	92.902978	112.817222	-444.871721	70.260862	-195.590022	-162.967718	401.497132	-283.077316	-15.960340	176.706932	-338.561594	33.827234	-38.626053	-324.522426	78.174294	-137.533395	-31.805565	-13.038410	196.371248	0.000000	0.000000	0.000000	42.329353	-242.716148	-45.693735	112.466625	-185.674814	-503.983463	191.142203	-166.569044	-894.460833	111.465503	-251.554754	-933.706967	77.683991	-302.310759	-929.552144	-167.708779	-183.841688	-56.688487	-191.994974	-11.141584	-493.227376	-203.740792	145.081143	-861.730042	-265.687336	46.313478	-898.663979	-300.340916	-3.559291	-906.544544	
-48.160737	-174.337489	655.129508	-37.434323	-138.343196	405.856888	122.194412	-169.711915	417.048894	183.333435	-133.882705	137.438455	177.255372	-358.499078	99.805044	116.463033	-447.096607	81.151879	-194.334994	-162.166317	402.904733	-281.995052	-11.353829	180.717565	-342.068886	36.764810	-33.761648	-331.727328	74.624763	-135.771934	-32.395321	-11.880700	196.348295	0.000000	0.000000	0.000000	42.270637	-243.045011	-43.967442	112.491902	-186.239699	-502.273624	191.385009	-167.433679	-892.721655	111.039421	-251.832461	-931.870586	77.009436	-302.425557	-927.756734	-167.682451	-183.832188	-56.797075	-189.974453	-9.743735	-492.890670	-201.529141	149.095971	-860.278961	-263.314734	49.976165	-896.532876	-297.833143	-0.017730	-904.237215	
-44.652416	-174.501572	655.641102	-36.227999	-136.496248	406.578642	123.241653	-168.504922	418.217602	188.401101	-133.280389	139.439575	187.399733	-357.164660	97.242869	127.138194	-445.231537	74.749687	-192.841561	-162.304686	407.018678	-288.609184	-16.714554	184.694802	-359.356759	18.025856	-29.112322	-356.676389	46.254139	-134.669899	-32.314140	-11.097818	196.407474	0.000000	0.000000	0.000000	42.304324	-243.324342	-42.360696	114.013478	-185.932928	-500.363369	194.629051	-163.168234	-890.248418	116.568709	-249.476212	-929.855520	83.746184	-300.878659	-925.970246	-168.063751	-183.943830	-55.288592	-192.076367	-13.227191	-492.622070	-204.325083	144.483455	-860.473997	-265.040730	44.398351	-895.873489	-298.746743	-6.215485	-903.113055	
-42.365103	-172.934999	656.966949	-35.153016	-133.609843	408.071384	123.767138	-167.530499	421.649460	196.590623	-132.080225	144.803423	202.915783	-352.092117	85.977482	143.995824	-437.517154	52.448798	-191.114832	-162.630763	413.341606	-299.909078	-30.408121	188.671147	-383.986590	-20.588129	-22.894780	-390.579565	-5.608752	-130.962228	-31.706781	-10.507753	196.538872	0.000000	0.000000	0.000000	42.441615	-243.483593	-41.294909	116.735748	-184.237206	-498.648900	200.182514	-153.509243	-887.390308	127.114344	-243.657591	-927.955372	96.818603	-296.613257	-924.421176	-168.581937	-184.182935	-52.861729	-196.701769	-20.235082	-492.534019	-212.103589	133.328399	-862.018472	-269.775870	31.163426	-896.554949	-301.504336	-20.801277	-903.130742	
-41.261557	-170.122013	658.853009	-34.259898	-129.978767	410.082068	123.801724	-166.576638	426.443923	206.490682	-130.448541	152.471284	222.416157	-341.209953	67.431658	166.677369	-420.285034	17.097869	-189.142372	-162.950269	420.962139	-311.257130	-50.717368	192.297337	-406.046956	-75.366236	-13.452327	-420.438629	-77.154276	-121.785632	-30.784489	-10.099983	196.706804	0.000000	0.000000	0.000000	42.942664	-243.563530	-40.293359	120.381391	-180.951612	-496.676331	207.043429	-138.848180	-883.644605	141.238284	-233.865519	-925.508608	114.625304	-288.787139	-922.347909	-168.785669	-184.878086	-49.689806	-202.277977	-29.991235	-492.261468	-223.708358	117.352793	-863.971295	-275.589734	11.843739	-897.626964	-303.825246	-42.181583	-903.482514	
-40.766516	-166.964906	660.933475	-33.400250	-126.320437	412.254466	123.624587	-165.783998	431.655974	216.883570	-128.585680	161.243775	244.436820	-322.088967	44.183844	194.683880	-389.018011	-26.089332	-186.929346	-163.231507	428.393446	-318.126362	-75.088564	194.269560	-416.839559	-140.422441	-0.442513	-435.234960	-161.912574	-106.018106	-29.460588	-10.024894	196.913271	0.000000	0.000000	0.000000	44.334756	-243.539374	-38.907877	124.844500	-175.799778	-494.025394	214.223735	-119.925191	-878.624973	157.521096	-220.021430	-921.946566	135.616590	-277.000863	-919.089680	-168.140512	-186.459637	-45.816561	-207.283414	-42.095283	-491.471262	-237.022287	97.524797	-865.582946	-280.285554	-12.105022	-898.234658	-303.518840	-68.528558	-903.417901	
-40.102439	-164.018604	662.913261	-32.341049	-123.250781	414.266464	123.639814	-165.231860	436.585738	226.738292	-126.315537	170.015046	266.589534	-293.083959	19.995369	225.704616	-340.329071	-69.388601	-184.776126	-163.077200	433.540290	-317.851061	-99.883554	192.514451	-412.039715	-208.719168	15.854019	-429.499241	-252.292539	-82.852357	-27.343865	-10.235516	197.207526	0.000000	0.000000	0.000000	47.038995	-243.271805	-37.376219	129.836365	-168.399681	-490.963241	220.742332	-97.643992	-872.744842	174.581080	-202.385825	-917.572221	158.263053	-261.219220	-914.930510	-166.256746	-189.083811	-41.756339	-210.333096	-55.686633	-490.358407	-249.565015	74.837180	-866.871501	-282.014775	-38.800094	-898.337750	-299.126789	-97.421575	-902.916826	
-38.598255	-161.222837	664.638981	-30.844617	-120.911478	415.917531	124.214487	-164.768385	440.894249	235.328372	-122.964261	178.006764	285.567678	-254.597032	-1.031102	255.132195	-274.812510	-103.784141	-183.107207	-161.754615	434.411273	-310.310303	-121.760855	185.381754	-391.723781	-273.444377	36.084880	-403.009360	-340.168088	-49.746376	-23.866506	-10.350676	197.652509	0.000000	0.000000	0.000000	51.271669	-242.546503	-36.513422	134.883747	-158.637273	-488.365928	225.765795	-73.044300	-867.102973	191.109293	-181.511133	-913.417978	181.018889	-241.732361	-910.925501	-162.985017	-192.606508	-38.421386	-210.751459	-69.066666	-489.461984	-259.410308	50.823219	-868.403208	-279.863934	-65.924490	-898.538957	-290.351563	-126.126546	-902.537592	
-35.843612	-158.181514	665.986127	-28.666088	-118.943357	417.075833	125.594622	-164.097458	444.559122	242.273087	-117.592575	184.891755	298.549673	-209.724897	-15.733051	277.735665	-199.141616	-122.259773	-181.802137	-158.593674	430.163211	-296.935234	-139.051971	172.950610	-358.788699	-328.232640	61.998255	-359.565249	-415.805550	-3.399028	-18.604170	-9.741125	198.247967	0.000000	0.000000	0.000000	57.019709	-241.196839	-36.927734	139.684107	-146.926209	-486.907813	228.802411	-47.369689	-862.638941	205.973265	-158.334775	-910.354623	202.381712	-219.293660	-907.958757	-158.399714	-196.770665	-36.447516	-208.932813	-80.518495	-489.120893	-265.827654	27.235508	-870.552107	-274.097704	-91.352056	-899.277317	-278.067088	-152.369191	-902.656697	
-31.968685	-154.698283	666.769703	-25.763833	-116.892011	417.611781	127.689678	-163.098624	447.737506	247.421598	-110.157588	190.705944	304.540610	-164.114907	-23.143904	290.726304	-124.816922	-123.930830	-180.146789	-153.549224	421.640260	-280.079815	-151.810129	157.431639	-318.943711	-367.179888	93.940962	-307.348298	-468.642078	54.987237	-11.762636	-7.993402	198.849206	0.000000	0.000000	0.000000	63.711148	-239.282965	-38.410573	144.065295	-134.295855	-486.432161	229.706834	-22.347482	-859.474440	218.155680	-134.528434	-908.394900	220.811493	-195.537508	-906.057233	-152.933972	-201.188413	-35.665220	-205.998494	-89.210897	-489.125846	-269.068552	5.719412	-872.985356	-265.904745	-113.458569	-900.245972	-263.980621	-174.609135	-902.924201	
-27.790953	-151.073632	666.871993	-22.496301	-114.650613	417.487120	130.002228	-161.945872	450.622417	251.026861	-101.933924	195.759092	305.022084	-124.511575	-24.423779	295.380388	-63.602087	-114.369559	-177.653321	-147.542458	411.282073	-263.370190	-161.235638	142.468113	-281.131674	-387.945388	127.879721	-258.916870	-494.218415	115.271449	-4.317730	-5.338028	199.238861	0.000000	0.000000	0.000000	70.340849	-237.132605	-40.138670	147.734760	-122.277771	-486.256340	228.822453	-0.189600	-857.129253	227.018121	-112.554236	-906.950328	235.082276	-173.087501	-904.644165	-147.325915	-205.391293	-35.313975	-203.124138	-95.522859	-488.962333	-269.891530	-12.240943	-874.894914	-256.968567	-131.088261	-900.679674	-250.200325	-191.922764	-902.582615	
-24.612727	-148.011121	666.440829	-19.520212	-112.578716	416.909076	131.894243	-160.947570	453.305604	253.725468	-94.646362	200.392551	303.502775	-96.647618	-21.922420	296.053586	-22.797029	-101.820926	-174.772722	-142.141259	402.185246	-251.051052	-168.478176	131.475414	-254.552307	-394.869124	157.175249	-226.043060	-500.158811	164.083725	2.298209	-2.606318	199.326833	0.000000	0.000000	0.000000	76.082750	-235.155058	-41.283580	150.261118	-112.713471	-485.927317	227.012473	16.926687	-855.156395	232.605966	-95.060404	-905.543010	244.764556	-154.906227	-903.247102	-142.295684	-209.019411	-34.646927	-201.079135	-100.780553	-488.310021	-269.290023	-25.451358	-875.621919	-249.100295	-143.572539	-900.041244	-238.808273	-203.930094	-901.184408	
-23.653535	-146.244171	665.884064	-17.500402	-111.226298	416.317697	132.876757	-160.418857	455.781513	256.054687	-89.627498	204.744681	303.500336	-83.683119	-18.009233	297.076354	-4.688261	-92.920621	-172.585543	-138.759080	396.705920	-246.193143	-173.359480	126.186857	-244.303197	-395.377988	177.468550	-214.199667	-499.116852	194.155308	6.755833	-0.766311	199.241141	0.000000	0.000000	0.000000	80.562713	-233.645485	-41.355251	151.546458	-107.450039	-485.470600	225.334944	27.377866	-853.443627	235.462118	-84.154588	-904.130495	250.117129	-143.438523	-901.834686	-138.287743	-211.908079	-33.302426	-200.288517	-106.445329	-487.191024	-268.294248	-33.075667	-874.914937	-243.863371	-150.611965	-898.257877	-231.515755	-210.591100	-898.811694	
-25.281517	-146.071481	665.584302	-16.657744	-110.933214	416.108016	132.910366	-160.607731	457.969854	258.164271	-87.561788	208.611759	306.657238	-86.062280	-13.990835	300.349698	-8.684306	-90.580882	-171.714878	-138.065223	395.731161	-249.500130	-174.740632	126.658310	-250.196118	-394.253847	187.806210	-222.608019	-498.678673	204.562545	8.410232	-0.364066	199.179307	0.000000	0.000000	0.000000	83.797863	-232.721281	-40.119118	152.291186	-107.765357	-484.975396	224.602998	30.454258	-851.981926	236.207036	-80.866336	-902.817723	251.649180	-139.950230	-900.524545	-135.399856	-214.068707	-31.289823	-201.111423	-113.480620	-485.762455	-267.698685	-34.869162	-872.704434	-242.086044	-152.266415	-895.473262	-229.128953	-212.118553	-895.793058	
-28.801945	-147.192783	665.614520	-16.604455	-111.702989	416.337204	132.485346	-161.593381	459.624278	259.947130	-88.639274	211.360503	312.162816	-102.278323	-9.983640	305.106402	-33.037768	-93.942700	-171.814039	-139.897826	398.755591	-259.427170	-171.755277	132.100622	-268.616717	-392.375046	188.386246	-247.360215	-499.309714	196.103779	7.640776	-1.347886	199.206081	0.000000	0.000000	0.000000	85.982412	-232.364311	-37.478955	153.691218	-114.094123	-484.278805	225.014709	26.449411	-850.595510	235.172881	-84.969804	-901.524643	249.728900	-144.278761	-899.245400	-133.512890	-215.593451	-28.833272	-203.879512	-122.266961	-484.157389	-268.017510	-31.429886	-868.829538	-243.659056	-149.054678	-891.799428	-231.224535	-209.016088	-892.327634	
-33.216172	-149.014360	665.802378	-16.906641	-113.361093	416.783648	132.082745	-163.299006	460.360690	260.884674	-92.822672	212.072835	317.252843	-129.742338	-5.562868	308.751027	-75.134242	-99.578006	-172.235649	-143.626751	404.496828	-273.247845	-164.269023	141.502032	-295.147952	-387.946676	179.109144	-284.407228	-496.295259	169.536068	5.376145	-3.373688	199.256057	0.000000	0.000000	0.000000	87.115643	-232.540140	-33.567366	156.572107	-126.368660	-483.129199	226.035801	16.247904	-849.001806	232.202169	-95.407414	-900.053469	244.346748	-155.258578	-897.823590	-132.589539	-216.490655	-26.256351	-208.793716	-132.569213	-482.470623	-269.869404	-23.976280	-863.016355	-247.986360	-141.806101	-887.384519	-236.620476	-201.970782	-888.522424	
-37.953857	-150.958326	666.001765	-17.567574	-115.684687	417.229471	131.807597	-165.405235	459.720836	259.986439	-99.767783	209.789606	318.562960	-165.263717	-0.412214	308.074997	-130.916320	-103.385172	-172.776333	-148.420634	411.513201	-287.992372	-152.624579	153.630629	-326.054759	-377.215430	159.614430	-330.084739	-481.364820	126.704156	2.199235	-6.109050	199.251358	0.000000	0.000000	0.000000	86.982928	-233.216691	-28.892306	160.944944	-144.280249	-481.465345	226.693040	0.877531	-847.024998	226.867661	-110.820022	-898.355621	235.319933	-171.307997	-896.260639	-132.722122	-216.671168	-24.000592	-215.712688	-143.514544	-480.883533	-274.297686	-13.809642	-855.159040	-254.454368	-131.304470	-882.686296	-243.938928	-191.599881	-884.724922	
-42.814688	-152.478351	666.176238	-18.842565	-118.325655	417.567278	131.603360	-167.165486	457.206717	256.196095	-108.693424	203.708437	313.584368	-205.338447	5.536650	300.491967	-195.060644	-102.241488	-173.674551	-153.256301	418.558712	-300.788866	-137.455704	166.788734	-357.867516	-355.009437	130.210015	-379.264331	-444.963862	71.927942	-1.921006	-9.175787	199.136575	0.000000	0.000000	0.000000	85.533790	-234.277106	-24.269913	166.237103	-167.103006	-479.436961	226.091418	-18.567146	-844.651983	218.938040	-129.783240	-896.526988	222.776288	-190.746666	-894.695702	-133.885324	-216.099162	-22.659601	-223.912292	-153.776323	-479.816418	-282.538488	-1.818837	-845.616378	-262.414462	-117.889234	-878.467988	-251.685094	-178.100369	-881.593180	
-47.454269	-153.030146	666.313122	-20.681316	-120.733339	417.741986	131.635531	-167.479611	452.454441	248.981989	-118.451449	193.553383	301.553038	-246.424146	12.542320	284.927015	-261.696989	-94.151104	-175.054276	-156.985550	424.730784	-309.295196	-119.690031	178.998715	-385.997554	-316.343620	93.151667	-423.434458	-380.204918	12.736276	-7.056039	-12.006872	198.870079	0.000000	0.000000	0.000000	83.272565	-235.450540	-20.482749	171.887982	-193.323739	-477.182942	223.930170	-40.684378	-841.902409	208.775056	-150.731749	-894.543697	207.559799	-211.813696	-893.079442	-135.641253	-214.986660	-22.798506	-232.010180	-161.946096	-479.833598	-295.092724	11.640947	-835.116373	-270.764648	-101.315853	-875.184413	-257.982861	-161.050393	-879.506187	
-51.144359	-152.299063	666.387182	-22.513214	-122.367813	417.727048	132.254440	-165.507976	445.592617	238.713348	-127.894044	180.158251	283.384259	-285.028513	21.353340	261.933344	-324.806786	-77.897446	-176.569629	-158.738970	429.467448	-312.280655	-100.575066	188.645299	-404.233371	-259.714532	53.942182	-451.308561	-288.608231	-40.373792	-12.729486	-14.035585	198.454588	0.000000	0.000000	0.000000	81.228965	-236.375216	-17.872678	177.910064	-220.561480	-474.605770	220.674997	-63.564261	-838.680607	197.446177	-171.852626	-892.021571	191.309075	-232.644976	-890.902952	-137.109972	-213.856653	-24.571784	-238.048761	-166.944679	-481.290488	-310.804471	26.465084	-824.272979	-277.855574	-81.136938	-872.155301	-260.770374	-139.682918	-877.698874	
-53.039955	-150.468803	666.418142	-23.574001	-123.028659	417.568227	133.640493	-161.408048	437.598602	226.620830	-136.265857	165.704805	261.441974	-317.982278	32.767369	233.892702	-378.691374	-53.537986	-177.587029	-158.388198	432.527077	-309.827185	-81.514082	195.042885	-407.116231	-190.862779	20.390929	-454.476241	-183.697281	-77.854211	-17.935928	-15.046134	197.977719	0.000000	0.000000	0.000000	80.464187	-236.751537	-16.280180	184.997578	-245.873282	-471.463648	217.194287	-84.939893	-834.907274	186.471868	-191.286821	-888.364457	176.174096	-251.515778	-887.337933	-137.347606	-213.339990	-27.554835	-239.985501	-168.350289	-484.088225	-326.709155	42.340412	-813.369496	-282.240358	-57.868875	-867.565130	-259.115188	-114.186839	-874.181817	
-52.629395	-148.216054	666.516737	-23.308434	-123.017471	417.412749	135.776570	-156.478485	430.176472	214.799713	-143.292176	153.075093	239.544922	-343.246147	46.718074	205.665746	-419.323455	-23.692265	-177.543482	-156.638035	434.004450	-302.956984	-63.868164	198.502785	-394.444166	-122.347191	-1.836679	-434.406199	-85.671973	-96.728125	-21.501230	-15.359176	197.598213	0.000000	0.000000	0.000000	81.556439	-236.436472	-15.400064	194.031884	-266.426743	-467.785170	214.181370	-102.610254	-830.808047	177.398341	-207.547920	-883.213215	164.403316	-267.243795	-881.744606	-135.803683	-213.861518	-30.954744	-236.759421	-166.731999	-487.647303	-338.943350	58.312822	-802.688559	-283.309776	-34.227418	-860.114609	-254.042813	-87.520351	-867.434109	
-49.897468	-146.413868	666.788123	-21.489638	-122.991170	417.405171	138.713603	-152.470976	424.918704	206.190755	-148.944566	144.493833	222.496083	-360.517328	61.567153	183.458073	-446.158898	6.478801	-176.098002	-154.687536	434.306981	-293.353197	-49.196482	199.959618	-372.770564	-67.038679	-12.878677	-402.480063	-10.682919	-101.691943	-22.583150	-15.591917	197.459247	0.000000	0.000000	0.000000	84.513010	-235.416902	-15.074927	205.637437	-280.191070	-463.992038	212.112567	-114.801427	-826.802997	171.640162	-219.639557	-876.624252	158.064608	-279.165054	-873.970086	-132.504158	-215.468857	-33.961818	-229.170915	-163.743702	-491.084770	-344.626105	72.648757	-792.956305	-281.104568	-14.498395	-850.635850	-247.307662	-65.007020	-858.180051	
-45.265294	-145.710056	667.218461	-18.219462	-123.516462	417.571807	142.503950	-150.619478	422.470993	203.478926	-153.246910	140.551042	214.577917	-371.059332	74.670146	172.326351	-461.785778	31.349384	-173.189838	-153.641330	434.026341	-283.427314	-39.350185	200.400437	-351.578000	-31.865541	-16.912852	-373.024283	35.046230	-100.634380	-21.017581	-16.243023	197.579570	0.000000	0.000000	0.000000	88.858093	-233.804463	-15.183288	219.920845	-286.260215	-460.462273	211.516704	-120.622160	-823.120319	170.349515	-226.977872	-868.999852	158.621370	-286.780411	-864.446606	-127.966478	-217.870323	-35.981775	-219.658438	-161.430316	-493.571609	-343.614905	83.206832	-785.333806	-276.509332	-2.270168	-841.432525	-240.387336	-51.165208	-848.831406	
-39.697914	-146.245428	667.695274	-14.078496	-124.697125	417.841716	146.769823	-151.101979	422.445267	207.241795	-156.378478	140.454117	217.272375	-376.807601	83.743262	173.918370	-469.841822	46.889022	-169.279596	-153.963946	433.657803	-275.836998	-35.465243	200.420998	-338.299643	-17.357770	-17.973459	-356.155386	53.238463	-99.482764	-17.436937	-17.498964	197.820627	0.000000	0.000000	0.000000	93.545206	-231.948322	-15.494845	235.844224	-285.542148	-457.174726	212.639081	-120.693712	-819.547418	173.708431	-229.677345	-860.998339	165.856939	-289.908789	-854.278798	-123.226437	-220.471436	-36.676645	-211.121894	-161.107546	-494.641343	-338.558151	88.299348	-780.812482	-271.429672	1.226176	-834.371534	-234.753833	-47.310432	-841.396303	
-34.676486	-147.757370	668.073007	-10.171267	-126.211145	418.107531	150.538184	-153.206507	423.965296	215.357883	-158.744520	142.946708	228.321285	-379.333630	87.465844	185.891178	-473.113969	51.436617	-165.439994	-155.374910	433.442922	-272.288425	-37.164388	200.193023	-335.878579	-20.651010	-18.002308	-355.087052	48.537425	-100.406296	-13.183894	-19.196105	197.992312	0.000000	0.000000	0.000000	97.123513	-230.450722	-15.821122	250.903498	-280.907963	-454.008535	215.061581	-116.921869	-815.742375	180.435140	-228.666683	-853.495691	177.286803	-289.107743	-845.034530	-119.749430	-222.478180	-36.071022	-205.835722	-163.136278	-494.382091	-333.275294	87.302233	-779.649381	-267.882534	-2.929505	-830.033526	-231.656655	-51.879383	-836.503628	
-31.647488	-149.941834	668.237767	-7.762911	-127.708958	418.272348	152.631183	-156.012816	426.223248	224.550547	-160.694224	146.921620	243.595851	-379.211503	85.332607	203.858242	-472.470611	45.122752	-162.976159	-157.286082	433.375929	-273.015984	-43.024589	199.642367	-343.157282	-38.206439	-17.112300	-367.358571	25.104001	-102.859067	-9.789759	-20.976723	198.008582	0.000000	0.000000	0.000000	98.265359	-229.944828	-16.128086	262.048642	-275.789672	-451.186372	217.956638	-111.229732	-811.746179	188.392641	-225.068045	-847.495518	189.322564	-285.461483	-838.200738	-118.858047	-223.196024	-34.552635	-204.883963	-167.612329	-493.345989	-330.780414	80.486531	-781.329945	-267.008986	-12.762898	-828.173204	-231.487886	-62.316041	-833.918150	
-31.235473	-152.657152	668.133008	-7.647327	-129.100031	418.260749	152.328999	-158.944744	428.626975	232.416291	-162.113090	151.535478	259.795837	-375.769959	77.327433	224.203761	-466.726520	28.816822	-162.774507	-159.240000	433.134124	-277.060484	-51.545421	198.322661	-356.628755	-67.098210	-14.638844	-387.748401	-14.356113	-105.172049	-8.226041	-22.532288	197.908790	0.000000	0.000000	0.000000	96.342864	-230.734466	-16.446238	266.927317	-272.630760	-449.283471	220.806345	-104.587642	-807.978076	195.868342	-219.478894	-843.884941	199.264034	-279.811468	-834.770404	-120.996481	-222.349455	-32.529320	-208.053560	-174.799472	-492.030583	-332.245989	68.418044	-784.877300	-268.846597	-26.771279	-828.190713	-233.664208	-76.656808	-833.079523	
-32.821306	-155.861663	667.760939	-9.654300	-130.464110	418.029606	149.860298	-161.804508	430.814875	238.337894	-162.318365	156.269504	275.565368	-367.211621	63.864958	245.409236	-453.056336	3.744546	-164.794397	-160.929198	432.083278	-282.584374	-61.749545	195.261092	-371.864144	-105.289877	-9.821730	-410.326636	-68.368404	-105.235900	-8.361722	-23.724931	197.763673	0.000000	0.000000	0.000000	91.784399	-232.565026	-16.731798	264.623203	-272.336509	-448.874601	223.952967	-96.914570	-804.684281	202.479217	-211.742269	-842.955472	206.472617	-272.188840	-834.900044	-125.436658	-220.205225	-30.214056	-213.882315	-184.865834	-490.550715	-337.141393	51.606145	-789.257800	-272.441516	-44.129204	-829.322882	-236.838557	-93.797845	-833.288033	
-34.836735	-159.443374	667.206542	-12.722014	-131.810668	417.617165	146.325123	-164.489241	432.674040	242.973674	-160.349010	160.928523	290.817746	-351.176934	46.031265	267.377989	-427.641500	-28.109946	-168.100567	-161.993587	429.473535	-287.256649	-73.272761	189.210610	-384.279860	-151.293626	-1.642326	-429.173212	-135.807941	-100.086233	-9.058383	-24.547710	197.632529	0.000000	0.000000	0.000000	86.083198	-234.725719	-16.862375	255.804892	-274.547160	-450.234300	228.471572	-87.630796	-801.435974	209.099738	-201.337652	-843.941146	212.254850	-262.030204	-837.531436	-130.615785	-217.518858	-27.616092	-219.805459	-197.632225	-488.735459	-343.911027	30.479547	-793.531369	-276.121607	-64.285012	-830.690687	-239.165855	-113.023524	-833.706776	
-35.702229	-163.097594	666.620305	-15.594364	-132.929110	417.154835	142.992413	-166.789293	434.310383	247.030908	-155.485524	165.513199	305.164686	-325.666794	25.639933	289.330300	-386.988295	-63.141354	-171.456941	-161.962313	424.771061	-288.933306	-86.223428	179.294474	-389.671528	-203.028826	11.562809	-438.759944	-213.936290	-85.482423	-8.966379	-24.960823	197.584975	0.000000	0.000000	0.000000	81.064802	-236.517184	-16.701484	242.248990	-278.045507	-453.161656	235.172613	-76.276007	-797.060547	216.813764	-188.004706	-844.923445	218.624409	-248.914952	-840.309489	-134.904351	-215.248855	-24.623810	-223.028769	-212.581598	-486.368674	-350.729390	5.640603	-796.867211	-278.132012	-86.524564	-831.388863	-238.949622	-133.544286	-833.426759	
-34.842938	-166.373435	666.074997	-17.646870	-133.533549	416.729209	140.448496	-168.576182	435.924516	250.364003	-147.850378	170.043467	316.634274	-290.321951	5.071247	307.942753	-330.491149	-95.943921	-174.050806	-160.562170	417.886483	-286.387510	-100.791656	165.688583	-385.141238	-256.347708	31.615402	-434.982396	-295.970464	-57.223320	-7.414225	-24.817372	197.667368	0.000000	0.000000	0.000000	77.822165	-237.636754	-16.226645	225.980081	-281.226810	-457.079868	243.447226	-62.981858	-790.383774	225.643706	-172.320559	-843.668760	226.607228	-233.344169	-840.535747	-137.443443	-214.006454	-21.168918	-221.926237	-228.761539	-483.366161	-356.107609	-21.623866	-798.686733	-277.441804	-109.586015	-830.794259	-235.447454	-154.147132	-831.818200	
-33.011543	-168.938213	665.451960	-19.092761	-133.613786	416.241332	138.378968	-170.150405	437.649758	252.082611	-138.689499	174.428553	322.209098	-247.694281	-12.937305	318.348109	-262.703296	-120.886337	-175.754645	-158.161191	409.273143	-279.868185	-116.831177	149.950890	-370.627441	-304.853280	58.648930	-417.514791	-370.903759	-14.735898	-4.653238	-24.032274	197.848574	0.000000	0.000000	0.000000	76.305956	-238.165092	-15.671952	208.651388	-282.907656	-461.413150	251.300489	-48.777104	-781.399700	234.257245	-155.970112	-839.109260	235.450911	-217.030356	-836.907693	-138.377204	-213.749542	-17.334005	-216.953680	-244.947086	-479.755672	-359.248558	-49.181307	-798.762955	-274.167987	-131.753110	-828.758548	-229.223884	-173.349900	-828.799561	
-31.568987	-170.836794	664.541203	-20.361851	-133.588835	415.473995	136.238161	-172.188729	439.496383	251.488196	-129.874977	178.477829	320.185015	-203.431666	-25.913688	317.975627	-193.021170	-134.448988	-176.764810	-155.792781	400.008683	-271.082316	-133.696696	134.656462	-349.924117	-342.654384	89.420890	-391.506737	-428.448682	35.973286	-1.394696	-22.786372	198.045694	0.000000	0.000000	0.000000	75.896105	-238.320027	-15.302483	191.668027	-282.849033	-465.653963	256.573038	-35.299393	-771.487199	240.954075	-141.147148	-832.014114	243.487942	-202.180988	-830.260563	-138.287543	-214.094098	-13.336345	-210.128525	-260.114368	-475.615866	-360.212078	-74.645071	-797.196005	-269.341757	-151.450462	-825.481314	-221.751466	-189.983138	-824.666433	
-31.438566	-172.382610	663.269882	-21.422577	-134.017260	414.321565	134.029100	-175.168120	441.376572	249.052089	-122.978893	182.051088	312.026948	-164.596906	-32.909000	308.958986	-132.534366	-137.099942	-177.167810	-154.534376	391.593890	-262.278270	-150.015379	122.276942	-329.101156	-367.839755	118.692932	-365.237401	-465.328676	84.980850	1.774847	-21.503630	198.186036	0.000000	0.000000	0.000000	76.210162	-238.226144	-15.203142	176.581685	-281.779048	-469.329917	258.416115	-24.184437	-762.545871	245.051050	-129.624845	-824.310764	249.670149	-190.540367	-822.701978	-137.590758	-214.746458	-9.504085	-203.768567	-273.438532	-471.193466	-359.754041	-95.991382	-794.487079	-264.330962	-167.571332	-821.455367	-214.683305	-203.391777	-819.947738	
-32.706060	-173.881317	661.793273	-21.814859	-135.243889	412.923799	132.340968	-179.021512	443.091521	246.302074	-118.842380	185.031357	301.665436	-137.020894	-35.218890	297.006342	-89.489624	-133.260934	-176.871973	-154.923821	385.282013	-255.265455	-163.660086	114.036793	-313.230935	-382.199216	142.431400	-345.585978	-485.037704	124.436430	4.559003	-20.692117	198.227931	0.000000	0.000000	0.000000	77.200572	-237.896329	-15.369718	164.884544	-281.056126	-472.153232	257.941898	-16.837369	-755.977528	247.182755	-122.453971	-817.949947	253.957702	-183.167790	-816.350776	-136.411534	-215.615733	-6.271722	-199.628231	-284.039420	-467.035430	-358.825693	-111.622966	-791.483352	-260.343210	-179.323625	-817.451855	-209.348271	-213.169095	-815.386090	
-34.821521	-175.408278	660.377275	-21.131895	-137.248580	411.572299	131.817791	-183.267715	444.423835	244.838308	-117.716490	187.260249	293.055008	-123.359212	-35.335890	287.780718	-66.873002	-128.473750	-175.772072	-156.852245	381.635889	-251.068291	-172.521127	109.825669	-304.709415	-388.491467	158.866915	-335.750990	-492.983356	150.848938	6.808809	-20.678546	198.164827	0.000000	0.000000	0.000000	78.742001	-237.362087	-15.803697	157.521091	-281.869805	-474.078008	257.287899	-14.304510	-752.435423	248.396933	-120.206864	-814.216072	256.639999	-180.738660	-812.610281	-134.916496	-216.605614	-4.139131	-198.696149	-290.995883	-463.899493	-358.216653	-120.440015	-789.171109	-258.209299	-186.158422	-814.393361	-206.583096	-219.002298	-811.886972	
-37.034072	-176.795265	659.219292	-19.374046	-139.714192	410.501375	132.660002	-187.338982	445.259372	245.398603	-119.547463	188.553260	288.119577	-122.951760	-35.207909	283.811363	-63.161629	-126.310876	-173.958557	-159.839837	380.623886	-249.853259	-175.444518	108.976471	-303.520706	-388.998702	167.628134	-335.687712	-493.381322	163.631282	8.471420	-21.443097	198.019417	0.000000	0.000000	0.000000	80.340177	-236.783571	-16.426086	154.562002	-284.481435	-475.140005	257.861793	-16.748942	-752.044173	249.158766	-122.859946	-813.492679	257.715220	-183.347823	-811.871321	-133.531896	-217.476615	-3.277182	-201.240798	-293.602920	-462.190722	-358.418818	-122.061681	-788.083944	-258.315047	-187.833922	-812.777855	-206.708227	-220.683073	-809.960704	
-38.647777	-177.835218	658.389865	-16.862407	-142.258070	409.779430	134.617750	-190.882995	445.556090	247.686826	-124.207851	188.702982	286.349457	-133.200022	-35.640668	284.300866	-74.430825	-127.483773	-171.678537	-163.451899	381.907145	-251.174807	-172.600775	110.996697	-308.368500	-385.487522	168.735041	-343.739354	-488.751145	163.082672	9.596043	-22.729507	197.824534	0.000000	0.000000	0.000000	81.290106	-236.412273	-17.087306	155.196366	-288.472090	-475.377679	259.753608	-23.477080	-754.434807	249.229695	-129.690923	-815.419013	256.860536	-190.299890	-813.701896	-132.846596	-217.894974	-3.338766	-206.867934	-291.730991	-461.651357	-359.550352	-116.992435	-787.982838	-260.585984	-184.584021	-812.354402	-209.555677	-218.305207	-809.345014	
-38.879644	-178.514325	657.882855	-13.922223	-144.684126	409.326766	137.306186	-193.944600	445.298484	250.879796	-131.732980	187.549654	285.782324	-151.258879	-36.740971	286.816246	-96.342746	-130.955198	-169.098857	-167.549145	385.006404	-254.473035	-165.208719	115.745188	-317.888199	-379.173298	161.824226	-358.133189	-480.007344	149.204462	10.256041	-24.253336	197.610350	0.000000	0.000000	0.000000	81.082245	-236.438840	-17.696454	157.950654	-293.428036	-474.911835	262.228732	-33.543967	-758.837540	248.075615	-139.704845	-819.176282	253.659246	-200.530741	-817.263569	-133.286717	-217.618020	-3.825392	-214.909991	-285.941110	-461.701952	-361.358464	-106.383717	-788.274619	-264.635807	-177.181328	-812.543277	-214.682489	-212.467588	-809.410719	
-36.788760	-179.100272	657.689320	-10.855597	-147.064048	408.995460	140.276067	-196.930111	444.536796	253.891320	-142.390479	185.074443	284.098995	-175.022816	-38.372102	288.723526	-125.451799	-135.400444	-166.330837	-172.214706	389.273113	-259.452680	-154.845775	123.148194	-331.398199	-369.871007	145.810800	-377.776917	-465.785200	121.399647	10.364601	-25.865304	197.400157	0.000000	0.000000	0.000000	79.536061	-236.922194	-18.240311	160.948485	-299.180189	-473.979694	264.399748	-46.179553	-764.351813	245.216576	-152.018129	-823.861546	247.783735	-213.036823	-821.681252	-134.996523	-216.547962	-4.528147	-225.088083	-277.096884	-461.910575	-363.356572	-91.340480	-788.581820	-270.119119	-166.616483	-813.012180	-221.823884	-204.129779	-809.757962	
-31.570718	-180.143569	657.757724	-8.186245	-149.650151	408.617598	142.838390	-200.379457	443.383786	255.297684	-156.276154	181.445786	279.101739	-203.267951	-40.209057	287.542263	-159.868396	-139.900618	-163.744322	-177.509426	393.797943	-265.964824	-142.963503	132.735924	-348.503617	-354.945112	119.441312	-401.808499	-441.552225	79.388597	9.550769	-27.565499	197.211022	0.000000	0.000000	0.000000	76.616251	-237.848803	-18.673964	162.291121	-305.745848	-472.823977	265.575922	-60.896609	-770.159734	240.311300	-165.991284	-828.708985	239.063588	-227.040038	-826.235540	-137.958098	-214.649530	-5.543273	-237.753136	-265.851409	-462.052489	-364.913899	-72.493422	-788.825421	-277.006528	-153.774418	-813.770071	-231.266988	-194.349320	-810.329296	
-23.173325	-182.348679	657.815111	-6.923348	-152.643890	408.013093	143.877252	-204.565448	441.982515	253.359389	-172.650555	177.031933	268.687665	-235.084829	-41.537820	280.418399	-198.978080	-143.772176	-162.339384	-183.075700	397.343639	-273.732024	-130.555838	143.120953	-367.939777	-329.328348	83.623136	-427.870604	-400.460660	26.221806	7.221479	-29.316411	197.057502	0.000000	0.000000	0.000000	72.101303	-239.242907	-18.842865	160.405153	-313.254572	-471.531643	265.176156	-77.408501	-775.549933	233.029561	-181.186869	-833.063872	227.355669	-241.972460	-830.317234	-142.255193	-211.784019	-6.969536	-253.560756	-252.280320	-461.889824	-365.317579	-50.026623	-788.909049	-285.739052	-139.199940	-814.830459	-244.058549	-183.912164	-811.112983	
-12.872357	-186.256560	657.256535	-8.550406	-155.889778	407.043299	141.888563	-209.152024	440.537185	246.415858	-189.635314	172.401300	251.007976	-268.962781	-41.121057	264.174945	-242.033564	-145.976287	-163.779320	-187.931219	398.593023	-282.491284	-117.529846	152.124067	-386.797083	-289.102983	44.381034	-451.175816	-338.832254	-28.617600	2.861220	-30.842994	196.935990	0.000000	0.000000	0.000000	65.471716	-241.162051	-18.577938	154.332422	-321.848194	-470.015583	262.634124	-95.442530	-779.916648	223.043680	-197.214443	-836.363800	212.540920	-257.343786	-833.400820	-148.202359	-207.598178	-8.754575	-272.687499	-235.958299	-461.170866	-363.829077	-24.139692	-788.529705	-297.089233	-122.886678	-815.940795	-261.761429	-172.749400	-811.950533	
-3.254284	-191.856079	655.386425	-14.275840	-158.712954	405.731577	135.672233	-213.243714	439.385140	233.963000	-204.487041	168.339100	225.752218	-301.955091	-37.423612	237.181779	-286.275988	-144.739510	-169.461447	-190.874810	396.949824	-291.661483	-102.832525	157.969621	-401.906099	-237.787352	11.140056	-467.096523	-263.965663	-72.593611	-3.538787	-31.660583	196.795186	0.000000	0.000000	0.000000	56.504560	-243.472682	-17.863592	144.374325	-331.374311	-468.146429	257.778007	-114.146394	-782.755855	210.638892	-213.247579	-838.145976	195.231199	-272.304068	-835.054180	-155.865932	-201.811891	-10.740443	-293.871179	-217.005070	-459.856315	-359.917232	3.748273	-787.337000	-311.183451	-104.540234	-816.580112	-284.830926	-159.674546	-812.577725	
2.468728	-198.096417	652.118448	-23.861871	-160.258624	404.282846	125.490979	-215.839795	438.852344	217.994990	-214.699372	165.639208	196.288524	-330.067516	-29.616399	202.594185	-326.513098	-138.431728	-179.137103	-191.226744	393.117959	-299.858564	-86.202996	160.325839	-412.444090	-186.734747	-10.388741	-475.526945	-192.989472	-99.427239	-11.208400	-31.430474	196.544545	0.000000	0.000000	0.000000	46.219275	-245.707309	-16.808243	132.742367	-341.144204	-465.816015	251.496719	-131.643176	-783.674752	197.518656	-227.752096	-838.086615	177.666284	-285.465472	-834.976218	-164.292144	-194.892324	-12.753779	-314.321752	-197.634070	-458.247826	-354.131827	29.936538	-785.302097	-326.027076	-84.990185	-816.261961	-309.999049	-143.992051	-812.776406	
1.755777	-202.925835	648.660770	-35.309365	-160.129648	403.014386	113.442757	-216.413513	439.007769	202.896767	-219.305913	164.793757	170.081857	-350.153002	-18.803499	169.499451	-357.434834	-127.614376	-190.672850	-189.399965	388.889488	-305.701881	-69.853795	160.256890	-420.332790	-148.199572	-20.428737	-481.226108	-142.339535	-111.005147	-18.726827	-30.361099	196.139671	0.000000	0.000000	0.000000	37.112944	-247.331308	-15.513662	123.382987	-350.148048	-462.938095	245.902392	-145.390612	-782.454669	186.836516	-238.901777	-836.102510	163.667971	-295.369580	-833.064276	-171.473701	-188.463903	-14.687156	-330.848265	-182.662577	-456.894619	-348.626140	49.324173	-782.783886	-338.186859	-68.196210	-814.978960	-331.118247	-128.979141	-812.583750	
-6.231197	-204.588277	646.904892	-46.008065	-158.740766	402.235133	102.357996	-215.199879	439.524153	193.254784	-219.054751	165.796873	155.494056	-361.549164	-7.913233	148.978787	-376.645817	-115.722386	-201.420102	-186.749058	386.212924	-309.060880	-57.690310	159.159776	-428.128222	-130.422272	-21.003016	-489.424264	-121.668179	-111.072898	-24.658296	-29.190699	195.660759	0.000000	0.000000	0.000000	32.052304	-248.123468	-14.078867	120.608808	-357.505094	-459.495337	243.372488	-153.177143	-779.193039	181.919627	-245.383930	-832.415787	157.110562	-301.156384	-829.488549	-175.379318	-184.682086	-16.498702	-341.189378	-177.563682	-456.314230	-345.808306	57.871730	-780.176163	-345.610139	-59.906136	-813.113631	-343.926637	-121.115372	-812.185031	
-21.089147	-202.933990	647.670735	-54.383222	-156.992761	402.052347	94.163854	-212.846181	439.532373	191.303193	-215.115586	167.939832	157.307909	-365.140428	-0.115513	148.148364	-384.545860	-107.039332	-209.856534	-184.704125	386.108501	-310.783969	-52.565743	157.747097	-436.337016	-136.285688	-12.995413	-501.208969	-133.565594	-100.919546	-28.277521	-28.692392	195.244435	0.000000	0.000000	0.000000	32.511257	-248.144487	-12.575836	127.121783	-362.555084	-455.477055	245.088844	-153.957286	-774.221756	184.441813	-246.712151	-827.416487	159.883485	-302.600779	-824.592525	-175.079397	-184.813865	-18.128034	-344.383525	-184.985223	-456.668145	-346.266181	54.456666	-777.607013	-348.343150	-63.201800	-810.904362	-348.130788	-124.437980	-811.497742	
-41.796016	-199.460398	649.860845	-60.119418	-155.779328	402.265002	89.556247	-209.926933	437.702595	196.497138	-207.695461	169.817589	175.318248	-361.095654	2.708142	167.772532	-381.705982	-104.116236	-215.665470	-184.236793	388.492741	-311.179721	-55.227029	156.050622	-441.904613	-163.369046	3.925974	-511.682323	-174.314679	-79.486774	-29.777264	-29.263611	194.936443	0.000000	0.000000	0.000000	38.124477	-247.416339	-11.067946	143.284990	-364.561366	-450.864188	250.531117	-147.788819	-767.937341	193.907652	-242.860122	-821.476460	171.416709	-299.615669	-818.721399	-170.774133	-188.664334	-19.482041	-340.376136	-203.472319	-457.656927	-348.610159	40.494258	-775.068694	-346.830922	-77.157875	-808.405638	-344.995388	-138.342791	-810.223281	
-66.287012	-196.530485	651.261882	-63.224957	-155.882054	402.493288	88.629069	-206.901474	432.955790	206.590910	-196.196475	169.946061	205.363505	-348.616907	0.617278	202.935777	-368.115697	-106.653755	-218.789806	-185.814873	392.609920	-309.536992	-64.935765	153.969983	-439.748668	-204.367856	29.353720	-512.696265	-233.767317	-46.545833	-29.765249	-30.965804	194.675139	0.000000	0.000000	0.000000	47.620043	-245.815889	-9.884338	167.638931	-362.729798	-445.922215	258.198608	-135.699368	-761.015189	208.432204	-234.226709	-815.115787	189.559955	-292.286980	-812.382980	-163.194950	-195.134950	-20.672319	-329.886287	-229.101748	-458.897833	-350.784309	18.815059	-772.646536	-341.305922	-98.529915	-805.765399	-335.834430	-159.470159	-808.337648	
-90.996899	-196.085833	650.101269	-63.775052	-157.684251	402.448743	90.788640	-204.250446	425.519182	218.215999	-180.866323	167.800030	240.322129	-328.158883	-4.600527	244.515419	-345.316093	-112.216593	-219.237909	-189.298415	397.357446	-305.407529	-79.395599	151.813158	-427.586189	-248.217113	59.632501	-499.966929	-296.375225	-6.611344	-28.744992	-33.599142	194.391574	0.000000	0.000000	0.000000	59.197819	-243.298760	-9.599558	196.900574	-356.943333	-441.253688	266.396522	-120.024116	-754.410280	225.297220	-222.188000	-809.041724	211.043045	-281.549981	-806.285130	-153.539250	-202.661810	-22.169225	-314.941231	-257.028226	-460.318788	-351.208219	-6.509499	-770.581245	-332.432735	-122.842815	-803.301004	-322.430405	-183.189522	-806.215676	
-111.557755	-198.174434	646.488926	-62.394217	-160.764230	402.089851	94.496465	-202.511203	417.357295	227.797828	-164.241305	164.434636	272.195868	-303.724238	-10.147885	282.548529	-318.724853	-117.669860	-217.630406	-193.863957	401.630815	-300.120720	-94.624123	150.348835	-410.085415	-284.228047	88.029337	-479.169482	-347.092625	31.267918	-27.167431	-36.690125	194.059337	0.000000	0.000000	0.000000	70.305392	-240.288736	-10.454423	225.935262	-348.876117	-437.292274	273.772074	-104.442302	-748.726380	241.339372	-209.517686	-803.667168	231.735918	-269.804630	-800.859480	-143.822629	-209.430503	-24.320791	-299.416149	-282.414274	-461.865500	-349.530303	-30.306416	-768.896311	-322.092621	-145.038746	-801.148567	-307.808515	-204.513433	-804.147381	
-124.692702	-200.827576	642.575501	-60.437230	-163.997256	401.614413	97.852522	-201.998535	411.145830	233.252289	-150.465729	161.716516	295.325210	-282.443645	-13.310663	310.181735	-296.967031	-120.369181	-215.413842	-198.156783	404.689010	-296.810874	-106.142889	150.319600	-396.899555	-306.467427	108.154004	-463.012244	-377.798372	58.279853	-25.716966	-39.618084	193.680939	0.000000	0.000000	0.000000	78.127193	-237.784027	-12.071390	249.149264	-342.239745	-434.022666	279.741211	-93.151889	-743.936890	253.791364	-200.005560	-798.892372	247.670127	-260.742681	-796.036215	-136.653360	-213.872854	-26.867212	-288.323181	-301.514374	-463.097169	-346.776396	-47.545916	-767.105332	-313.243838	-160.761986	-798.952324	-295.912854	-219.422531	-801.926287	
-129.533276	-201.840632	640.756414	-59.255090	-166.263147	401.293048	99.606079	-202.329107	408.570836	234.447737	-142.713198	160.644677	307.615875	-271.326881	-12.591219	324.737053	-288.386624	-118.935009	-214.144379	-200.612556	406.141067	-298.279582	-110.589007	151.950473	-396.175254	-313.331758	116.773547	-462.101543	-386.742062	69.751489	-25.175698	-41.828145	193.286967	0.000000	0.000000	0.000000	80.765792	-236.808539	-13.763092	262.690866	-340.956212	-431.206448	284.256573	-89.281118	-739.787103	261.064051	-196.894616	-794.492207	256.393639	-257.758893	-791.602212	-134.063536	-215.213632	-29.114368	-285.578908	-312.242038	-463.406812	-344.384741	-54.966634	-764.552889	-308.443399	-167.510195	-796.155239	-289.870388	-225.791023	-799.097243	
-127.074872	-200.595766	641.761282	-59.366686	-167.104538	401.258842	99.506984	-202.821113	409.865464	232.083182	-141.800106	161.060926	308.963228	-273.751182	-8.007414	325.769396	-297.155482	-113.188033	-214.572655	-200.077363	405.498772	-304.821725	-106.494442	154.713661	-410.126210	-304.443070	114.057689	-479.276669	-374.050188	65.896652	-25.865821	-43.062187	192.924515	0.000000	0.000000	0.000000	77.873460	-237.696980	-15.056223	265.390176	-346.911672	-428.713155	287.170785	-93.929976	-736.208390	262.756263	-201.484542	-790.496078	257.361573	-262.287934	-787.585774	-136.540090	-213.463603	-30.457826	-292.237264	-313.959199	-462.476775	-342.948390	-51.822731	-760.890202	-308.446850	-164.826552	-792.454771	-290.534148	-223.313767	-795.395470	
-119.199082	-198.238298	644.595031	-60.836820	-166.843524	401.375585	97.517516	-203.480127	414.500147	226.533189	-147.176613	162.729258	299.472961	-288.274773	-0.601175	312.786045	-321.208507	-103.709381	-216.763871	-196.516085	401.984530	-314.550290	-94.162677	157.531210	-435.302598	-279.546563	102.966599	-510.062096	-340.183072	51.191571	-27.431207	-43.504615	192.608770	0.000000	0.000000	0.000000	70.199156	-240.017694	-15.950075	257.973367	-359.619904	-426.606358	288.076503	-106.496867	-733.282054	259.108879	-213.151152	-787.105347	251.169460	-273.674094	-784.178876	-143.201713	-209.020395	-30.681088	-306.825549	-307.014084	-460.338887	-341.982553	-39.425527	-756.139611	-312.276700	-153.740155	-787.861368	-296.698377	-212.890368	-790.833767	
-108.581501	-196.401270	647.551850	-64.127053	-166.262997	401.253309	92.938559	-205.092674	421.581620	217.593032	-158.155739	165.726395	279.218923	-310.209113	7.651246	285.524926	-353.424780	-92.277786	-220.785288	-191.029719	395.017609	-324.801000	-74.824090	159.490937	-465.059238	-239.771610	88.458945	-545.930572	-287.787694	32.774968	-29.384349	-43.621347	192.294043	0.000000	0.000000	0.000000	58.776864	-243.007917	-16.830105	241.789525	-377.359877	-425.068200	286.333809	-125.562191	-731.076672	250.436856	-230.306120	-784.474468	238.656912	-290.198442	-781.513428	-152.743300	-202.246843	-30.054681	-326.984695	-292.235337	-457.282201	-340.662385	-20.062410	-750.663418	-318.353605	-135.967825	-782.675837	-306.423367	-195.957458	-785.705745	
-98.627137	-195.904039	649.099025	-69.916473	-166.038564	400.440151	84.832225	-208.369137	429.621542	205.100192	-173.803222	169.728249	249.678958	-333.796154	13.777209	246.144552	-384.788746	-82.557803	-226.723938	-185.332680	385.168188	-332.859952	-50.401896	160.836603	-491.970165	-189.694459	75.941822	-577.776524	-224.092554	17.628340	-31.633904	-43.709243	191.916803	0.000000	0.000000	0.000000	44.760474	-245.881923	-18.149377	218.540082	-397.875167	-424.229575	281.295591	-149.109478	-729.524238	237.156899	-250.845356	-782.560015	220.832624	-309.657533	-779.515191	-163.860123	-193.481019	-29.198300	-350.251730	-271.001522	-453.733442	-338.479759	3.508046	-745.012754	-325.242540	-113.690090	-777.353362	-317.823144	-174.399162	-780.456279	
-92.236615	-196.432724	648.579644	-77.731958	-166.522070	398.694767	73.866598	-213.228401	436.470252	190.283910	-191.584309	173.445058	216.361986	-353.278382	15.076209	202.474409	-407.051752	-78.778631	-233.944325	-181.285930	374.740609	-336.653935	-25.045043	162.997011	-510.337522	-139.148924	69.509485	-599.156198	-162.358657	10.188549	-34.235999	-43.743019	191.462021	0.000000	0.000000	0.000000	30.351876	-247.929673	-20.011522	192.022728	-418.077935	-423.885922	273.334159	-173.562527	-728.234603	221.086588	-271.540602	-780.976378	200.317435	-328.926092	-777.786883	-174.670717	-183.863365	-28.670347	-373.350478	-246.806299	-450.032290	-335.612353	27.175234	-739.596916	-331.640536	-90.621838	-772.225376	-328.842765	-151.714521	-775.407124	
-90.158598	-197.249783	646.565677	-85.057302	-168.236066	396.206603	63.567034	-219.080734	439.981223	177.199406	-207.208312	175.121941	189.334988	-364.330486	10.589022	168.344114	-415.834869	-83.218510	-240.567273	-180.695147	366.957721	-336.449100	-5.641715	167.060745	-519.049093	-102.763033	71.403577	-609.269460	-120.964928	12.451064	-36.780878	-43.944910	190.943114	0.000000	0.000000	0.000000	19.430995	-248.853789	-22.023810	169.897180	-434.365753	-423.455827	265.234452	-193.389925	-726.554669	206.920427	-288.006904	-779.074267	182.872558	-344.087221	-775.709274	-182.484921	-176.110557	-28.668980	-392.056425	-226.813462	-446.389397	-333.378621	44.905087	-734.597073	-336.611673	-72.849386	-767.460019	-337.373995	-133.997422	-770.716324	
-91.169622	-198.056840	644.191163	-88.817157	-171.869978	393.479778	58.433357	-225.383105	438.692850	171.076435	-216.939950	173.280040	178.288067	-365.568427	0.759608	155.535769	-412.046202	-95.236854	-244.224223	-184.759722	363.872761	-335.253565	2.192394	172.670264	-521.388964	-93.359749	82.398435	-611.855957	-115.456933	25.180779	-38.415878	-44.848131	190.410416	0.000000	0.000000	0.000000	15.597988	-248.985535	-23.531384	160.746554	-444.308830	-422.258271	261.247012	-203.543286	-723.852475	200.472828	-296.668643	-776.248782	175.191175	-352.194869	-772.741473	-185.221229	-173.163206	-29.072073	-403.022854	-219.231366	-443.102898	-333.729956	51.154225	-730.205399	-340.033089	-66.419885	-763.268083	-342.205046	-127.530803	-766.585509	
-93.487549	-199.577677	641.993096	-87.308496	-177.602245	390.942535	61.044261	-231.510596	431.880780	174.672359	-218.815876	167.057803	187.219132	-357.064332	-13.595662	167.354702	-397.836909	-112.773142	-243.207442	-193.896024	365.960374	-336.163533	-3.460653	179.173425	-519.079395	-115.250373	101.904754	-607.440534	-149.828082	47.654283	-38.530589	-46.725185	189.935283	0.000000	0.000000	0.000000	19.953835	-248.647925	-23.809113	169.118620	-446.828194	-419.633409	263.978054	-201.638234	-719.485080	205.014074	-295.894020	-771.928406	180.896892	-351.932371	-768.366140	-182.341323	-176.128032	-29.464280	-404.363779	-228.970729	-440.432679	-337.453547	43.128229	-726.479698	-341.756268	-74.481580	-759.735692	-342.706244	-135.621233	-763.098335	
-95.335714	-203.367899	639.547120	-80.295472	-185.209726	388.565933	71.291336	-236.894175	419.237547	187.103940	-212.172276	156.216676	213.737452	-338.200775	-31.701404	200.083124	-373.118507	-134.109815	-236.529570	-208.350376	372.770559	-339.922890	-22.486759	186.866370	-508.406708	-163.784965	127.086591	-590.206694	-215.168945	75.950780	-37.146420	-49.447242	189.521436	0.000000	0.000000	0.000000	31.351639	-247.620879	-22.176456	194.076775	-440.930115	-415.056202	272.837162	-187.700794	-712.880254	219.875731	-285.310278	-765.593459	199.232104	-342.722548	-762.086744	-174.264032	-184.145575	-29.326438	-394.413835	-256.201590	-438.378197	-343.141770	20.557426	-723.182238	-340.493154	-97.048269	-756.625131	-337.700299	-158.129560	-760.022608	
-94.525644	-210.868293	635.979190	-68.305876	-194.535969	385.792733	87.141636	-241.380940	401.031179	204.783338	-197.400349	141.358601	250.741094	-307.876272	-52.519419	245.172135	-336.388827	-157.634556	-223.365914	-228.330602	382.897176	-345.256332	-54.058691	196.972844	-484.764381	-228.369138	151.377074	-555.679171	-294.476603	100.906113	-34.703354	-52.813040	189.075966	0.000000	0.000000	0.000000	47.800797	-245.274728	-18.606763	230.675851	-425.709795	-408.737929	284.925659	-163.623408	-704.364614	241.497574	-265.591726	-757.540455	226.226041	-324.669622	-754.192695	-161.733663	-195.336440	-28.696388	-371.428466	-296.773053	-437.010055	-347.596431	-14.821008	-720.334600	-333.955705	-131.632459	-753.883927	-325.434876	-192.179582	-757.305680	
-88.543408	-222.228242	630.865395	-52.213619	-205.355468	381.982008	105.882786	-245.209287	379.190862	222.827142	-176.414720	124.642173	288.439255	-266.607021	-74.018671	291.152157	-287.519037	-181.016330	-203.093496	-253.141052	394.059987	-350.061898	-96.349792	210.722540	-448.452452	-296.936588	165.891323	-507.746584	-370.411041	110.826515	-31.622992	-56.975668	188.406530	0.000000	0.000000	0.000000	67.000816	-241.040719	-14.180361	271.875506	-401.630935	-402.045762	296.916532	-133.118476	-695.816863	265.246692	-239.057823	-749.529828	256.505724	-299.460763	-746.414477	-145.944030	-207.434883	-28.437558	-335.350068	-342.945881	-436.779901	-347.226158	-58.898273	-718.761522	-320.225071	-173.381580	-752.243688	-304.895633	-232.572335	-755.668573	
-76.174341	-235.415627	624.791485	-33.845136	-216.930655	376.972945	124.900232	-248.743167	357.518818	236.654477	-153.206383	109.350686	317.072364	-218.920621	-93.430806	326.502543	-230.566770	-201.452148	-176.988441	-280.085437	403.722609	-351.911710	-145.108842	227.714092	-405.098077	-356.780745	162.202127	-457.409247	-426.952115	96.735016	-28.136735	-62.399457	187.237531	0.000000	0.000000	0.000000	85.753469	-235.193916	-10.999287	309.721997	-372.277849	-397.326246	306.576224	-101.933644	-690.467114	286.833400	-210.502155	-744.636348	284.643602	-271.507720	-741.781378	-129.395040	-217.963270	-29.774520	-290.971507	-384.699217	-438.520793	-340.383371	-104.393185	-720.167229	-300.091317	-214.990461	-753.353592	-278.122438	-272.053067	-756.743928	
-59.891088	-246.700110	618.936631	-16.847402	-228.267315	371.237302	141.293698	-252.543632	339.731052	243.343594	-133.188571	97.772589	330.069108	-173.529578	-109.005118	342.890386	-174.731481	-217.297968	-150.481010	-304.864626	409.564675	-349.398064	-191.605369	244.034689	-366.059849	-390.461604	134.015670	-420.766848	-444.295697	56.198853	-24.663217	-69.277504	185.298716	0.000000	0.000000	0.000000	99.931802	-229.503383	-11.517466	336.778269	-344.827329	-397.272006	313.494932	-77.223177	-692.014872	303.265142	-186.985265	-746.410111	306.228920	-247.968751	-743.791815	-116.284620	-224.686621	-33.636212	-249.407282	-412.730709	-443.391168	-329.651451	-141.435989	-726.759775	-278.943397	-247.816775	-759.445606	-251.883612	-302.653289	-762.760991	
-45.650754	-252.953472	614.077534	-5.542655	-238.707177	365.610499	151.921740	-257.453067	327.608567	242.244019	-120.657105	90.263964	326.045444	-138.402039	-120.847784	338.303025	-128.811744	-228.787346	-132.158504	-323.664285	409.710309	-344.321046	-223.321515	252.502757	-347.719473	-377.454723	84.702260	-414.319203	-401.612080	1.471735	-22.065315	-77.109416	182.511701	0.000000	0.000000	0.000000	106.268480	-226.273957	-17.260552	348.558986	-326.685491	-403.803254	318.719161	-64.888710	-703.134983	313.376554	-175.056131	-757.410231	318.902094	-235.867396	-754.943752	-110.604584	-226.493701	-40.060139	-223.395922	-421.999063	-452.415707	-321.000878	-161.154051	-740.114979	-264.843702	-264.955022	-772.181656	-235.248040	-318.471067	-775.406049	
-38.831574	-253.294677	610.370004	-2.171095	-247.598787	361.028771	155.215457	-263.861699	321.587912	235.209951	-116.631270	86.794830	308.174571	-114.557875	-129.023605	316.739749	-92.459888	-235.473066	-128.545728	-333.746209	403.480517	-340.103589	-229.778716	247.821075	-356.841890	-310.908489	35.539680	-436.536589	-296.953255	-37.947930	-21.033328	-84.876891	179.155724	0.000000	0.000000	0.000000	104.254341	-226.166607	-27.758213	344.810056	-320.166409	-416.987465	323.170228	-66.604460	-724.014351	317.209477	-177.001285	-777.756486	322.271326	-237.852919	-775.290455	-113.171596	-223.692238	-47.870219	-219.193288	-411.783949	-465.437286	-318.868718	-159.305830	-759.813452	-262.835350	-263.387142	-791.180375	-233.542235	-317.073134	-794.341805	
-40.054131	-248.571814	607.910035	-5.004864	-253.934452	358.329837	153.039726	-270.750687	321.864612	226.159013	-118.441983	88.071245	282.727094	-96.007246	-131.479355	286.820508	-56.733707	-233.135660	-138.530556	-332.783659	392.208578	-335.586716	-209.163968	231.949812	-375.196509	-210.874348	7.553421	-457.803877	-159.940406	-42.727575	-21.006426	-91.656935	175.786795	0.000000	0.000000	0.000000	96.833955	-227.477309	-40.842122	329.592679	-320.470109	-435.022464	326.739795	-78.726370	-752.164827	315.579378	-189.180268	-804.952971	317.716603	-250.195507	-802.270081	-120.623726	-217.985508	-55.405959	-232.615377	-384.043097	-480.687154	-322.068207	-137.634782	-783.373217	-270.814682	-244.381508	-813.946970	-244.171592	-299.429674	-817.126938	
-44.644075	-240.432389	607.036836	-8.686196	-256.834268	358.067975	150.514554	-275.645809	328.204324	219.945368	-120.822325	94.938894	258.153457	-75.414776	-125.024803	260.024158	-14.693114	-215.592741	-152.504777	-320.516475	379.395641	-324.273717	-170.340925	212.846654	-378.043339	-108.218427	0.302012	-450.190823	-29.620337	-23.436210	-20.006568	-97.070984	172.974629	0.000000	0.000000	0.000000	89.573275	-227.739644	-53.871171	310.929452	-318.840695	-455.000162	329.405302	-93.367108	-783.401986	311.046199	-203.470596	-834.893459	309.275081	-264.474476	-831.728845	-127.241539	-212.507669	-61.544022	-251.815812	-344.048362	-495.317746	-325.082642	-103.805675	-807.172107	-280.956106	-213.919001	-836.911747	-258.073982	-270.625578	-840.234317	
-46.758407	-230.696602	608.187771	-7.580933	-255.890697	360.442200	152.907782	-275.854424	339.575658	220.565984	-118.552516	107.450288	242.198302	-49.829658	-108.686111	245.002890	30.993162	-181.850155	-159.562393	-300.712260	369.755643	-302.554248	-127.456901	198.490527	-359.820528	-24.495496	3.438934	-413.737847	70.538809	0.641461	-15.908462	-100.809887	171.252879	0.000000	0.000000	0.000000	87.368954	-225.763699	-64.716597	296.949094	-308.798816	-473.842202	332.024593	-102.368388	-813.229357	307.463535	-211.945773	-863.236934	302.479531	-272.730489	-859.363556	-128.572933	-210.437687	-65.746225	-265.764399	-300.255653	-506.305621	-323.693553	-68.252967	-827.485767	-286.226056	-180.985060	-856.540950	-266.709379	-238.919730	-860.138218	
-44.147727	-220.183880	611.660568	0.116823	-250.626866	365.365301	161.682908	-269.775650	354.396488	229.046020	-108.851448	124.680746	238.347145	-20.680264	-85.188411	243.312847	73.825689	-139.383777	-156.160750	-278.372786	366.614722	-274.935895	-90.424774	192.362492	-331.816128	33.177791	9.571226	-366.500767	136.450339	18.413113	-8.171669	-101.829688	171.193456	0.000000	0.000000	0.000000	91.064087	-222.022839	-72.138833	290.303139	-289.821788	-489.163447	334.934779	-102.045934	-838.127196	306.912770	-211.445393	-886.683677	300.306045	-272.023230	-882.068269	-123.997115	-212.570407	-67.647045	-270.852905	-260.150750	-511.663751	-318.209921	-38.472093	-841.744961	-285.225706	-152.646631	-870.602513	-267.787966	-211.216651	-874.570501	
-38.958887	-208.455341	617.281343	11.500249	-240.635466	372.402189	173.685561	-257.502350	370.979696	243.151444	-92.254654	144.989874	246.235810	9.451850	-58.853216	252.973273	111.185233	-97.558468	-146.466447	-255.977283	370.115595	-250.056602	-61.434890	193.428961	-308.054045	68.239297	15.253475	-326.448405	175.368811	26.713712	1.436017	-98.967714	173.050832	0.000000	0.000000	0.000000	97.607079	-217.976721	-75.827614	287.613246	-266.229031	-499.822658	336.913313	-94.408498	-856.297988	308.150817	-204.133940	-903.671533	301.355967	-264.652186	-898.572818	-116.496342	-216.983377	-66.965675	-269.644715	-226.850343	-511.296144	-311.589798	-16.434697	-849.384276	-280.951186	-131.090452	-878.911807	-264.371230	-189.879683	-883.293396	
-34.651411	-195.326659	624.382041	22.063286	-226.533735	380.749025	184.354037	-240.800121	387.732780	259.946558	-71.920445	166.443070	264.456406	37.720033	-33.217538	272.779745	142.691343	-61.588602	-136.458389	-234.182311	378.208397	-234.844136	-39.370603	198.863832	-297.630872	86.896133	19.866237	-304.690589	195.691416	27.623113	10.074353	-92.346907	176.391092	0.000000	0.000000	0.000000	103.268934	-215.216203	-76.212422	284.270341	-243.486581	-505.911970	336.595337	-83.974303	-867.637531	308.704493	-194.250034	-914.248373	302.430808	-254.827336	-909.183155	-110.084842	-221.261984	-63.734193	-265.799340	-200.489379	-506.794957	-306.555186	-0.983714	-851.576293	-276.968145	-115.442942	-882.884983	-260.524351	-174.236121	-887.704812	
-33.212606	-181.578056	632.189007	28.859123	-209.896712	389.510952	190.838531	-222.392150	403.551101	278.263031	-52.340794	187.580726	291.985430	60.259784	-10.000997	302.960265	166.469434	-32.187352	-129.819477	-213.669913	388.540546	-232.160313	-23.135685	206.829536	-303.899306	93.909354	24.951616	-305.650403	203.188009	26.189222	15.825828	-83.311228	180.421849	0.000000	0.000000	0.000000	105.868834	-214.721278	-74.009343	277.714057	-225.469020	-508.239847	333.741433	-74.578917	-873.096755	306.937501	-185.251306	-919.404187	301.082422	-245.912304	-914.866965	-107.362026	-224.059506	-58.380804	-261.538786	-180.266234	-500.300506	-304.374186	9.816344	-850.116831	-275.296596	-103.956980	-884.273331	-258.718504	-162.671733	-889.565926	
-34.762283	-168.010079	640.081467	31.250948	-192.226869	398.000314	192.627094	-204.487373	417.950506	298.674008	-37.665138	207.883603	327.953310	72.859906	10.823539	344.268383	179.119841	-7.501738	-127.441224	-195.139862	399.544945	-241.389898	-11.840096	217.301358	-325.892733	92.238642	33.039346	-328.461352	201.373267	27.611804	18.452155	-73.150880	184.531102	0.000000	0.000000	0.000000	105.101290	-216.497937	-69.808181	267.513738	-213.455059	-507.775489	328.994100	-67.999951	-873.959090	302.717470	-178.753784	-920.373891	296.798318	-239.458082	-916.555922	-108.632906	-225.105516	-51.613793	-257.768545	-165.095031	-493.358798	-304.848472	17.839523	-846.425575	-276.173870	-94.897445	-884.170575	-259.466167	-153.528280	-889.962364	
-38.510999	-154.811204	647.551807	30.057033	-174.379707	405.760609	190.639499	-188.059669	430.594475	321.961081	-30.336052	227.908480	370.453117	72.303136	30.375063	396.156277	177.121514	14.702591	-128.534996	-178.880876	410.491843	-260.039872	-4.600010	231.247660	-360.017599	83.314722	46.312386	-368.964978	191.684396	35.249805	18.710943	-62.352975	188.428416	0.000000	0.000000	0.000000	102.037673	-219.746194	-63.958921	254.563219	-206.432789	-505.276422	323.245845	-64.145717	-871.424670	296.870403	-174.701728	-918.253198	290.423182	-235.388864	-915.070442	-112.501156	-224.793333	-44.147851	-254.880319	-153.987984	-486.523397	-306.973165	24.265558	-841.276451	-278.774226	-87.231829	-882.866046	-262.049575	-145.808239	-889.139576	
-43.687581	-141.977786	654.103427	26.429930	-156.862847	412.422948	186.118215	-173.353840	441.028706	347.728601	-31.183493	249.004267	415.867245	57.058066	50.317871	454.951824	157.876308	36.131650	-131.856150	-164.923641	421.061079	-284.862057	-0.647796	249.601261	-401.331504	67.302764	65.908063	-421.202593	173.609550	50.083099	17.320655	-50.885710	191.973697	0.000000	0.000000	0.000000	98.170641	-223.496795	-56.590883	240.284440	-202.442526	-501.071266	317.299157	-62.255631	-866.370898	290.469080	-172.462464	-913.760849	283.223860	-233.080639	-911.009731	-117.251759	-223.760567	-36.343073	-253.174752	-146.290118	-479.631485	-309.678692	29.434388	-834.970650	-282.109227	-80.807751	-880.171727	-265.502113	-139.372625	-886.852013	
-49.780805	-129.897064	659.295745	21.302349	-140.225619	417.659674	180.036136	-160.611353	448.942215	374.055768	-40.194306	272.704230	459.471343	27.199017	72.534175	513.657449	120.753194	58.228473	-136.314673	-153.349042	431.028560	-312.418036	0.502760	272.557558	-444.455802	43.775191	91.949898	-477.951753	145.692608	71.038566	14.630156	-38.785947	194.999666	0.000000	0.000000	0.000000	94.452715	-227.131838	-47.755973	226.060705	-199.812260	-495.120929	311.680064	-61.843753	-859.348151	284.317490	-171.676326	-907.299188	276.209135	-232.195017	-904.775751	-121.916874	-222.438199	-28.197670	-252.737914	-141.654884	-472.428757	-312.169414	33.331742	-827.654455	-285.494940	-75.857848	-875.848310	-269.157048	-134.465135	-882.814386	
-56.329927	-119.351759	662.831321	15.381162	-125.152743	421.229680	173.056808	-150.271162	454.366465	397.863836	-56.469593	299.877708	496.393492	-15.794768	98.524296	564.040596	68.119372	81.927379	-141.046908	-144.323222	440.119587	-339.432098	-0.955305	299.106160	-484.348647	12.537351	123.770071	-531.591897	107.025061	95.724211	10.900373	-26.432434	197.296146	0.000000	0.000000	0.000000	90.986012	-230.417632	-37.683958	213.087005	-197.594170	-487.368729	306.626170	-62.759068	-850.820752	278.794861	-172.281288	-899.209886	269.899378	-232.693091	-896.778953	-126.352800	-220.870964	-19.712237	-253.245224	-139.926746	-465.052212	-313.945807	35.956925	-819.619685	-288.548021	-72.592698	-869.903615	-272.661621	-131.307472	-877.007457	
-62.681509	-111.161134	664.725204	9.258451	-112.367730	423.124974	165.684518	-142.753607	457.739633	415.759491	-77.436819	329.677402	522.761279	-68.914284	128.720404	599.866238	4.955686	106.556828	-145.391664	-137.937029	448.097553	-363.064156	-4.931800	326.754545	-516.936411	-26.022322	160.008869	-576.032747	57.432512	121.416951	6.509618	-14.685190	198.708910	0.000000	0.000000	0.000000	87.498829	-233.258451	-26.930839	202.478528	-195.619877	-478.113100	302.277733	-64.835843	-841.380368	274.062403	-174.154007	-890.007939	264.533965	-234.471222	-887.627284	-130.632261	-218.965627	-11.262858	-254.064437	-141.109002	-458.123229	-314.765550	37.241691	-811.456109	-291.017783	-71.212089	-862.743174	-275.766989	-130.098302	-869.820904	
-68.033347	-105.780712	665.428157	3.357072	-102.387411	423.685777	158.337445	-138.026858	459.762144	425.571274	-98.767727	358.527211	536.928794	-127.713903	161.887050	618.561143	-63.186949	129.243475	-149.067043	-133.918825	454.778155	-381.289138	-10.742259	351.355418	-539.451053	-70.549738	198.602429	-607.509626	-3.257854	145.817437	1.904012	-4.620141	199.294481	0.000000	0.000000	0.000000	83.953705	-235.534814	-16.307872	195.180523	-194.572581	-468.140934	298.877557	-67.729304	-831.713707	270.308404	-176.935655	-880.385907	260.323868	-237.182477	-878.093616	-134.603585	-216.808674	-3.668675	-254.515633	-145.256210	-452.536910	-314.514381	36.988673	-803.997679	-292.641809	-71.934611	-855.123510	-278.170048	-131.041054	-861.998355	
-71.765566	-103.132982	665.698374	-2.166421	-95.391345	423.534152	151.414729	-135.378443	461.010184	427.697564	-115.826193	380.454521	539.658116	-187.028820	195.249899	620.493980	-132.881808	145.986978	-152.377752	-131.566380	459.893464	-393.538582	-16.951851	367.693712	-550.398269	-118.169585	237.020032	-623.397816	-75.049128	168.040944	-2.546169	2.794420	199.321271	0.000000	0.000000	0.000000	80.695162	-237.138655	-6.661015	191.711346	-195.726248	-458.504843	296.821127	-71.049492	-822.421171	267.848154	-180.174481	-871.037117	257.554756	-240.375285	-868.907740	-137.921201	-214.734110	2.142329	-254.046984	-152.113835	-449.050369	-313.045098	35.105414	-798.057381	-293.070604	-74.792803	-847.856411	-279.458064	-134.145402	-854.355234	
-73.688735	-102.723236	666.224394	-7.288021	-91.195399	423.313837	145.493469	-133.524668	461.479791	424.580795	-125.370662	389.040253	532.904751	-241.165813	225.445830	606.666380	-203.229465	154.641686	-156.008354	-129.909863	463.031966	-400.532698	-22.607331	370.891631	-549.124609	-164.552937	272.415793	-620.777394	-156.103090	190.312804	-6.676104	7.035097	199.121064	0.000000	0.000000	0.000000	78.313986	-238.025017	1.353055	192.177888	-200.267966	-450.102195	296.510217	-74.501179	-813.867138	267.143418	-183.516139	-862.493632	256.690827	-243.696779	-860.580767	-140.151104	-213.223975	5.548847	-252.286771	-161.062843	-447.977509	-310.208909	31.598348	-794.191909	-291.909800	-79.669204	-841.533396	-279.145395	-139.265241	-847.504102	
-74.122257	-103.980661	667.282382	-12.050276	-89.431728	423.391254	141.117956	-131.256974	460.549460	417.898368	-126.467753	379.473097	518.227069	-284.152866	249.183848	577.060065	-273.337108	157.997944	-160.643756	-128.119010	463.607528	-402.763453	-28.220204	357.805303	-535.549658	-204.585449	301.336499	-596.862926	-238.915998	217.619601	-10.467816	8.139768	198.915635	0.000000	0.000000	0.000000	77.199295	-238.281048	7.295950	196.389709	-208.957820	-443.410405	298.034884	-78.096864	-806.137744	268.559785	-186.957378	-855.043917	258.182091	-247.157074	-853.333639	-141.012645	-212.629329	6.464321	-249.109423	-171.448685	-449.167755	-305.977071	26.596864	-792.506873	-288.842810	-86.278087	-836.349824	-276.806339	-146.088167	-841.654988	
-73.787436	-106.495372	668.736024	-16.609831	-89.747399	423.791722	138.192283	-128.247529	457.624195	405.846426	-120.304477	350.377388	495.557980	-310.715763	263.193040	531.341711	-337.923650	163.832954	-166.657215	-125.889718	460.853725	-399.055843	-35.320507	328.249332	-510.619116	-233.841422	319.961724	-552.894193	-308.602036	252.359278	-13.794984	6.534246	198.771887	0.000000	0.000000	0.000000	77.195599	-238.146503	10.858305	204.031958	-222.225998	-438.431691	301.010255	-82.283418	-799.040534	272.076987	-190.970634	-848.650631	262.136688	-251.247137	-847.051052	-140.639091	-212.907233	5.361107	-244.875976	-182.826252	-452.034950	-300.665029	20.461797	-792.474769	-283.872915	-94.028553	-832.054138	-272.319207	-153.999188	-836.559892	
-73.491854	-110.140668	670.249902	-21.087986	-92.007167	424.338342	135.964022	-125.337903	452.874628	383.563038	-109.298168	305.765268	463.485407	-318.725355	265.041810	472.590506	-384.621876	178.624701	-173.770702	-123.539109	454.134343	-386.683979	-45.071412	285.888728	-476.622016	-250.564086	326.007454	-496.887637	-351.321969	288.811002	-16.265771	2.674170	198.674443	0.000000	0.000000	0.000000	77.868108	-237.886800	11.715288	214.861965	-239.943320	-434.861558	304.790610	-87.737142	-792.315851	277.289926	-196.290522	-843.021696	268.239581	-256.706147	-841.388135	-139.494346	-213.705245	2.996826	-240.663472	-195.179112	-455.700173	-295.053765	13.538985	-793.066696	-277.556111	-102.277134	-828.237715	-266.121504	-162.330989	-831.850358	
-73.920347	-115.008715	671.410165	-25.465480	-96.360970	424.728444	133.640840	-124.075888	447.259598	347.508015	-95.798514	255.778707	421.496313	-311.277705	256.205042	408.712030	-403.211718	198.952352	-181.018919	-121.833209	443.393101	-363.625083	-56.732099	237.935893	-437.222861	-255.738669	321.034352	-439.296585	-364.977679	318.040923	-17.464899	-3.093694	198.566531	0.000000	0.000000	0.000000	78.813665	-237.678369	9.392514	228.477817	-260.727730	-432.503169	308.733509	-94.983253	-786.219504	283.509006	-203.522108	-838.125650	275.788378	-264.116962	-836.314413	-138.145473	-214.600575	-0.083519	-238.041970	-208.829971	-459.396851	-290.172089	5.947283	-793.299384	-271.056017	-110.680834	-824.747755	-259.393314	-170.737572	-827.474758	
-75.581526	-121.134828	671.765846	-29.708966	-102.933086	424.557655	130.813061	-125.803281	441.884624	300.936755	-81.322934	213.229562	373.576732	-295.245003	242.666168	347.686972	-397.920155	216.575851	-187.249169	-121.645358	429.558865	-331.732704	-67.547248	192.928916	-397.740213	-251.667342	309.840855	-388.602832	-357.284328	336.448804	-17.439114	-10.302293	198.325493	0.000000	0.000000	0.000000	79.607923	-237.574328	3.440509	243.772176	-281.671504	-431.654840	312.346231	-103.947627	-781.996496	289.895902	-212.684069	-834.756099	283.795609	-273.455040	-832.682345	-137.155733	-215.201531	-3.767149	-238.401736	-223.008916	-462.754773	-286.859280	-1.847762	-793.023345	-265.905035	-118.817507	-821.929060	-253.961400	-178.849586	-823.869688	
-78.753510	-128.153896	670.932806	-33.804269	-111.400931	423.452729	127.488224	-130.903385	437.416140	254.649057	-66.901782	186.542412	328.591577	-277.989774	229.902474	296.030056	-382.036085	227.203644	-191.825948	-123.530525	414.729281	-297.501631	-74.368469	157.413187	-364.706836	-241.497108	296.973497	-350.963248	-338.773820	344.877332	-16.900866	-18.045256	197.818074	0.000000	0.000000	0.000000	79.620433	-237.520809	-5.939024	258.717746	-299.380799	-432.904971	315.373932	-113.788758	-781.291429	295.508239	-222.955320	-834.199108	290.959944	-283.852536	-831.860903	-137.064129	-215.138751	-8.144179	-242.237079	-234.977571	-465.884737	-285.690429	-8.422197	-793.179999	-263.460111	-125.507129	-820.629472	-251.474412	-185.547777	-821.944990	
-83.143455	-135.427742	668.817568	-37.373324	-120.947278	421.344547	124.208879	-138.777837	434.145084	220.916990	-53.845899	176.002067	295.351230	-264.703658	219.640137	258.848025	-367.019847	229.236211	-194.744113	-127.647521	401.758369	-269.251011	-75.759199	134.266025	-343.500275	-229.840264	284.837183	-329.979009	-320.367035	344.574118	-16.578110	-25.130665	197.070741	0.000000	0.000000	0.000000	78.347150	-237.394724	-17.213051	270.820632	-311.536227	-436.330483	317.759192	-123.189229	-784.683226	299.363887	-232.879257	-837.036993	295.763806	-293.832867	-834.522644	-138.073763	-214.250191	-13.041358	-248.497016	-242.204500	-469.118773	-286.621799	-12.412299	-794.817659	-264.086386	-129.596325	-821.587063	-252.387038	-189.700507	-822.524930	
-87.386261	-142.797435	665.754288	-39.247638	-130.800096	418.598020	122.284908	-148.447495	432.250731	206.510247	-44.509596	176.698945	278.723090	-257.547035	212.838760	239.140464	-358.603881	223.511194	-195.881073	-134.008578	393.107837	-253.321180	-73.016617	123.336740	-335.880077	-222.388855	274.325365	-325.551914	-311.893876	336.201069	-16.060406	-31.098477	196.260564	0.000000	0.000000	0.000000	76.260526	-237.093194	-27.603793	278.223491	-317.672278	-441.028995	319.322828	-131.097176	-791.069034	300.794903	-241.177486	-842.549595	297.245309	-302.135364	-840.067147	-139.605321	-212.924957	-17.632421	-254.639863	-243.877505	-472.374481	-288.690526	-13.629974	-798.203187	-266.766920	-130.970355	-824.795143	-255.607190	-191.177978	-825.672434	
-89.581933	-150.847788	662.328234	-38.088729	-140.601520	415.770029	123.153755	-159.048161	431.618479	211.027804	-41.852676	183.128882	279.341123	-257.369487	211.262951	237.678608	-358.110267	214.212747	-194.677285	-142.601664	389.883729	-251.779562	-69.263619	123.131613	-340.296162	-223.775338	265.316500	-334.888157	-318.790729	319.068256	-14.424294	-36.687308	195.420680	0.000000	0.000000	0.000000	74.943198	-236.566742	-34.792437	280.554335	-318.613849	-446.125341	319.608786	-137.193273	-799.096697	299.795024	-247.425895	-849.766120	295.604641	-308.353900	-847.565226	-140.452979	-212.056506	-21.037690	-258.094509	-240.034956	-475.305258	-290.671681	-12.797811	-803.390198	-269.944448	-130.328258	-830.101951	-259.414535	-190.644953	-831.235212	
-88.779185	-159.770413	659.064177	-33.787674	-149.770142	413.252434	127.007778	-169.537786	431.817271	229.752841	-47.602070	191.444970	293.481214	-265.108652	214.581804	251.292497	-365.250860	205.371955	-191.035852	-152.887032	391.866162	-262.484402	-67.354316	132.299043	-353.776220	-235.263176	256.387803	-355.028976	-339.045317	290.653240	-11.673847	-42.246625	194.479317	0.000000	0.000000	0.000000	75.662735	-235.755884	-38.537431	278.569092	-314.976934	-451.763109	318.319175	-141.295360	-808.529272	296.782597	-251.533400	-858.478816	291.621624	-312.400844	-856.705802	-139.789796	-212.252650	-23.349746	-258.033177	-230.947514	-477.937858	-292.158655	-10.672140	-810.581707	-272.907266	-128.390009	-837.571132	-262.995583	-188.799761	-839.210468	
-85.609425	-168.658114	656.292018	-27.715483	-157.323323	411.205710	132.509481	-178.928111	432.460933	256.417696	-61.574170	199.913052	314.533741	-281.010973	219.297229	273.131062	-379.304791	196.552677	-185.750195	-163.841213	397.915722	-281.200839	-69.080067	149.510147	-373.022900	-254.431806	245.108493	-382.936953	-363.189178	249.577039	-8.610032	-46.999262	193.546371	0.000000	0.000000	0.000000	77.905970	-234.762445	-40.100800	273.206444	-307.285677	-458.192334	315.378149	-143.396348	-819.286904	292.002156	-253.642462	-868.384397	285.720284	-314.415820	-867.056960	-138.042750	-213.169470	-25.309311	-255.471653	-217.193990	-480.474779	-293.603552	-7.467063	-819.441287	-276.025626	-125.365959	-846.780063	-266.759078	-185.855845	-849.097784	
-81.574934	-176.332223	654.158181	-21.725941	-162.662061	409.661332	137.758230	-187.045595	433.343245	284.767821	-82.490446	208.265233	336.081673	-304.116048	220.703595	296.215194	-398.650665	183.730076	-179.956330	-174.800210	406.517108	-303.305636	-75.787768	172.471568	-394.737889	-276.740609	228.895858	-413.972281	-380.174135	199.265364	-6.264815	-50.110444	192.854755	0.000000	0.000000	0.000000	79.965480	-233.930459	-40.900884	265.438022	-296.844076	-464.981347	310.999782	-144.036045	-830.496442	285.664785	-254.370471	-878.409477	278.151891	-315.011492	-877.488561	-136.508774	-213.895483	-27.416457	-251.909504	-199.988711	-482.905887	-295.591555	-3.217381	-828.898143	-279.880284	-121.298093	-856.586470	-271.327254	-181.859770	-859.651739	
-77.828798	-182.227178	652.689655	-17.083244	-165.874272	408.578933	141.364091	-194.478586	434.401905	309.608419	-108.523127	216.435817	354.005241	-331.977652	214.783858	316.268882	-420.162097	162.893184	-174.381430	-185.696153	416.224221	-324.531642	-88.615339	197.532522	-415.679960	-297.289551	206.056568	-442.714925	-384.342802	145.746831	-5.267075	-51.423396	192.538706	0.000000	0.000000	0.000000	80.591633	-233.563606	-41.759435	256.456179	-285.504244	-471.382826	305.857205	-144.073448	-840.955987	278.450670	-254.561618	-887.350518	269.659172	-315.035004	-886.798967	-136.257857	-213.750365	-29.701228	-248.398816	-181.136990	-485.049578	-298.360196	1.719270	-837.760746	-284.573266	-116.538414	-865.717544	-276.758440	-177.163506	-869.431530	
-74.662506	-186.463944	651.790818	-14.153380	-167.469894	407.812631	142.808827	-201.881341	435.549043	327.489599	-137.578733	223.506838	366.763051	-360.648588	198.947370	331.987336	-439.371751	131.966146	-169.162406	-196.563859	425.696143	-341.480255	-107.657017	220.274717	-432.895532	-311.772452	176.619955	-465.362034	-374.991598	93.579675	-5.543549	-51.211775	192.587342	0.000000	0.000000	0.000000	79.690035	-233.698630	-42.723162	247.280772	-274.964228	-476.788734	300.738940	-144.261414	-849.731695	271.342570	-254.926077	-894.457440	261.359054	-315.216234	-894.230420	-137.453090	-212.661947	-31.923808	-245.341225	-162.311297	-486.683425	-301.632912	6.776520	-845.261555	-289.628109	-111.647997	-873.333967	-282.505068	-172.331366	-877.464105	
-71.766866	-189.497868	651.282467	-12.666829	-167.975429	407.168857	142.318394	-209.304074	436.530644	336.838744	-167.600247	227.661464	374.468802	-385.430038	172.526245	343.811848	-451.476370	91.340012	-164.234373	-206.968768	433.642918	-352.065620	-131.174274	236.740792	-444.243515	-317.169065	142.747307	-480.099794	-353.414006	46.067145	-6.646979	-49.730308	192.940341	0.000000	0.000000	0.000000	77.900364	-234.188661	-43.336179	238.322934	-266.231930	-480.875039	296.239562	-145.027259	-856.351463	265.156877	-255.843017	-899.536428	254.197487	-315.963868	-899.528913	-139.487734	-211.019147	-33.936368	-242.530487	-144.456529	-487.734733	-304.658432	11.605682	-851.221216	-294.223083	-106.978392	-879.247322	-287.737604	-167.724235	-883.507376	
-68.744531	-191.768651	650.983726	-12.185291	-167.594712	406.516638	140.556644	-215.967083	436.858125	337.553223	-196.638391	227.042827	377.703683	-402.100400	137.159375	352.433271	-452.697555	43.915044	-159.925328	-215.804323	438.808924	-355.785769	-155.869427	244.277884	-448.791266	-312.942826	107.883138	-486.543185	-322.869677	5.791646	-8.210570	-46.970229	193.570775	0.000000	0.000000	0.000000	75.837580	-234.906107	-43.111510	229.364844	-259.482079	-483.597408	292.739703	-146.462405	-860.741458	260.275703	-257.342675	-902.727897	248.606210	-317.329740	-902.729457	-141.695559	-209.237286	-35.773062	-239.458285	-127.841316	-488.319737	-306.569020	16.235077	-855.846418	-297.614267	-102.511085	-883.697867	-291.760994	-163.332959	-887.785146	
-65.561996	-193.505265	650.736588	-12.583480	-166.153741	405.802606	138.070889	-220.770880	435.982401	330.252110	-222.694323	220.886171	376.518402	-407.877433	96.498160	357.487182	-441.224291	-5.575201	-157.212953	-221.771222	440.198655	-353.731271	-177.940367	242.069311	-446.944040	-301.288149	74.670667	-485.494726	-288.487576	-26.800571	-10.121395	-42.683766	194.470857	0.000000	0.000000	0.000000	73.549698	-235.881665	-41.726515	219.898903	-254.283825	-484.948465	290.311342	-148.499831	-862.942232	256.578301	-259.298190	-904.137039	244.437542	-319.190656	-903.791368	-143.984611	-207.395025	-37.327212	-235.904070	-112.447562	-488.455951	-306.956546	20.889349	-859.280078	-299.548552	-98.030001	-886.845484	-294.345204	-158.943533	-890.413933	
-62.645125	-194.810000	650.315245	-14.106010	-163.518054	404.933394	134.879513	-223.280362	433.610409	316.095719	-243.685511	210.119858	370.229961	-401.928892	55.412884	357.352777	-417.481688	-51.757354	-157.066632	-224.326551	437.470511	-347.994186	-194.320090	231.455679	-439.959357	-285.609863	44.014524	-478.212898	-254.913892	-53.662732	-12.317964	-36.758532	195.551372	0.000000	0.000000	0.000000	70.553937	-237.249801	-39.057569	209.651419	-250.019972	-484.805524	288.654392	-151.098900	-862.959732	253.618383	-261.646396	-903.738843	241.183771	-321.467462	-902.536561	-146.794274	-205.259269	-38.179298	-232.256576	-98.428265	-487.917753	-306.121498	25.693693	-861.381851	-300.322777	-93.417229	-888.502044	-295.726702	-154.427389	-891.129496	
-60.402705	-195.991123	649.425515	-16.901897	-160.148162	403.721534	130.727774	-224.256039	429.917925	297.377834	-257.686652	196.864581	358.674719	-385.808286	18.726235	350.922439	-384.248742	-90.042515	-159.413408	-224.344892	431.349887	-340.701399	-203.783310	215.693411	-429.246769	-269.477803	16.270361	-465.953667	-225.233623	-76.689192	-14.524575	-29.756128	196.588073	0.000000	0.000000	0.000000	66.502868	-239.007882	-35.262173	199.095633	-246.153775	-483.113176	287.380449	-154.112490	-860.951298	251.095647	-264.289659	-901.640499	238.464204	-324.023534	-899.006878	-150.408355	-202.692176	-37.825834	-229.116542	-86.481008	-486.469716	-304.752098	30.298379	-861.942160	-300.395606	-89.027808	-888.377436	-296.253262	-150.114308	-889.621420	
-58.792275	-197.679224	647.879397	-20.572997	-157.162322	402.023439	125.735268	-225.223806	425.520603	277.776685	-263.677315	183.428792	343.479106	-363.326157	-10.630559	339.094666	-346.478865	-118.287963	-163.020058	-223.788541	423.560816	-333.432335	-207.378286	198.869496	-416.363598	-256.107298	-7.706134	-450.427005	-201.783525	-96.221862	-16.262749	-22.974873	197.359923	0.000000	0.000000	0.000000	61.772749	-240.886598	-30.799262	189.339160	-242.345850	-480.162264	286.342336	-157.139768	-857.465538	249.112041	-266.936439	-898.328758	236.287411	-326.513846	-893.780524	-154.476873	-199.938000	-36.045487	-226.780683	-77.594943	-484.136641	-303.397753	33.989369	-860.987387	-300.010853	-85.576190	-886.465767	-296.094366	-146.688353	-885.984455	
-57.478708	-200.503992	645.723439	-24.220049	-155.827087	399.867139	120.716753	-227.463145	421.131878	261.253839	-262.576725	171.692359	327.725288	-338.816759	-32.451549	324.505178	-309.393792	-137.413881	-166.402480	-224.522982	415.963950	-327.239673	-207.747777	184.348277	-403.346744	-247.101913	-26.802303	-434.254414	-185.601414	-111.707114	-17.147910	-17.853944	197.814173	0.000000	0.000000	0.000000	57.468491	-242.464177	-26.444568	181.475233	-238.514143	-476.787938	285.659514	-159.720450	-853.569895	248.019374	-269.257903	-894.752086	234.953408	-328.577764	-888.039435	-158.114961	-197.558491	-33.284939	-225.190237	-72.268987	-481.375102	-302.173379	36.291128	-859.033700	-299.159466	-83.529381	-883.333983	-295.261242	-144.599361	-880.982731	
-56.153870	-204.614892	643.273085	-26.730912	-156.816248	397.514944	117.006824	-231.260986	417.213551	250.350025	-256.871310	162.719127	314.821068	-314.782367	-47.983330	311.145646	-275.375537	-149.604018	-168.419366	-227.296637	409.802076	-322.576380	-206.976491	173.966251	-392.271764	-241.451346	-40.229080	-420.215616	-175.084889	-122.454726	-17.030894	-15.299662	198.038203	0.000000	0.000000	0.000000	54.990992	-243.372451	-23.165945	176.248375	-234.603509	-474.189423	285.614037	-161.434795	-850.637221	248.249257	-270.982198	-892.043093	234.971745	-329.978308	-883.223131	-160.237413	-196.264387	-30.689529	-224.091625	-70.140105	-479.016031	-300.857073	37.266858	-857.048476	-297.755406	-82.804697	-880.064628	-293.797284	-143.774452	-875.906599	
-54.464866	-209.621158	641.050844	-27.091039	-159.987829	395.419635	116.013281	-235.914196	414.045729	245.829772	-248.351825	156.758548	307.193833	-291.319322	-58.401806	302.923429	-243.631921	-156.385716	-168.399674	-231.552693	405.638094	-319.094566	-204.836543	168.207837	-384.282282	-236.363584	-47.852824	-409.632694	-166.978496	-128.410186	-15.938968	-15.572906	198.107786	0.000000	0.000000	0.000000	55.468210	-243.392637	-21.774345	174.188507	-230.179077	-473.364113	286.580627	-161.759862	-849.813679	250.289008	-271.746906	-891.008036	237.069212	-330.463600	-880.415021	-159.963299	-196.670171	-29.498683	-223.127560	-70.367273	-477.872636	-299.265869	37.282538	-855.962830	-295.852822	-83.008394	-877.756971	-291.867139	-143.851992	-872.061538	
-51.957992	-214.941443	639.553462	-24.841077	-164.836835	393.989446	118.634568	-240.260655	411.782061	247.292284	-236.629950	153.639232	305.235519	-267.302368	-64.552234	300.929107	-212.841025	-158.937551	-166.434435	-235.942358	403.444731	-315.873489	-199.269924	166.550384	-379.307753	-228.958640	-50.291209	-402.037851	-158.554283	-130.746112	-14.044641	-18.621692	197.987983	0.000000	0.000000	0.000000	59.127394	-242.444918	-22.698747	175.487735	-224.310283	-474.731746	288.767855	-160.121473	-851.659941	254.471406	-271.046905	-892.039500	241.872097	-329.653284	-880.157798	-157.073460	-198.842724	-30.448064	-221.997791	-72.048320	-478.431721	-297.551818	36.821507	-856.289722	-293.764180	-83.622187	-877.158647	-289.793119	-144.364186	-870.457357	
-48.565569	-220.028993	639.000954	-20.432443	-170.829775	393.368203	124.782790	-243.050219	410.319138	253.032483	-219.919521	152.985314	307.241368	-241.697807	-67.225573	302.582776	-182.820372	-158.903904	-163.558647	-238.829788	402.585836	-311.940989	-187.556247	167.746455	-376.816712	-217.203121	-48.673981	-396.222625	-148.694745	-131.598255	-11.669818	-24.258593	197.531256	0.000000	0.000000	0.000000	64.947808	-240.610257	-26.063509	179.343318	-216.091592	-478.296776	291.845178	-156.413575	-856.197979	260.375348	-268.589243	-895.408640	249.069915	-327.304507	-882.786041	-152.263560	-202.039401	-33.667104	-220.693267	-73.943929	-480.758003	-296.149106	36.706298	-858.118126	-292.004080	-83.787213	-878.628477	-288.049542	-144.510224	-871.747737	
-44.809001	-224.419937	639.262368	-15.000697	-177.372194	393.405785	133.400279	-243.080904	409.220532	259.979273	-196.318114	154.279931	310.465935	-214.137219	-67.168274	303.840193	-154.325960	-158.118173	-161.157079	-238.683569	401.967576	-306.296563	-167.571028	170.292444	-376.242320	-200.414977	-44.077488	-391.018270	-138.368290	-132.837289	-9.257589	-32.020280	196.550909	0.000000	0.000000	0.000000	71.213209	-238.123060	-31.888980	183.956327	-205.160329	-484.000552	295.046062	-151.059531	-863.157021	266.736978	-264.393909	-901.433919	257.215702	-323.393856	-888.667688	-146.817969	-205.089128	-38.993829	-219.547497	-74.436426	-484.663700	-295.611557	38.003586	-861.372104	-291.246502	-82.409708	-882.303583	-287.326376	-143.227709	-876.297725	
-41.430151	-227.821321	639.943337	-9.748400	-183.834430	393.754579	142.861110	-239.527115	407.870275	264.454925	-165.462245	157.005672	312.633617	-185.278596	-64.786703	301.873448	-128.871812	-157.499511	-159.984452	-234.604416	400.508397	-297.588049	-139.481761	172.884232	-376.880358	-179.655836	-36.935632	-386.144898	-130.320667	-134.026475	-7.214679	-41.072066	194.946902	0.000000	0.000000	0.000000	76.428967	-235.250816	-40.081001	187.506988	-191.737644	-491.712159	297.622638	-144.510082	-872.069299	272.085089	-258.564515	-910.156390	264.463163	-317.943235	-897.880442	-141.930298	-207.027433	-46.184606	-218.883806	-72.030699	-489.845948	-296.334772	41.605001	-865.912425	-292.080851	-78.597984	-888.041328	-288.314396	-139.586611	-883.983221	
-39.057202	-230.224513	640.576115	-5.487879	-189.621828	394.056325	151.387924	-232.514497	405.921906	263.502442	-130.009835	160.714160	312.897193	-157.068310	-60.043012	296.382247	-108.908847	-156.485191	-159.728145	-226.907616	397.769455	-284.697354	-106.667405	174.787800	-377.962753	-157.588964	-26.791371	-382.867550	-127.161111	-131.655621	-5.847779	-50.273280	192.825470	0.000000	0.000000	0.000000	79.772440	-232.215409	-50.031805	189.036026	-176.674919	-500.785782	299.115668	-136.999711	-882.015114	275.442535	-251.269138	-920.658189	269.483833	-311.058702	-909.507989	-138.302238	-207.412419	-54.682398	-218.616631	-65.849212	-495.693513	-298.175752	47.962232	-871.266437	-294.496094	-71.937994	-895.076894	-291.072033	-133.064781	-893.642093	
-38.050903	-231.923451	640.844125	-2.565464	-194.182966	394.137977	157.546879	-223.579713	403.648999	256.677826	-95.376644	165.026414	311.905006	-132.442643	-52.876779	289.434849	-97.006120	-153.537179	-159.582489	-217.414587	394.288475	-268.344038	-74.808214	176.045083	-378.973678	-137.522053	-13.041296	-382.803736	-129.076020	-121.946840	-5.458709	-58.320247	190.557635	0.000000	0.000000	0.000000	81.085873	-229.322661	-60.224731	188.652722	-161.757086	-509.743020	299.422016	-128.958521	-891.425966	276.600565	-243.083679	-930.996613	271.852114	-303.283782	-921.614452	-136.134462	-206.383200	-63.332206	-218.253705	-56.302745	-501.183360	-300.377022	56.797806	-876.418947	-297.760670	-62.764482	-902.003234	-294.831560	-123.924590	-903.065525	
-38.406350	-233.199021	640.754439	-1.033883	-197.016882	394.093465	160.844569	-215.094003	401.785988	246.997265	-67.347986	169.509133	311.171570	-114.171122	-44.020687	283.995058	-93.849952	-147.662659	-159.305858	-208.692009	391.309539	-252.198867	-49.428539	177.295834	-380.153544	-122.191231	3.345286	-386.206887	-133.908980	-105.155745	-6.166259	-63.941804	188.723830	0.000000	0.000000	0.000000	80.754193	-227.095964	-68.534688	187.207859	-149.649207	-516.722196	298.759285	-121.532645	-898.550942	275.999679	-235.317595	-939.124233	271.884718	-295.869049	-931.967870	-135.275475	-204.580696	-70.603612	-217.478921	-45.659758	-505.308196	-302.038179	66.731316	-880.215782	-300.891538	-52.497301	-907.414381	-298.512246	-113.626057	-910.221719	
-39.742161	-234.095956	640.548701	-0.753647	-197.972853	394.129340	161.795873	-208.963146	401.018288	239.436436	-49.545016	173.506722	312.272776	-104.113315	-35.354236	282.186277	-97.680920	-139.980227	-159.357874	-202.678308	390.050757	-241.602759	-33.490044	179.321214	-382.747228	-113.809392	19.469273	-392.441080	-140.005815	-86.200964	-7.561492	-66.472183	187.796522	0.000000	0.000000	0.000000	79.467129	-226.093548	-73.194966	185.494611	-142.783334	-520.430930	297.390996	-116.221199	-902.270039	274.380246	-229.575235	-943.894245	270.324422	-290.346535	-938.891801	-135.472075	-202.840745	-75.103490	-216.539024	-37.136652	-507.482548	-302.606643	75.650120	-881.927775	-303.196796	-43.237740	-910.596056	-301.359604	-104.333141	-914.370133	
-41.592962	-234.670385	640.475586	-1.595957	-197.368786	394.393659	161.086838	-205.898220	401.614984	237.782829	-42.790960	176.409619	316.307784	-103.564140	-28.642042	284.825128	-106.682369	-133.008177	-160.264816	-200.036223	391.053786	-240.783645	-27.168479	182.656830	-388.676109	-114.508915	32.906808	-401.331168	-148.807924	-70.097317	-9.068832	-66.366067	187.767309	0.000000	0.000000	0.000000	77.820916	-226.480520	-73.765161	183.757804	-141.771935	-520.759855	295.419141	-113.753881	-902.563715	272.358612	-226.671106	-945.331916	268.034215	-287.533363	-941.909882	-136.544661	-201.715921	-76.182859	-216.036592	-32.884667	-507.643619	-302.085862	81.869121	-881.494941	-304.536356	-36.627629	-911.645514	-303.201774	-97.707473	-915.857228	
-43.811553	-234.978403	640.779245	-3.655300	-195.465359	395.068686	158.874497	-205.455253	403.720721	242.544564	-45.911144	178.445985	323.275366	-112.977096	-23.767830	291.373116	-120.649954	-127.770450	-162.308674	-200.216240	394.285627	-250.483601	-29.023379	187.611931	-399.103330	-125.057912	44.032175	-413.173136	-162.705288	-57.610031	-10.508736	-64.691485	188.275965	0.000000	0.000000	0.000000	75.989927	-227.875264	-71.338735	181.992311	-144.926940	-518.647907	292.950401	-113.521328	-900.393167	270.237291	-226.081513	-944.273982	265.607911	-286.965427	-941.755474	-138.397065	-201.155414	-74.298970	-216.432874	-32.643924	-506.150376	-300.817806	85.217978	-879.413654	-305.117923	-32.834833	-911.061477	-304.233695	-93.912914	-915.415004	
-46.395157	-234.749692	641.652315	-6.862956	-192.205148	396.347094	155.178689	-206.627397	407.531662	251.624579	-56.701217	180.762968	331.785541	-131.178928	-19.069517	299.962449	-139.822404	-123.020238	-165.250765	-202.070906	399.516595	-267.581669	-36.948498	194.434157	-412.913133	-143.600589	55.043702	-427.285295	-181.769744	-46.361322	-11.808053	-62.129367	189.060235	0.000000	0.000000	0.000000	73.819658	-229.715797	-67.617531	180.370837	-149.714052	-515.332834	290.404333	-114.368229	-897.001219	268.271947	-226.689484	-941.781791	263.400538	-287.569405	-939.653483	-140.897417	-200.710755	-70.715598	-217.674358	-34.469989	-503.671319	-299.095571	86.830025	-876.491130	-305.115642	-30.796844	-909.418630	-304.631503	-91.878877	-913.779573	
-49.120482	-233.602130	642.998579	-10.589696	-187.632243	398.152439	150.467016	-208.527839	412.805087	262.361056	-72.719529	184.245386	339.853731	-155.321703	-13.434905	308.277318	-162.828328	-117.549034	-168.187177	-204.681281	406.303585	-287.411821	-49.154314	202.851682	-427.317984	-166.901783	66.883300	-441.532305	-203.950371	-34.958624	-12.858390	-58.768160	190.063742	0.000000	0.000000	0.000000	71.304261	-231.621189	-63.703587	179.220518	-154.660038	-511.624884	288.528919	-115.539113	-893.133311	266.964168	-227.720797	-938.536371	261.908417	-288.588879	-936.501414	-143.702267	-200.121742	-66.622308	-219.287903	-36.846076	-500.913933	-297.097035	87.670017	-873.444738	-304.518177	-29.646104	-907.184865	-304.345323	-90.731925	-911.516102	
-51.491596	-231.603467	644.450438	-13.899189	-182.258362	400.115921	145.593076	-210.722891	418.624802	272.856549	-92.026738	188.583628	346.053446	-181.719358	-7.638642	314.859592	-186.299150	-112.037590	-169.958947	-207.733704	413.915765	-306.111230	-65.040451	211.685645	-439.533945	-192.488465	77.965846	-453.714068	-226.818977	-24.828912	-13.617306	-54.670553	191.230125	0.000000	0.000000	0.000000	68.930049	-233.381309	-59.771506	178.895463	-159.665681	-507.740299	288.010222	-116.644518	-888.884107	266.948562	-228.751113	-934.706857	261.802844	-289.610740	-932.644726	-146.207826	-199.628747	-62.523757	-220.683151	-39.705964	-498.252430	-294.941849	87.635431	-870.552758	-303.138716	-29.555113	-904.548783	-303.091343	-90.643464	-908.847405	
-53.060739	-229.143615	645.632627	-16.152232	-176.712516	401.837166	141.335366	-212.876703	423.755165	282.023166	-113.295831	192.466811	350.035839	-206.828541	-3.827967	319.796966	-206.091713	-108.605058	-169.869778	-211.058210	421.467913	-321.495044	-84.910628	219.249229	-447.754498	-219.160500	85.230112	-462.450435	-248.493660	-19.029264	-14.223808	-49.906609	192.484479	0.000000	0.000000	0.000000	67.475913	-234.860481	-55.483112	179.660796	-165.210368	-503.552123	289.106086	-117.340457	-884.022429	268.656538	-229.414325	-930.201111	263.616340	-290.281184	-928.092324	-147.800938	-199.735469	-58.294173	-221.411824	-43.794458	-495.610060	-292.768943	85.926214	-867.656331	-300.812551	-31.349676	-901.393665	-300.586617	-92.440247	-905.654894	
-53.623218	-226.505604	646.281531	-17.216043	-171.335019	403.015815	138.173762	-214.527978	427.077560	289.162884	-135.524459	194.345012	352.261579	-227.938310	-4.108928	324.379703	-218.889088	-109.151223	-167.969311	-214.265442	428.005971	-332.889080	-109.199015	224.147331	-451.072857	-246.339650	85.761482	-467.043460	-267.538909	-20.266597	-14.928897	-44.318713	193.794326	0.000000	0.000000	0.000000	67.542043	-235.964534	-50.493872	181.709559	-171.748304	-498.873711	291.643746	-117.233240	-878.307546	272.188376	-229.307252	-924.913460	267.573637	-290.207013	-922.780779	-148.108372	-200.813868	-53.621693	-221.221517	-49.617556	-492.683750	-290.761477	81.840793	-864.464083	-297.543213	-35.713008	-897.504267	-296.755189	-96.803490	-901.699386	
-53.060970	-223.825116	646.248545	-17.194955	-166.210308	403.469535	136.335558	-215.406060	427.938902	293.872460	-157.826613	193.267980	353.563696	-243.478616	-9.232446	330.551762	-222.872908	-113.822248	-164.713721	-217.008669	432.655443	-340.314211	-138.327217	225.847497	-448.999880	-273.601923	78.152605	-467.239054	-282.956147	-29.207785	-15.774851	-37.773947	195.109057	0.000000	0.000000	0.000000	69.362266	-236.613525	-44.651269	185.315049	-179.447931	-493.527056	295.265415	-115.918760	-871.551414	277.421943	-228.021377	-918.730014	273.648680	-288.979311	-916.604479	-146.978232	-202.951098	-48.433838	-219.990929	-56.975032	-489.275625	-289.076278	75.199114	-860.886886	-293.444894	-42.768275	-892.842359	-291.705605	-103.848687	-896.895144	
-51.272663	-221.261164	645.519720	-16.267366	-161.421606	403.153590	135.728272	-215.725366	426.370358	296.066673	-179.182524	189.389499	354.644478	-253.042558	-18.020886	340.132541	-218.075366	-120.294394	-160.605736	-219.330960	434.887146	-343.415188	-172.307595	224.731639	-441.297257	-300.250981	63.563427	-463.376883	-294.460956	-43.326180	-16.492194	-30.546581	196.311423	0.000000	0.000000	0.000000	72.855700	-236.723015	-38.014222	190.750017	-188.093594	-487.389939	299.569180	-113.136469	-863.644205	284.035937	-225.276611	-911.545286	281.539177	-286.301323	-909.453457	-144.418411	-205.992262	-42.989486	-217.624678	-65.068326	-485.440199	-287.722461	66.423392	-857.103956	-288.634789	-51.993614	-887.651002	-285.618870	-113.041373	-891.438142	
-48.487641	-218.990675	644.313942	-14.819658	-157.217178	402.243732	135.773772	-216.138409	423.231774	295.869685	-198.297548	183.952204	355.475822	-257.365487	-27.858604	353.056320	-207.233221	-124.678401	-156.187420	-221.656982	434.751340	-341.379898	-209.041051	221.818453	-428.643588	-324.717394	45.950224	-456.513849	-302.638056	-57.404377	-16.674220	-23.447498	197.269983	0.000000	0.000000	0.000000	77.564626	-236.261477	-30.904100	197.823047	-197.099253	-480.578046	303.956682	-109.107917	-854.771352	291.259519	-221.249663	-903.497293	290.361835	-282.320862	-901.465586	-140.717174	-209.570152	-37.637928	-214.143690	-72.805133	-481.355432	-286.577642	56.568684	-853.314378	-283.348152	-62.203589	-882.284354	-278.878997	-123.186864	-885.650911	
-45.595963	-217.030457	643.111456	-13.454238	-153.910430	401.181184	135.583666	-217.283655	420.210848	293.642808	-213.620822	178.948333	355.257746	-257.831628	-35.888200	365.735964	-195.085346	-124.467442	-152.120682	-224.282204	433.016821	-334.634500	-243.017617	218.229670	-413.525692	-344.514745	30.080488	-447.935084	-308.623823	-67.255312	-16.011280	-17.537588	197.937700	0.000000	0.000000	0.000000	82.586729	-235.361833	-23.980404	205.471344	-205.535764	-473.660515	307.535385	-104.680937	-845.734014	297.749823	-216.762084	-895.264468	298.503399	-277.837941	-893.315937	-136.596888	-213.090337	-32.732004	-210.057812	-79.145076	-477.303153	-285.627051	47.275057	-849.653740	-278.267696	-71.666948	-877.134299	-272.403804	-132.560759	-879.931719	
-43.816535	-215.219309	642.460387	-12.566086	-151.650426	400.530870	134.696916	-219.182371	419.068270	290.282537	-223.594403	176.215725	353.218886	-255.514008	-40.408110	373.242067	-184.625380	-120.826055	-149.020948	-226.815726	430.933585	-326.182010	-267.472305	214.700307	-399.599194	-357.204205	18.527666	-438.670931	-312.388592	-73.185925	-14.427765	-13.676241	198.363457	0.000000	0.000000	0.000000	86.953588	-234.299077	-18.271175	212.084431	-211.992365	-467.767681	309.542420	-100.777489	-838.119736	302.174726	-212.783948	-888.234373	304.294130	-273.830380	-886.372586	-132.935620	-215.958860	-28.765900	-206.369038	-83.595316	-473.815080	-285.114764	40.272555	-846.365184	-274.459183	-78.675820	-872.714464	-267.511353	-139.481682	-874.868940	
-43.705641	-213.385040	642.673004	-11.853736	-150.366383	400.677984	133.707313	-221.149219	420.486103	287.284702	-226.899258	176.386466	349.784298	-250.244626	-41.454131	373.688469	-174.894633	-116.581625	-147.032641	-228.361679	429.617132	-319.469871	-278.715665	211.613216	-389.413526	-361.401678	11.122542	-429.538989	-312.040041	-77.758267	-12.084738	-12.227750	198.614456	0.000000	0.000000	0.000000	90.286084	-233.276714	-14.873392	216.530547	-214.659837	-464.226452	309.921629	-97.470320	-833.783181	304.126465	-209.490457	-884.073454	307.128399	-270.501405	-882.263018	-130.134022	-217.956395	-26.414608	-204.047264	-86.564187	-471.672137	-285.429596	36.485608	-843.926597	-272.773735	-82.392754	-869.700735	-265.171278	-143.136896	-871.319011	
-44.910682	-211.481928	643.701588	-10.647043	-150.009639	401.638280	133.726140	-222.489086	423.857738	285.887899	-223.455063	178.807589	346.439692	-241.444683	-40.088701	368.703858	-163.822001	-113.383975	-145.862916	-228.349627	429.451782	-315.858683	-277.238165	209.208327	-383.890869	-356.465161	6.673622	-421.614423	-305.249697	-82.210190	-9.223217	-13.153533	198.708776	0.000000	0.000000	0.000000	92.576380	-232.406944	-14.403000	218.462900	-212.502289	-463.801280	309.103272	-94.364685	-833.740846	303.920319	-206.567332	-883.689916	307.279245	-267.559288	-881.866729	-128.222232	-219.116760	-26.162757	-203.600456	-88.510365	-471.405882	-286.684785	36.067108	-842.775195	-273.408598	-82.732029	-868.602500	-265.600322	-143.455276	-870.011439	
-46.800590	-209.663904	645.254747	-8.651636	-150.812607	403.121175	135.399835	-223.043824	428.069433	286.181580	-214.673316	182.308350	344.105858	-229.769089	-37.515733	360.758682	-151.559091	-111.671318	-145.347510	-226.885077	429.978094	-315.137357	-265.139268	207.483476	-383.078318	-342.190162	4.080459	-415.677798	-290.693990	-86.649032	-6.153401	-16.381219	198.587644	0.000000	0.000000	0.000000	93.615454	-231.831348	-16.768807	217.791632	-206.287708	-466.357758	307.437332	-91.723473	-837.661055	301.771541	-204.258566	-886.803280	304.923750	-265.259302	-884.906216	-127.400399	-219.367002	-28.015031	-205.045346	-89.093571	-472.966087	-288.512459	39.103654	-843.015316	-276.030681	-79.643844	-869.468647	-268.540760	-140.402460	-871.068233	
-48.861539	-208.162549	647.007270	-6.220815	-153.045023	404.744373	138.630221	-222.739025	432.158130	287.109602	-201.910311	185.736240	342.324692	-216.862794	-34.793686	350.840484	-140.157768	-111.845561	-145.861425	-224.047239	430.303366	-316.269137	-243.575482	205.858073	-385.892507	-318.957746	2.398735	-410.718157	-268.988470	-91.586268	-3.389428	-21.844655	198.127696	0.000000	0.000000	0.000000	93.093865	-231.650533	-21.503083	214.532447	-197.872835	-471.296551	305.115674	-90.346316	-844.472354	297.703044	-203.247547	-892.530356	300.022937	-264.282363	-890.531777	-127.982969	-218.520085	-31.731965	-208.060375	-87.459703	-476.020308	-290.284962	45.785001	-844.561603	-280.057587	-72.930526	-872.103686	-273.508955	-133.782950	-874.192935	
-50.739534	-207.133256	648.710437	-4.114071	-156.564421	406.189626	142.871195	-220.878483	435.337934	286.794162	-185.082277	187.934375	339.757147	-203.676503	-32.870761	338.212904	-131.513827	-114.622426	-148.035336	-219.294582	429.549269	-317.055455	-212.554129	203.313560	-389.852669	-288.073013	1.019058	-403.859321	-243.165921	-97.639895	-1.685699	-29.160172	197.205740	0.000000	0.000000	0.000000	90.946258	-231.782545	-28.221440	209.062546	-188.703484	-478.104939	302.324792	-90.489210	-853.183016	291.943293	-203.632121	-900.109690	292.818869	-264.701721	-898.021059	-129.988796	-216.472078	-37.152895	-212.060752	-82.759087	-480.285355	-291.479877	56.058275	-847.382157	-284.824614	-62.561915	-876.390776	-279.825019	-123.536518	-879.105339	
-52.301920	-206.609993	650.203320	-3.157091	-160.694786	407.254634	147.306470	-216.169583	436.815658	282.832512	-163.075174	187.782757	335.005335	-189.648877	-32.393460	321.823295	-126.342615	-120.209872	-152.123179	-211.762918	427.134963	-314.253894	-172.905345	199.100864	-391.824146	-252.098113	0.010524	-392.426064	-218.088150	-103.861428	-1.899910	-37.404411	195.807460	0.000000	0.000000	0.000000	87.376196	-231.977002	-36.645475	202.176820	-179.134771	-486.346421	299.244901	-91.369767	-863.045964	285.073356	-204.507435	-908.983332	284.056891	-265.572999	-906.841186	-133.066188	-213.267851	-44.133874	-216.273366	-74.459999	-485.484407	-291.925519	69.356806	-851.450523	-289.723217	-48.982898	-882.230487	-286.697460	-110.055057	-885.592506	
-53.581620	-206.553118	651.407619	-3.904279	-164.474895	407.873085	150.852488	-207.559744	435.884325	273.071277	-135.501259	184.739244	327.187280	-173.323205	-33.312792	302.087322	-123.908168	-127.234661	-157.580583	-201.162246	423.095062	-305.070609	-128.582244	193.367690	-389.505173	-214.987793	0.156698	-376.654349	-198.248120	-107.086306	-4.601705	-45.266618	194.095385	0.000000	0.000000	0.000000	82.878522	-231.932001	-46.146698	194.988694	-168.796551	-495.198644	296.087884	-91.556715	-873.140987	278.054379	-204.439324	-918.346248	275.021805	-265.437264	-916.182930	-136.598482	-209.204309	-52.076841	-219.740662	-62.769139	-490.968018	-291.772113	84.453280	-856.309980	-294.143775	-33.362804	-889.025228	-293.188852	-94.466902	-892.980520	
-54.527240	-206.920728	652.318466	-6.229474	-167.023869	408.140148	152.482305	-195.508779	432.425367	257.149923	-104.556854	179.490303	316.650033	-153.822839	-34.841989	281.573470	-122.029168	-133.086421	-163.152528	-188.605913	418.311047	-289.738690	-86.625101	187.287915	-382.765171	-181.210241	2.016959	-360.115443	-184.349324	-104.864088	-9.396943	-51.538859	192.350473	0.000000	0.000000	0.000000	78.305091	-231.497960	-55.387969	188.702901	-157.690991	-503.235355	293.268143	-89.885831	-882.044045	272.134458	-202.401509	-926.818994	267.353367	-263.287191	-924.651048	-139.813259	-204.986972	-59.750977	-221.490322	-49.122867	-495.659895	-291.266394	99.394983	-860.915240	-297.476338	-17.752438	-895.476204	-298.296146	-78.826276	-899.901269	
-54.572776	-207.692652	653.000004	-8.945593	-167.984087	408.277969	152.338045	-182.632456	427.346373	238.273707	-74.958460	173.919692	305.619941	-132.089810	-36.095129	264.261660	-117.964490	-136.010789	-167.324682	-176.642166	414.209128	-272.428419	-53.908883	182.507648	-373.626408	-154.373552	4.767897	-346.196846	-173.693336	-99.255117	-14.477883	-55.626060	190.891051	0.000000	0.000000	0.000000	74.728739	-230.819194	-62.681218	184.303792	-146.949160	-508.956414	291.429156	-86.183793	-888.244141	268.541704	-198.395187	-932.920469	262.602885	-259.178702	-930.747962	-141.940648	-201.619653	-65.878321	-220.999757	-36.118835	-498.706790	-290.516192	111.821698	-864.245821	-299.287799	-4.720051	-900.268337	-301.286413	-65.744886	-904.984474	
-52.724627	-208.775785	653.538762	-10.271941	-167.865927	408.443601	152.142304	-172.403049	422.286220	222.543426	-51.573378	170.001495	297.602045	-110.719853	-36.816371	253.488917	-110.043581	-136.549744	-168.961770	-167.984379	411.849625	-258.565033	-33.550520	180.128623	-364.791102	-136.601904	6.859941	-335.749562	-164.665227	-94.705118	-17.624265	-57.612739	190.035309	0.000000	0.000000	0.000000	72.980312	-230.195544	-66.893239	182.283315	-138.282382	-511.648509	291.153221	-81.264259	-891.021321	268.011323	-193.318777	-935.959547	261.647441	-254.058837	-933.775248	-142.542178	-199.859839	-69.823760	-218.538458	-26.353512	-500.057960	-289.386340	119.925898	-866.009639	-299.439019	3.764232	-902.914285	-301.947046	-57.233587	-907.735359	
-48.671427	-210.029985	653.954193	-9.435926	-167.659836	408.571166	153.317577	-166.736790	418.622831	214.724145	-36.845174	168.500638	295.251494	-92.952596	-37.103435	250.412252	-99.235420	-136.316033	-168.091581	-163.821775	411.351335	-251.586138	-24.834831	180.035278	-358.634906	-128.867547	7.862816	-329.042519	-158.631723	-93.056988	-18.095593	-58.200497	189.811782	0.000000	0.000000	0.000000	73.187700	-229.772311	-68.110685	182.497527	-132.696275	-511.765991	292.510302	-76.094503	-890.871362	270.428300	-188.108929	-936.438457	264.336876	-248.876506	-934.242732	-141.736317	-199.756209	-71.734642	-215.111268	-21.148761	-500.333338	-287.767773	123.185559	-866.702490	-298.138814	7.147506	-903.906703	-300.601844	-53.853496	-908.710686	
-43.643405	-211.445311	654.231299	-7.574477	-167.925924	408.563679	155.255056	-165.299333	416.944295	214.979609	-30.476171	169.034226	298.625904	-82.076750	-36.505087	253.909575	-89.393722	-135.702279	-166.196145	-163.474955	412.228669	-252.108103	-25.178377	181.384518	-356.962162	-131.008231	8.956939	-327.231108	-158.229861	-92.637694	-16.982380	-58.478682	189.829143	0.000000	0.000000	0.000000	74.547141	-229.527963	-67.457083	184.124092	-130.014421	-510.506033	294.821719	-71.311300	-889.092129	274.726996	-183.312626	-935.601394	269.431204	-244.154609	-933.403032	-140.257201	-200.648907	-72.149281	-211.988448	-20.011688	-500.175180	-285.835269	122.511579	-867.015042	-295.892781	6.414825	-904.122076	-297.949904	-54.605308	-908.873773	
-39.695850	-212.829207	654.451689	-6.660960	-168.350874	408.529224	156.158123	-166.458204	417.301588	220.450457	-30.830286	170.978074	305.467468	-80.246780	-34.535550	261.190040	-85.046029	-134.082764	-165.261107	-165.210717	414.025580	-259.274405	-31.454344	183.663772	-360.173375	-141.393993	11.447998	-330.716827	-164.399596	-91.262646	-16.065349	-58.993163	189.749762	0.000000	0.000000	0.000000	75.809365	-229.472069	-66.229372	186.092870	-129.332247	-508.961786	297.174421	-67.287821	-886.902035	279.477697	-179.218398	-934.542127	275.234489	-240.143338	-932.357661	-139.127887	-201.636211	-71.581108	-210.052288	-21.282504	-499.860943	-284.045654	119.616582	-867.298214	-293.366008	3.390013	-904.190727	-294.832218	-57.649704	-908.909856	
-38.112955	-213.819855	654.748302	-7.746925	-168.259506	408.679931	154.963073	-168.641225	419.445694	228.748075	-36.569749	173.851295	313.138840	-87.958960	-31.436501	269.453199	-88.319800	-131.359500	-166.274695	-167.527684	416.584821	-271.816389	-41.338714	186.947880	-366.663642	-157.602589	15.447700	-337.728324	-175.669781	-88.392303	-16.274109	-59.461361	189.585761	0.000000	0.000000	0.000000	76.163447	-229.700624	-65.019787	187.771909	-129.997938	-507.518771	299.154603	-64.287055	-884.750038	283.749243	-176.050108	-933.565008	280.548238	-237.040345	-931.427327	-138.920481	-202.209980	-70.354879	-209.260786	-23.453992	-499.400198	-282.676004	115.980364	-867.511574	-290.991321	-0.362494	-904.277547	-291.816222	-61.413976	-909.000163	
-38.706123	-214.238633	655.155950	-10.451290	-167.259830	409.102824	151.992444	-171.128588	422.801604	239.124117	-47.279330	177.295712	319.817134	-104.420967	-27.958281	277.075515	-98.552894	-128.117609	-168.790634	-169.925302	419.855704	-288.016500	-54.095960	191.460025	-373.486960	-177.718324	20.176886	-345.319150	-189.988190	-84.715665	-17.276254	-59.228676	189.569924	0.000000	0.000000	0.000000	75.734615	-230.266112	-63.502801	189.287276	-132.157535	-505.863430	301.011790	-62.543103	-882.292596	287.451789	-174.042336	-932.245112	285.110247	-235.074434	-930.189559	-139.389942	-202.509345	-68.541918	-208.866898	-26.149068	-498.717874	-281.452903	112.204260	-867.401136	-288.651183	-4.225981	-904.126136	-288.872810	-65.281065	-908.868983	
-40.372132	-214.107110	655.620345	-13.692923	-165.228375	409.761496	148.276349	-173.804867	426.583781	251.344569	-62.924640	181.051243	324.502226	-127.698281	-24.759505	283.660103	-113.683191	-124.902750	-171.629052	-172.587098	423.765259	-305.875207	-70.476024	197.166211	-377.686356	-200.867600	24.635641	-351.004301	-206.093366	-81.228336	-18.312161	-57.596234	189.975260	0.000000	0.000000	0.000000	75.351881	-231.085042	-60.931251	191.222017	-136.210741	-503.396396	303.283589	-62.071041	-878.860059	291.074266	-173.229692	-929.908010	289.396138	-234.287224	-927.962073	-139.808541	-203.068768	-65.986610	-208.125144	-29.917734	-497.649567	-279.866843	108.031978	-866.649194	-285.908950	-8.494977	-903.275735	-285.565680	-69.549583	-908.017491	
-42.046689	-213.428909	656.041499	-16.632421	-162.041260	410.560524	144.614417	-176.578780	430.020958	264.468959	-83.168158	184.841321	326.833870	-154.930080	-22.201128	289.611914	-131.196931	-121.922915	-173.783871	-175.710019	428.186171	-323.269237	-92.020569	203.584231	-377.378907	-226.523733	27.781375	-353.814497	-223.222879	-78.896858	-19.035258	-53.913068	190.982462	0.000000	0.000000	0.000000	75.828334	-231.971742	-56.833040	194.060481	-142.009155	-499.699067	306.276745	-62.439013	-874.003163	295.137755	-173.227046	-926.090984	294.044560	-234.301888	-924.276129	-139.566385	-204.317112	-62.556592	-206.660551	-35.129035	-495.979151	-277.684808	102.908449	-865.084728	-282.464398	-13.769631	-901.415472	-281.520232	-74.821709	-906.107944	
-43.211169	-212.124064	656.252710	-19.088046	-157.555751	411.328520	141.139078	-179.224630	432.502072	276.597819	-107.052517	188.277123	326.992537	-182.994218	-20.526521	295.633138	-148.773273	-119.211303	-174.852174	-179.240944	432.807944	-337.737798	-119.937258	209.767193	-372.213327	-253.779214	28.594982	-354.490979	-240.720164	-78.464824	-19.666470	-47.827722	192.533114	0.000000	0.000000	0.000000	77.424915	-232.724434	-51.337515	197.909749	-148.668042	-494.756452	309.895655	-62.866124	-867.750608	299.860295	-173.314661	-920.775307	299.419116	-234.401770	-919.103327	-138.494320	-206.275584	-58.372016	-204.477522	-41.465790	-493.648130	-275.128646	96.562227	-862.828851	-278.358608	-20.352360	-898.565226	-276.681147	-81.396894	-903.149764	
-43.784964	-210.118659	656.014270	-21.312033	-151.791994	411.800323	137.525534	-181.534532	433.631477	285.506041	-132.839525	190.867650	325.553579	-209.137845	-20.036339	302.292026	-164.760154	-116.900636	-174.890345	-182.956416	437.030419	-346.393975	-154.019448	214.443387	-363.167381	-281.323336	26.193620	-354.926392	-258.136826	-80.300014	-20.627838	-39.490707	194.314789	0.000000	0.000000	0.000000	79.889514	-233.207208	-44.976481	202.578876	-155.022257	-488.864822	313.793628	-62.612092	-860.508595	305.149055	-172.833653	-914.245785	305.525582	-233.924724	-912.708171	-136.795709	-208.647987	-53.763713	-201.858273	-48.301375	-490.841708	-272.703990	89.157587	-860.197413	-273.890668	-28.092917	-894.945837	-271.271992	-89.116890	-899.359922	
-43.937995	-207.509547	655.130264	-23.661831	-145.184126	411.713125	133.337014	-183.545701	433.400511	289.570805	-158.352251	192.236660	323.260919	-231.483159	-20.889072	309.778697	-178.292473	-115.134241	-174.216182	-186.667818	440.113263	-346.732072	-191.976980	216.493250	-352.100630	-307.657598	20.241435	-357.177677	-275.340352	-84.047786	-22.120629	-29.746699	195.880251	0.000000	0.000000	0.000000	82.703496	-233.404602	-38.382856	207.613662	-160.215678	-482.503625	317.504611	-61.371007	-852.883381	310.623954	-171.561741	-906.937662	311.999732	-232.640527	-905.483630	-134.881619	-211.041466	-49.051341	-199.164754	-54.968955	-487.788616	-270.828416	81.269224	-857.438718	-269.410416	-36.385876	-890.782514	-265.645376	-97.365312	-894.977727	
-44.046042	-204.550173	653.704649	-26.410791	-138.583964	411.042453	128.271019	-185.557870	432.433581	288.296904	-181.725331	192.473714	320.627996	-249.248120	-22.703201	317.823893	-189.035457	-113.586331	-173.350307	-190.274016	441.554646	-338.263320	-229.406125	215.571889	-341.412052	-331.142990	11.696198	-362.456233	-292.050600	-88.180475	-23.887781	-20.052790	196.902312	0.000000	0.000000	0.000000	85.254889	-233.427288	-32.157817	212.245849	-163.967247	-476.287331	320.447074	-59.419265	-845.597048	315.610941	-169.805726	-899.473273	318.086988	-230.849635	-898.011957	-133.183456	-213.124936	-44.469245	-196.667327	-60.745986	-484.618993	-269.644507	73.795260	-854.633457	-265.262745	-44.242919	-886.324630	-260.279857	-105.150303	-890.290531	
-44.615594	-201.417868	652.226767	-29.543365	-132.863041	410.109960	122.450811	-187.792897	431.814150	282.423289	-201.669339	192.189526	317.617519	-262.401986	-24.556047	325.624054	-196.874641	-111.361770	-172.855451	-193.523553	441.351363	-323.793606	-260.921901	212.285944	-333.481434	-349.936027	2.743029	-370.262621	-307.032251	-90.813546	-25.283208	-11.846467	197.392202	0.000000	0.000000	0.000000	87.068717	-233.426751	-26.866529	215.636750	-166.442940	-470.922670	322.144706	-57.459809	-839.441578	319.359302	-168.200008	-892.733757	322.873032	-229.190705	-891.180136	-132.042690	-214.658508	-40.299361	-194.629343	-65.102329	-481.544426	-269.114670	67.706745	-851.884006	-261.884536	-50.600142	-882.012853	-255.845683	-111.424599	-885.779104	
-45.868835	-198.160468	651.263058	-32.466975	-128.528961	409.355374	116.757829	-190.115874	432.368422	273.985767	-217.153097	192.051810	314.252905	-270.843390	-25.667371	332.426422	-201.431966	-107.795008	-172.839665	-195.965318	440.046133	-308.394793	-282.681310	207.880300	-329.260079	-362.554716	-4.511980	-378.167673	-318.044552	-91.536775	-25.622736	-5.927657	197.614775	0.000000	0.000000	0.000000	88.220211	-233.405061	-23.023721	217.513074	-167.728085	-467.064616	322.589547	-55.859066	-835.129434	321.520916	-166.997776	-887.648496	325.864907	-227.931723	-885.972506	-131.401952	-215.658653	-36.911486	-193.356540	-68.198695	-478.950553	-269.223148	63.470954	-849.416585	-259.726524	-54.967056	-878.378523	-252.939955	-115.721261	-882.002890	
-47.352883	-194.979075	651.107928	-34.085956	-125.802642	409.062283	112.667896	-192.320714	434.147011	266.049161	-227.375773	192.384648	311.632750	-274.042030	-25.904446	338.456573	-201.759962	-103.033923	-172.615476	-197.451259	438.560159	-296.285387	-294.170711	203.726322	-327.392365	-368.729054	-9.344115	-383.196159	-323.307148	-91.619320	-24.636005	-2.529005	197.812872	0.000000	0.000000	0.000000	89.435145	-233.137574	-20.953432	218.425527	-167.434358	-465.078408	322.190765	-54.050683	-833.051737	322.395630	-165.550540	-884.810278	327.353399	-226.434756	-883.033257	-130.635437	-216.493146	-34.679762	-192.979715	-70.809059	-477.252564	-270.104549	60.671014	-847.526070	-259.001973	-57.784735	-875.837028	-251.699751	-118.483193	-879.392542	
-48.406302	-192.234347	651.742221	-33.586768	-124.766485	409.304696	111.320777	-194.371646	436.645424	261.255136	-232.300479	193.160719	311.299880	-272.027593	-25.524011	344.443040	-197.423064	-97.834912	-171.345147	-198.306069	437.741211	-289.044238	-297.181138	200.746539	-326.204169	-368.902122	-12.328194	-384.017312	-322.191614	-92.466770	-22.615121	-1.604462	198.063735	0.000000	0.000000	0.000000	91.277665	-232.453913	-20.600634	219.034946	-165.134586	-464.839996	321.297465	-51.308246	-833.097236	322.401127	-163.107997	-884.193266	327.816608	-223.951579	-882.361268	-129.222464	-217.475954	-33.813455	-193.303670	-73.353159	-476.649278	-271.842744	58.716240	-846.415430	-259.639278	-59.669102	-874.567307	-251.945589	-120.319810	-878.112118	
-48.872536	-190.148183	652.984506	-31.144539	-125.284222	410.032104	112.727662	-196.213830	439.364188	260.408229	-232.435631	194.247602	313.565051	-265.992921	-24.736398	349.828977	-189.407746	-93.386306	-169.015331	-198.838269	437.880334	-286.538564	-293.628081	199.135677	-326.009218	-363.161643	-14.248373	-382.128264	-314.371796	-94.352218	-20.132585	-2.944243	198.316090	0.000000	0.000000	0.000000	93.365345	-231.533385	-21.587587	219.298745	-161.147237	-465.872400	319.871045	-47.883647	-834.768082	321.428165	-159.960455	-885.241550	327.099086	-220.780781	-883.410239	-127.487080	-218.423032	-34.292986	-194.117292	-75.331256	-477.086962	-274.292050	57.797659	-846.121404	-261.542954	-60.474494	-874.506265	-253.636835	-121.096679	-878.071496	
-49.234257	-188.681893	654.624778	-27.819005	-127.002229	411.140712	115.920204	-197.536034	442.037522	262.507747	-228.272312	195.519605	317.089135	-257.803273	-23.693821	352.552397	-179.678039	-91.013774	-166.649625	-198.855736	438.658145	-288.526972	-284.071907	198.491647	-328.524210	-350.925414	-15.649501	-379.959152	-299.207210	-97.050339	-17.628454	-6.243244	198.478010	0.000000	0.000000	0.000000	94.546205	-230.856337	-23.604806	218.505631	-156.696326	-467.830852	317.673135	-45.053610	-837.599919	318.943258	-157.430534	-887.409760	324.484564	-218.264254	-885.627186	-126.511714	-218.722542	-35.955824	-195.591723	-75.704683	-478.398127	-277.135676	58.933579	-846.584006	-264.733350	-59.251097	-875.482215	-256.991126	-119.892371	-879.082330	
-50.071877	-187.741227	656.493937	-24.753678	-129.540349	412.528507	119.876282	-197.745309	444.479232	265.775684	-219.932953	196.638995	320.124913	-248.889453	-22.708705	350.510765	-170.107016	-91.724637	-165.538915	-197.704688	439.495463	-294.521475	-267.766592	198.143731	-334.531250	-331.701699	-16.884458	-378.062769	-276.625177	-100.657998	-15.351804	-11.250449	198.446493	0.000000	0.000000	0.000000	93.818262	-230.819494	-26.670482	216.030799	-152.895026	-470.736129	314.643327	-43.950804	-841.457290	314.642119	-156.640679	-890.571431	319.517242	-217.533720	-888.869743	-127.260463	-217.832623	-38.617460	-198.045517	-73.649981	-480.411743	-280.023688	63.035492	-847.745896	-269.127588	-55.119440	-877.363946	-262.077699	-115.841998	-881.015933	
-51.438880	-187.341323	658.437741	-22.464646	-132.621068	414.073930	124.254231	-196.059367	446.318992	268.763762	-207.142478	196.923984	321.704618	-239.455131	-22.299395	342.669217	-161.714234	-95.852163	-166.306065	-194.602984	439.802613	-302.664091	-244.045509	197.402622	-342.574857	-306.098703	-18.194534	-374.688420	-248.471064	-105.339222	-13.564850	-17.784911	198.098341	0.000000	0.000000	0.000000	91.085812	-231.366641	-31.043074	211.916095	-149.772198	-474.827723	311.068915	-44.523876	-846.471319	308.916483	-157.481200	-894.919401	312.629773	-218.458662	-893.311414	-129.789943	-215.671529	-42.165719	-201.425219	-68.984310	-482.997426	-282.624024	70.087311	-849.608334	-274.268299	-48.048535	-880.114821	-268.388275	-108.890070	-883.856460	
-52.878891	-187.546255	660.253229	-20.829455	-136.029730	415.577186	129.168000	-191.748797	446.989596	270.552469	-189.838964	195.572622	321.599237	-228.839801	-23.011214	329.383530	-154.875450	-102.772425	-168.610047	-188.983545	439.047740	-309.834658	-213.621382	195.645981	-349.875815	-276.007983	-19.830745	-367.455821	-218.413713	-111.046236	-12.616059	-25.560505	197.308785	0.000000	0.000000	0.000000	87.053533	-232.063399	-36.865721	206.758756	-146.367069	-480.181888	307.458743	-45.694200	-852.676102	302.681232	-158.810442	-900.562402	304.955056	-219.860449	-899.028972	-133.364552	-212.563084	-46.566261	-205.252172	-61.989219	-486.044392	-284.694257	79.233638	-852.217547	-279.438893	-38.806817	-883.767096	-274.982667	-99.760446	-887.648352	
-53.936659	-188.380849	661.687105	-19.629256	-139.489764	416.778656	134.306552	-184.644680	446.025727	270.214745	-169.149229	192.071865	319.818145	-216.522005	-25.186172	312.273667	-149.691819	-111.034749	-171.542450	-180.888399	436.843833	-313.099161	-178.916276	192.398260	-354.179684	-243.999700	-22.082836	-355.541567	-190.430461	-117.345127	-12.867228	-33.989663	196.016321	0.000000	0.000000	0.000000	82.597263	-232.472637	-43.874656	201.288865	-141.715546	-486.455586	304.354394	-46.345629	-859.697503	296.903586	-159.487017	-907.181379	297.704088	-220.574920	-905.680573	-137.113054	-208.965432	-51.682142	-208.915608	-53.077924	-489.317635	-286.159785	89.425905	-855.464757	-284.022420	-28.397533	-888.169664	-280.981444	-89.426495	-892.229863	
-54.409591	-189.810613	662.540736	-18.846865	-142.570438	417.487389	138.685045	-175.698654	443.502948	267.023163	-147.685722	186.698912	316.540803	-202.774482	-28.751693	294.006121	-145.716643	-118.916888	-174.135340	-171.375398	433.293736	-311.051691	-143.809145	187.753832	-354.690414	-212.768275	-25.004016	-340.594315	-167.086005	-123.293652	-14.410853	-42.122242	194.322683	0.000000	0.000000	0.000000	78.438485	-232.397626	-51.279308	196.136809	-135.593046	-492.842897	302.130806	-45.944137	-866.682166	292.282953	-159.004583	-913.921577	291.762432	-220.095096	-912.403909	-140.367247	-205.376188	-57.054732	-211.832599	-42.934014	-492.355307	-287.082137	99.722108	-858.858318	-287.636494	-17.795673	-892.708071	-285.786917	-78.859922	-896.951136	
-54.044307	-191.731999	662.806450	-18.323510	-144.858401	417.705706	141.674364	-166.885331	440.202048	261.644833	-128.609690	180.691409	312.557642	-188.630471	-33.110189	277.753107	-141.738408	-125.213120	-175.655658	-162.389044	429.253376	-304.401543	-112.871273	182.741069	-351.952432	-184.931206	-28.142502	-325.453042	-148.866951	-127.859974	-16.665880	-48.838948	192.562371	0.000000	0.000000	0.000000	75.259077	-231.890507	-57.911001	191.943432	-128.667199	-498.288266	300.971683	-44.475260	-872.523501	289.289408	-157.409007	-919.647803	287.752067	-218.480790	-918.067003	-142.598848	-202.401314	-61.942407	-213.501654	-32.915837	-494.641855	-287.519596	109.070580	-861.655371	-290.014378	-8.147408	-896.444179	-288.974388	-69.221034	-900.825683	
-52.174997	-193.963122	662.709415	-17.310487	-146.311697	417.635361	143.972768	-160.273115	437.215476	256.507964	-114.107013	175.665805	309.530124	-175.387134	-37.264063	266.189513	-136.656011	-129.538994	-175.524592	-155.896604	426.031985	-295.479764	-89.955299	178.932145	-347.083093	-162.935034	-30.678581	-312.363723	-135.051375	-130.495861	-18.279779	-53.305311	191.226709	0.000000	0.000000	0.000000	73.772789	-231.132703	-62.658353	189.401728	-122.181795	-501.932838	300.956971	-42.158310	-876.337864	288.270077	-154.979744	-923.471432	286.158346	-216.031823	-921.795317	-143.334800	-200.703935	-65.655547	-213.670540	-24.975989	-495.950701	-287.469945	116.172393	-863.331296	-290.978467	-0.841335	-898.715187	-290.281930	-61.915404	-903.158148	
-48.200781	-196.323797	662.540109	-14.946141	-147.327135	417.507580	146.866166	-156.937180	435.256240	254.230418	-104.717820	172.673367	309.175678	-164.239362	-40.267790	260.791164	-130.487138	-131.989638	-173.413581	-152.912193	424.645810	-287.135216	-76.980422	177.466551	-341.343766	-148.910081	-31.849380	-302.333537	-125.587889	-131.251088	-18.013809	-55.589462	190.600565	0.000000	0.000000	0.000000	74.442754	-230.266900	-65.009624	188.948596	-117.224325	-503.543789	302.020457	-39.179902	-877.911624	289.356418	-151.923438	-925.237344	287.209117	-212.971367	-923.458415	-142.335212	-200.660847	-67.922729	-212.580437	-20.778509	-496.512626	-287.022101	119.834643	-863.968881	-290.613336	2.907703	-899.630283	-289.793350	-58.165026	-904.070603	
-42.646238	-198.651616	662.411877	-11.468753	-148.212169	417.398998	150.498076	-156.414265	434.430220	255.657922	-99.979880	171.827332	311.887906	-156.235392	-41.665613	261.320135	-124.199516	-132.823577	-169.921550	-153.004324	425.387936	-281.922038	-73.438834	178.566029	-336.715305	-144.120674	-31.022561	-296.485793	-121.702715	-130.145938	-16.047985	-56.487789	190.512081	0.000000	0.000000	0.000000	76.950968	-229.356375	-65.307134	190.374871	-114.113297	-503.549620	303.797738	-35.673318	-877.728556	292.184513	-148.332137	-925.523223	290.523221	-209.392804	-923.663076	-139.947972	-202.015323	-68.861888	-210.864164	-20.504534	-496.653979	-286.356922	119.773782	-864.023762	-289.253577	2.865352	-899.808820	-287.916628	-58.199768	-904.228161	
-37.176888	-200.664492	662.341531	-8.278293	-148.740291	417.359424	153.641829	-157.278297	434.667433	259.681183	-99.191547	172.779490	316.535803	-152.233123	-41.369698	266.103102	-119.118678	-132.216533	-166.529562	-154.758329	428.055017	-281.484133	-77.084296	181.989941	-335.485161	-148.202379	-27.656688	-296.473993	-124.239124	-126.905433	-13.819096	-56.683535	190.628619	0.000000	0.000000	0.000000	80.115645	-228.523170	-64.416334	192.877846	-112.548635	-502.636620	305.741059	-31.948319	-876.525557	295.904130	-144.433968	-925.120004	295.080599	-205.510679	-923.227344	-137.149727	-203.956336	-68.770275	-209.212465	-22.802156	-496.521922	-285.654822	116.915152	-863.909128	-287.344295	0.024440	-899.829163	-285.238451	-61.018890	-904.250054	
-33.486497	-202.014659	662.387115	-6.765052	-148.444778	417.512215	154.946078	-158.388232	435.984596	264.567763	-101.840116	175.237388	321.540107	-152.898560	-39.362050	273.117953	-116.676399	-130.116781	-164.581144	-156.915240	432.223070	-286.232665	-85.551433	187.470246	-338.841635	-159.201040	-21.655633	-303.108881	-132.405364	-121.413261	-12.665309	-56.335158	190.811952	0.000000	0.000000	0.000000	82.493223	-228.060233	-63.041401	195.525944	-112.344831	-501.260496	307.518143	-28.696563	-874.741644	299.633964	-140.848608	-924.450447	299.725731	-201.931872	-922.592640	-135.122326	-205.583806	-67.932622	-208.005633	-25.918727	-496.173010	-284.911718	112.856984	-863.820226	-285.250560	-3.985775	-899.933892	-282.326777	-64.992866	-904.389600	
-32.429041	-202.455166	662.582166	-7.553331	-147.049148	417.921469	153.766959	-159.431982	438.244362	269.037801	-107.773673	178.922627	325.647290	-158.665943	-35.812265	280.779617	-118.107497	-126.559582	-164.643242	-158.985256	437.270008	-295.398909	-97.405030	194.563063	-346.271235	-174.469483	-13.760432	-315.738839	-143.979729	-114.182392	-13.087600	-55.125702	191.136424	0.000000	0.000000	0.000000	83.107327	-228.297608	-61.353032	197.680229	-113.792528	-499.490068	309.230803	-26.801541	-872.339221	302.890127	-138.432278	-923.423280	303.709221	-199.513385	-921.676141	-134.678824	-206.341328	-66.501549	-207.184915	-28.713891	-495.655027	-283.853522	109.026519	-863.740918	-283.087973	-7.755524	-900.043952	-279.500807	-68.723501	-904.550054	
-33.880526	-201.873759	662.875101	-10.514103	-144.486193	418.522565	150.199454	-160.541689	440.971718	272.368669	-116.831278	183.352245	328.058107	-169.345218	-31.232712	288.180114	-123.766055	-121.927016	-166.555276	-161.003220	442.447802	-307.234988	-112.111190	202.417350	-356.021817	-191.645166	-5.476358	-332.641977	-156.490310	-106.292734	-14.902605	-52.470307	191.749942	0.000000	0.000000	0.000000	81.828738	-229.334405	-59.165940	199.142683	-117.190149	-497.188234	311.196199	-26.788838	-869.074057	305.652364	-137.740013	-921.707784	306.876879	-198.819260	-920.142132	-135.878406	-206.179386	-64.534524	-206.433276	-30.825589	-494.946424	-282.130894	106.107089	-863.534312	-280.730983	-10.640658	-899.928620	-276.738882	-71.580831	-904.470147	
-37.056301	-200.236822	663.135915	-15.091680	-140.710747	419.165248	144.780686	-161.756942	443.423752	274.162208	-128.324819	187.794285	328.400966	-183.574628	-26.475048	294.830268	-132.725793	-116.921582	-169.769976	-163.010306	446.939897	-319.425291	-129.638705	209.694343	-365.916303	-209.312973	1.328802	-351.826907	-168.476333	-99.071796	-17.640252	-47.759401	192.746264	0.000000	0.000000	0.000000	79.326573	-230.931988	-56.289713	200.111929	-122.245854	-494.240221	313.586224	-28.411317	-864.842592	308.173516	-138.597408	-919.072976	309.538279	-199.679185	-917.739195	-138.053668	-205.468326	-62.141267	-205.467718	-32.404389	-493.981013	-279.654471	103.957619	-863.087296	-278.028340	-12.812890	-899.399083	-273.840273	-73.740242	-903.936140	
-40.906690	-197.664013	663.127577	-20.610413	-135.738364	419.610104	138.196713	-162.926224	444.743897	274.207734	-141.000811	191.319374	326.824305	-198.964391	-22.637283	300.480631	-143.095079	-112.513876	-173.688619	-164.868903	449.818568	-329.587196	-150.131130	214.713779	-374.094414	-227.248386	4.957640	-371.549596	-180.320829	-93.722402	-20.811330	-40.696992	194.046140	0.000000	0.000000	0.000000	76.725234	-232.651351	-52.701114	201.062703	-128.086820	-490.661019	316.277198	-30.691680	-859.804974	310.753376	-140.148891	-915.480936	312.198518	-201.233660	-914.391138	-140.214491	-204.778358	-59.525674	-204.200901	-33.925947	-492.765261	-276.739517	101.895983	-862.397878	-274.980792	-14.972222	-898.387757	-270.634676	-75.893015	-902.863841	
-44.420686	-194.615483	662.535549	-26.422763	-129.924350	419.556915	131.131402	-163.967422	444.221564	272.507197	-153.450778	193.012499	324.021330	-212.925576	-20.797637	305.066043	-152.741182	-109.745414	-177.811387	-166.471680	450.213956	-335.647184	-173.449640	216.045215	-379.301530	-246.292252	4.588709	-389.957411	-194.317178	-90.969996	-23.928593	-31.750115	195.352537	0.000000	0.000000	0.000000	75.142575	-234.085854	-48.458502	202.531428	-133.754953	-486.531802	318.926238	-32.400968	-854.236944	313.599208	-141.311477	-910.993710	315.314897	-202.392555	-910.108644	-141.501323	-204.672343	-56.781977	-202.617859	-35.970077	-491.276696	-273.938004	99.092260	-861.424399	-271.705361	-17.955847	-896.798088	-267.022839	-78.861042	-901.145292	
-46.808591	-191.848277	661.169671	-31.960434	-124.103320	418.811181	124.217736	-165.067811	441.633989	269.382702	-164.410743	192.374264	321.043711	-223.285645	-21.566423	308.673429	-159.603756	-109.229210	-181.698911	-168.009277	447.875458	-336.210154	-198.798750	213.409865	-380.520673	-267.957622	0.855802	-404.569995	-213.511440	-90.815708	-26.586463	-22.207670	196.324324	0.000000	0.000000	0.000000	75.385091	-234.956882	-43.625354	204.928039	-138.568329	-481.952056	321.162045	-32.520915	-848.382206	316.804754	-141.183555	-905.694083	319.189712	-202.243715	-904.923444	-141.308980	-205.599964	-53.833190	-200.675074	-39.132541	-489.431182	-271.826789	94.742162	-860.042457	-268.369320	-22.555326	-894.479170	-262.987485	-83.416625	-898.627064	
-47.499004	-190.119838	659.166561	-36.601944	-119.454767	417.432851	118.220991	-166.608582	437.356881	265.691059	-172.711924	189.528233	319.078395	-228.386616	-24.844928	311.549098	-161.798735	-110.882915	-184.722291	-170.069128	443.750644	-330.809357	-224.868037	208.269267	-376.071151	-293.832289	-4.147549	-412.195476	-240.194337	-92.263527	-28.518153	-13.715302	196.829536	0.000000	0.000000	0.000000	77.915046	-235.054053	-38.336117	208.503670	-141.975930	-477.067811	322.728715	-30.299147	-842.455809	320.411296	-139.015087	-899.785388	324.003238	-200.016154	-899.015440	-139.217073	-207.835860	-50.600861	-198.334555	-44.059141	-487.251358	-270.920231	88.098341	-858.200733	-265.166366	-29.452423	-891.446074	-258.590424	-90.212723	-895.346070	
-46.056059	-190.008683	656.911468	-39.465954	-117.281370	415.634049	114.314070	-169.039267	431.864113	262.960582	-177.086493	184.794960	319.398193	-226.841672	-30.251429	314.112681	-157.679172	-114.404760	-185.787289	-173.771967	439.984744	-319.544764	-250.937642	203.446742	-362.957270	-325.163065	-7.578239	-409.370883	-275.643067	-93.251856	-29.688561	-7.698338	196.983720	0.000000	0.000000	0.000000	82.960859	-234.140286	-32.964260	213.470332	-143.169087	-472.161190	323.486787	-24.917919	-836.771248	324.466089	-133.815052	-893.794595	329.905674	-194.678085	-892.941846	-134.849668	-211.477423	-47.227661	-195.601514	-51.355642	-485.007943	-271.653830	78.373500	-856.119940	-262.260687	-39.279347	-888.153024	-253.872511	-99.830994	-891.814104	
-42.241682	-191.894064	654.718635	-39.507657	-118.659511	413.520149	113.908434	-172.736998	424.909576	262.883413	-176.219071	177.931762	323.112766	-217.539152	-37.870943	316.783417	-146.227550	-120.137376	-183.344439	-180.762865	438.980522	-302.157246	-277.799673	201.781861	-337.734306	-361.913599	-6.987681	-392.992760	-319.891370	-91.409586	-30.588529	-4.981640	196.933456	0.000000	0.000000	0.000000	90.512476	-231.959904	-28.158738	219.991268	-141.172678	-467.698665	323.252373	-15.522139	-831.809279	328.884647	-124.426595	-888.548185	336.903043	-185.002561	-887.608601	-127.957094	-216.371327	-44.136338	-192.561869	-61.533625	-483.263718	-274.249518	64.708111	-854.380777	-259.675203	-52.672580	-885.459786	-248.732988	-112.825308	-888.950367	
-36.283899	-195.789852	652.645650	-36.044597	-123.944170	411.014474	117.893575	-177.545270	415.547902	265.858690	-169.274036	168.077457	330.030008	-200.654537	-48.262640	319.279613	-128.459219	-129.290019	-175.905741	-192.283916	442.040533	-278.497596	-306.050256	204.705409	-299.349397	-400.685170	-1.534832	-361.860766	-369.523803	-85.604567	-32.185496	-5.846273	196.654967	0.000000	0.000000	0.000000	99.821559	-228.524335	-24.558190	227.724235	-135.665519	-464.126810	321.716447	-2.311931	-828.008299	333.103037	-110.740477	-884.795642	344.354633	-170.799799	-883.844599	-119.052573	-221.840203	-41.844886	-189.325726	-74.495701	-482.676632	-278.373707	46.922131	-853.710170	-257.263220	-69.609558	-884.226638	-243.070765	-129.084329	-887.631457	
-28.959573	-200.972571	650.621554	-29.142936	-132.266942	408.078801	126.030873	-182.150275	403.248392	270.129753	-156.359077	154.704559	338.149939	-178.565775	-61.595807	320.021694	-108.469102	-143.149436	-162.837316	-207.468603	448.878305	-250.683545	-333.213649	211.671531	-251.718241	-434.270557	7.436293	-318.825385	-416.348193	-76.954716	-35.101065	-10.248851	195.974838	0.000000	0.000000	0.000000	109.094007	-224.456366	-22.553436	235.530612	-127.530191	-461.667917	318.821146	12.553692	-825.627593	336.162245	-94.813149	-882.923791	350.855180	-154.126287	-882.090505	-109.829277	-226.747419	-40.751973	-185.963460	-88.486402	-483.548567	-282.966286	26.694590	-854.576208	-254.868981	-88.412243	-884.866476	-237.144877	-146.933417	-888.242170	
-21.676536	-205.898875	648.662674	-19.963723	-141.483620	404.951317	136.553093	-184.347311	388.958164	272.370020	-138.744580	138.602691	344.667841	-155.672686	-76.785786	317.312832	-92.872832	-161.644804	-145.665943	-222.626347	457.950246	-224.629346	-353.868025	220.597697	-204.074888	-454.951344	17.409905	-272.086770	-450.207605	-68.020202	-38.877219	-17.520914	194.743011	0.000000	0.000000	0.000000	116.013224	-220.970024	-22.449953	241.779065	-118.773323	-460.560914	315.251008	25.485924	-825.003771	337.352022	-80.555091	-883.124808	354.939591	-139.078249	-882.539579	-102.735887	-229.970515	-41.188410	-183.068814	-100.068630	-485.770763	-286.959706	8.007666	-857.071067	-252.907960	-105.502463	-887.278204	-232.109427	-163.004305	-890.628748	
-16.912284	-208.897094	647.075526	-11.160898	-149.161626	402.236641	146.114728	-182.788281	375.325378	269.145215	-119.777462	122.151829	346.951923	-137.850400	-91.214561	310.582144	-89.054889	-181.709912	-129.323025	-233.089813	466.950226	-209.546887	-362.735185	229.143499	-168.773080	-458.706782	26.529207	-234.199807	-463.853141	-60.873772	-42.503387	-26.033690	193.025828	0.000000	0.000000	0.000000	118.356298	-219.493546	-24.600608	244.782071	-112.207355	-461.302592	312.430809	32.528482	-826.682721	336.596952	-72.615688	-885.605617	355.664658	-130.675833	-885.346416	-100.287543	-230.631798	-43.462258	-182.256430	-105.339034	-489.067657	-290.255974	-3.625815	-860.992702	-252.941910	-116.145776	-891.050329	-230.369570	-172.977970	-894.345511	
-17.027163	-209.074728	646.509028	-5.807655	-153.892258	400.792724	151.600978	-178.191648	365.826272	259.512786	-104.127350	108.779134	343.430186	-130.153794	-101.426065	300.354714	-100.765766	-197.207163	-120.204448	-236.138131	473.889009	-212.556765	-357.553476	236.138733	-154.977621	-446.877708	34.566350	-215.738656	-456.635761	-55.762490	-45.244050	-33.790842	191.192092	0.000000	0.000000	0.000000	115.071778	-220.688828	-29.081732	243.506719	-109.826150	-464.301628	311.661211	31.184037	-831.042062	334.272153	-74.062048	-890.398724	352.813815	-132.292849	-890.474302	-103.681950	-228.310443	-47.560279	-184.962403	-101.958228	-492.992600	-293.430134	-3.894449	-865.760578	-256.648953	-116.673709	-895.501542	-234.152165	-173.539342	-898.735940	
-21.919599	-206.412358	647.605235	-4.967880	-155.475985	401.301338	152.657474	-172.275910	363.057372	246.205931	-94.328156	101.568283	334.498726	-132.989369	-104.866754	287.266985	-123.542298	-202.708906	-121.284929	-231.634632	477.879933	-232.430275	-338.954211	241.395155	-162.340424	-424.078499	41.978831	-217.512783	-433.467266	-51.905588	-46.585687	-39.610173	189.747382	0.000000	0.000000	0.000000	107.413214	-223.616569	-35.339093	238.225358	-110.918585	-469.378000	312.993406	22.236967	-837.762027	330.738989	-83.996346	-897.013897	346.854904	-142.943568	-897.370800	-111.421709	-223.455600	-52.824076	-190.544796	-90.756616	-496.796894	-296.311060	7.302230	-870.341643	-263.660669	-106.845073	-899.682519	-242.991621	-164.400750	-902.907644	
-28.904971	-201.518576	650.433792	-6.842616	-154.383227	403.778170	151.662830	-166.223001	367.357929	233.585037	-89.298597	101.698188	322.470394	-141.729300	-101.417902	272.161916	-147.652121	-197.995065	-130.043146	-220.874132	478.575669	-260.488977	-309.529289	244.225550	-182.362883	-395.558792	48.213204	-231.342513	-401.612019	-49.310007	-45.926698	-43.636491	189.023427	0.000000	0.000000	0.000000	98.474331	-226.498849	-42.330808	230.448150	-112.770679	-475.748897	315.209490	9.361950	-845.784827	326.304823	-98.115527	-904.408134	338.882843	-157.916365	-904.935514	-120.102060	-217.578090	-58.076288	-196.687310	-75.473288	-499.576313	-297.899028	25.761865	-873.535336	-271.510090	-90.048456	-902.658098	-253.715877	-148.551876	-905.972139	
-35.134200	-195.386684	654.364612	-8.785232	-151.451653	407.538905	151.146550	-160.436541	377.015349	225.031300	-86.663567	108.124475	310.365431	-151.073932	-93.059824	256.843127	-165.630373	-186.956811	-141.403348	-205.901122	475.669422	-287.141690	-273.383677	243.285536	-205.845584	-366.007720	51.615685	-248.210994	-367.876376	-49.122105	-42.918193	-46.561625	189.032549	0.000000	0.000000	0.000000	91.020076	-228.284920	-48.909723	222.014519	-113.523304	-482.352515	316.787537	-3.584258	-853.780750	321.333886	-112.111431	-911.334116	330.195084	-172.574749	-911.873973	-127.030772	-212.472066	-62.099833	-201.757572	-60.483729	-500.616421	-297.791051	46.131425	-874.445926	-277.992803	-70.909567	-903.873423	-263.265483	-130.246332	-907.411981	
-39.306282	-188.902987	658.557620	-9.333356	-147.486743	411.709888	152.047590	-154.942244	389.546937	222.160059	-84.957876	118.640792	300.514608	-158.463777	-82.265103	243.418845	-175.026343	-173.692268	-151.250492	-189.110681	469.338449	-306.494165	-235.031160	237.850778	-227.657785	-338.620256	50.822101	-263.680855	-336.844283	-52.355449	-37.763997	-48.593594	189.620157	0.000000	0.000000	0.000000	86.038492	-229.045868	-54.094254	214.177304	-113.543579	-488.193426	316.626843	-14.606700	-860.675694	316.010490	-123.971593	-916.801863	321.587227	-184.827032	-917.176831	-131.507429	-209.126879	-64.104056	-205.693047	-48.567876	-499.648138	-296.609379	64.827012	-872.761444	-282.513799	-52.757316	-903.286554	-270.489505	-112.677243	-907.196251	
-41.382430	-182.441186	662.448050	-8.295560	-142.761374	415.712856	154.111815	-149.561661	402.743998	225.272298	-83.683333	131.082552	294.074604	-163.708455	-70.828206	233.576547	-176.530926	-160.654374	-157.572025	-172.560989	460.686145	-316.697477	-198.289344	228.709913	-246.305244	-314.511009	45.780801	-277.121109	-310.072567	-58.990880	-31.029699	-49.161623	190.692301	0.000000	0.000000	0.000000	83.221176	-229.321153	-57.243905	207.436934	-114.208876	-492.585191	314.442597	-23.437994	-865.865097	310.369495	-133.548612	-920.365264	313.320034	-194.588892	-920.425812	-134.033681	-207.586601	-63.877702	-209.117327	-40.568274	-496.831130	-295.245101	80.428970	-868.690503	-285.494171	-37.069854	-901.178774	-275.619932	-97.347786	-905.576184	
-41.867334	-175.897924	665.809673	-6.102172	-137.042133	419.317148	156.760379	-143.971649	415.032032	233.892021	-82.621536	143.940566	291.293829	-167.385065	-59.592989	228.582400	-172.000639	-148.694865	-160.198149	-157.428135	451.456184	-318.830077	-165.718180	217.868906	-262.051716	-293.159953	37.701167	-289.223763	-286.623821	-67.965200	-23.533473	-47.513218	192.176822	0.000000	0.000000	0.000000	81.925893	-229.547614	-58.196743	201.836048	-116.209716	-495.207614	310.799109	-30.467213	-869.109643	304.561694	-141.234292	-922.052588	305.530891	-202.337322	-921.727898	-135.282331	-207.424726	-61.735397	-212.527474	-36.190485	-492.656933	-294.253197	92.797799	-862.819935	-287.500389	-24.139825	-897.984314	-279.250426	-84.619951	-902.919839	
-41.601752	-169.114601	668.574824	-3.495668	-130.147931	422.450852	159.352480	-137.977927	425.575372	246.920912	-81.823113	156.536125	291.707215	-170.232915	-48.606814	229.107223	-163.952926	-137.685285	-160.238887	-144.087912	443.219028	-315.788727	-138.563683	207.487061	-275.745722	-273.606947	28.362868	-300.790970	-265.013175	-77.681014	-16.218962	-43.558680	193.862961	0.000000	0.000000	0.000000	81.441967	-229.952277	-57.271080	197.188359	-119.317538	-496.093541	306.604041	-36.133092	-870.440986	298.809952	-147.380165	-922.157015	298.298411	-208.485734	-921.469419	-135.868087	-208.046300	-58.259636	-216.128138	-34.805059	-487.825864	-293.788974	102.338575	-855.926580	-288.997291	-13.719660	-894.189718	-281.992594	-74.312799	-899.636987	
-41.508115	-162.120864	670.700524	-1.238609	-122.348210	425.050392	161.307615	-131.685861	434.112633	262.758417	-81.677242	168.762708	294.490138	-172.954919	-37.555530	234.793319	-154.891744	-127.016039	-159.216168	-132.505057	436.626491	-311.001455	-117.123164	198.886184	-288.198052	-255.472956	19.261738	-312.270374	-244.588317	-86.797068	-9.867782	-37.899886	195.472470	0.000000	0.000000	0.000000	81.065426	-230.633244	-55.022936	193.233705	-123.124560	-495.548288	302.519798	-40.826719	-870.129478	293.252657	-152.326208	-921.052860	291.567069	-213.406892	-920.086509	-136.398233	-208.843828	-54.012618	-219.989533	-35.847700	-483.041966	-293.748091	109.578519	-848.758535	-290.358842	-5.428529	-890.212533	-284.401095	-66.093789	-896.086069	
-42.200934	-155.138365	672.180700	0.162992	-114.274337	427.062537	162.266100	-125.483509	440.756605	279.698427	-82.621754	180.802324	298.856807	-176.028691	-26.112712	244.407332	-146.909755	-116.004387	-158.282612	-122.599236	431.508142	-307.199133	-101.200576	192.422808	-299.977600	-239.189598	11.225454	-323.902222	-225.790215	-94.578569	-4.891775	-31.387802	196.809902	0.000000	0.000000	0.000000	80.346631	-231.596120	-51.946857	189.729717	-127.443541	-493.976276	298.765990	-44.905685	-868.577459	287.930904	-156.457418	-919.075165	285.233759	-217.498732	-917.931280	-137.287704	-209.419757	-49.325825	-224.125728	-38.838392	-478.677083	-293.895640	114.956922	-841.743027	-291.775672	1.047791	-886.203768	-286.777713	-59.671722	-892.402811	
-43.826390	-148.445327	673.080002	0.537091	-106.542204	428.491584	162.130764	-119.827956	445.857195	296.350177	-84.882021	192.938946	304.281358	-179.653723	-14.090405	256.438142	-141.308826	-104.278358	-157.995356	-114.311193	427.404042	-305.830491	-90.308029	187.895271	-311.560480	-225.456310	4.516670	-336.067333	-209.452201	-100.790998	-1.296628	-24.703360	197.816389	0.000000	0.000000	0.000000	79.190252	-232.777048	-48.317389	186.502737	-132.258724	-491.693666	295.302013	-48.671619	-866.131066	282.852181	-160.146714	-916.425315	279.239454	-221.138864	-915.188047	-138.651097	-209.629717	-44.371617	-228.493752	-43.327448	-474.782118	-294.053690	118.769341	-835.010163	-293.242356	5.916954	-882.129399	-289.157439	-54.845649	-888.570400	
-46.315092	-142.239540	673.496935	-0.166959	-99.508606	429.382410	160.861852	-115.024578	449.865752	311.742563	-88.691332	205.437274	310.403414	-183.917036	-1.531331	269.658969	-138.411467	-91.876804	-158.596677	-107.516674	423.907720	-307.323789	-83.710523	184.932107	-323.530289	-214.653435	-0.855151	-349.333818	-196.055865	-105.424413	1.120069	-18.179419	198.523336	0.000000	0.000000	0.000000	77.627617	-234.115983	-44.209496	183.444688	-137.669945	-488.847928	291.980839	-52.387423	-862.979253	277.949192	-163.724725	-913.162164	273.493208	-224.660153	-911.880421	-140.431549	-209.468715	-39.235480	-233.044245	-48.967062	-471.257997	-294.202773	121.252486	-828.501134	-294.707938	9.353708	-877.846348	-291.491029	-51.440970	-884.473986	
-49.581970	-136.673690	673.515952	-2.012984	-93.348011	429.779288	158.371146	-111.249853	453.168293	325.189775	-94.408137	218.452269	316.874218	-188.933079	11.325211	283.362496	-137.965251	-79.076206	-160.242307	-102.107765	420.789035	-311.573957	-80.811242	183.215846	-336.467165	-206.928243	-4.934179	-364.294588	-185.759802	-108.490705	2.509383	-11.958103	198.982330	0.000000	0.000000	0.000000	75.712014	-235.567099	-39.580964	180.608105	-143.816282	-485.429619	288.643526	-56.191093	-859.164321	273.119591	-167.393436	-909.206832	267.893852	-228.267018	-907.893905	-142.528967	-208.972782	-33.962556	-237.689688	-55.594600	-468.014301	-294.392823	122.577038	-822.100931	-296.140333	11.476973	-873.191669	-293.741397	-49.339517	-879.964158	
-53.416571	-131.961850	673.188016	-4.926272	-88.227495	429.706022	154.707119	-108.716549	455.935203	336.347398	-102.271015	231.950886	323.557119	-194.794707	24.149282	297.449027	-139.584861	-66.202318	-162.907931	-98.154226	417.987141	-318.147932	-81.560004	182.570480	-350.600828	-202.592639	-7.754275	-381.235758	-178.866476	-109.955022	2.984637	-6.162909	199.239483	0.000000	0.000000	0.000000	73.665021	-237.040535	-34.293865	178.311860	-150.890314	-481.316912	285.242038	-60.084545	-854.609964	268.414869	-171.209194	-904.403189	262.543462	-232.022787	-903.039893	-144.707946	-208.280118	-28.576008	-242.143226	-63.359975	-465.022873	-294.582542	122.691311	-815.697589	-297.446904	12.180773	-868.002065	-295.816217	-48.650498	-874.869690	
-57.423783	-128.398346	672.529785	-8.629636	-84.391322	429.157647	150.135932	-107.764969	458.101688	345.260389	-112.289146	245.711273	330.718951	-201.732298	36.679696	312.472516	-143.081537	-53.433161	-166.351931	-95.958697	415.594808	-326.369477	-86.229085	183.010309	-365.820470	-202.076904	-9.209627	-400.042618	-175.871794	-109.651447	2.718597	-0.932246	199.336402	0.000000	0.000000	0.000000	71.868052	-238.398732	-28.139793	176.978537	-159.248652	-476.346750	281.936585	-64.125666	-849.124001	264.108543	-175.241899	-898.586617	257.786966	-236.008174	-897.129706	-146.591848	-207.633705	-23.165924	-245.903024	-72.664053	-462.371832	-294.546237	121.400832	-809.229696	-298.407175	11.210808	-862.142773	-297.498552	-49.631646	-869.044741	
-61.199461	-126.275790	671.536787	-12.785774	-82.115234	428.116482	145.009691	-108.762221	459.439316	352.208540	-124.149590	259.350397	338.977806	-210.244769	48.831279	329.402966	-148.794305	-40.752950	-170.265170	-95.938744	413.860698	-335.558407	-94.895426	184.791086	-381.863666	-205.645782	-8.898830	-420.309339	-177.176100	-107.173088	1.804111	3.614369	199.316187	0.000000	0.000000	0.000000	70.669276	-239.495126	-20.946557	176.904711	-169.247070	-470.370264	279.091888	-68.456534	-842.427386	260.606022	-179.598619	-891.589528	254.066567	-240.338452	-889.997890	-147.798731	-207.291656	-17.980258	-248.486939	-83.874271	-460.260012	-293.979237	118.534221	-802.749388	-298.759433	8.351108	-855.601759	-298.529444	-52.502340	-862.462665	
-64.548041	-125.745140	670.230577	-17.194171	-81.545121	426.609039	139.585174	-111.859908	459.652061	357.480465	-137.099194	272.333267	349.158245	-220.940259	60.656277	349.109142	-157.572929	-28.100414	-174.450549	-98.400444	413.177490	-345.298904	-107.014558	188.383214	-398.474878	-213.068544	-6.168758	-441.389951	-182.714930	-101.998696	0.033595	7.390117	199.220094	0.000000	0.000000	0.000000	70.171369	-240.218379	-12.725157	178.195545	-181.084436	-463.320741	277.073413	-73.257793	-834.297877	258.244971	-184.412595	-883.301004	251.714066	-245.149034	-881.552490	-148.182572	-207.368211	-13.339254	-249.740600	-97.057134	-458.871273	-292.687383	114.074833	-796.386584	-298.354351	3.588244	-848.512787	-298.747184	-57.279085	-855.241893	
-67.556809	-126.764706	668.699807	-21.880941	-82.632349	424.745847	133.952233	-116.808854	458.488685	361.212883	-149.913299	283.959597	362.080549	-234.386773	72.372237	371.965889	-170.631090	-15.551958	-178.880388	-103.347669	413.969679	-355.576121	-121.147672	194.293536	-415.566988	-223.424839	-0.298547	-462.554069	-191.807195	-93.780958	-3.070077	10.256379	199.069441	0.000000	0.000000	0.000000	70.101112	-240.547285	-3.695631	180.734318	-194.770887	-455.212232	275.995844	-78.746501	-824.659165	257.075293	-189.867087	-873.704394	250.735236	-250.619106	-871.801495	-147.988501	-207.720099	-9.452475	-249.977928	-111.916382	-458.229871	-290.707783	108.242277	-790.207224	-297.214793	-2.790376	-841.059467	-298.152305	-63.675710	-847.568244	
-70.410003	-129.145580	667.085572	-26.918384	-85.159737	422.706339	128.235204	-122.871345	455.809049	363.469354	-160.957304	293.272703	378.382053	-250.777532	84.429054	397.681509	-189.061298	-3.387850	-183.515036	-110.321818	416.506714	-366.516959	-135.044803	202.743059	-433.149590	-235.264533	9.244480	-483.014053	-203.421054	-82.657372	-7.931374	11.973922	198.839079	0.000000	0.000000	0.000000	69.961552	-240.546743	5.784956	184.321978	-210.005984	-446.090448	275.735094	-85.089115	-813.604898	256.882240	-196.108223	-862.905345	250.839903	-256.886481	-860.875919	-147.665021	-208.067626	-6.363156	-249.842149	-127.977347	-458.167017	-288.280295	101.388176	-784.129722	-295.484171	-10.320289	-833.382792	-296.864168	-71.227103	-839.605538	
-73.113014	-132.580867	665.529521	-32.175182	-88.755760	420.680713	122.819253	-128.887080	451.612784	364.356269	-168.431745	298.970065	398.215994	-269.440672	97.583752	425.246509	-213.170775	8.162160	-188.121316	-118.334035	420.755266	-377.908566	-145.940866	213.355910	-450.995127	-246.824545	22.551194	-501.787067	-216.429375	-69.333161	-14.524271	12.300615	198.446470	0.000000	0.000000	0.000000	69.351048	-240.311977	15.212036	188.958526	-226.345882	-436.120907	276.206265	-92.355484	-801.445227	257.429738	-203.198979	-851.168142	251.698236	-264.004571	-849.057484	-147.538054	-208.215611	-4.045640	-249.961337	-144.620833	-458.409505	-285.558116	93.945460	-778.029142	-293.244325	-18.460438	-825.593606	-294.942190	-79.391551	-831.491375	
-75.463993	-136.640968	664.152348	-37.280658	-92.937578	418.837181	118.253270	-133.625523	446.118661	363.829552	-170.861643	299.457586	420.654945	-288.576590	112.856950	452.714653	-242.329995	19.440684	-192.334385	-126.064298	426.256010	-388.941378	-151.104060	224.973793	-468.511889	-256.189246	39.094157	-517.919129	-229.776247	-54.755193	-22.225435	11.123520	197.801816	0.000000	0.000000	0.000000	68.194631	-239.934410	23.912156	194.893924	-243.402930	-425.685091	277.513976	-100.537377	-788.715137	258.636321	-211.136042	-838.942379	253.126710	-271.961465	-836.812323	-147.645990	-208.162422	-2.579393	-250.822051	-161.012868	-458.773394	-282.472079	86.422334	-772.001452	-290.404244	-26.648564	-817.920888	-292.305848	-87.605726	-823.477447	
-77.161601	-140.840765	663.091903	-41.767884	-97.208434	417.346122	114.951314	-136.225899	439.869912	361.375380	-167.744840	293.290767	443.242130	-305.236982	131.119630	476.825060	-275.251423	31.790761	-195.864730	-132.256673	432.173796	-398.134281	-148.699023	235.673140	-484.981321	-261.826063	57.950136	-530.915746	-243.125643	-39.449788	-29.983643	8.521855	196.905104	0.000000	0.000000	0.000000	66.864060	-239.491410	31.046452	202.643243	-260.697593	-415.402579	279.967256	-109.529822	-776.230454	260.685213	-219.857045	-826.899114	255.230795	-280.689346	-824.824114	-147.696118	-208.130768	-2.241789	-252.687315	-176.552985	-459.364353	-278.769647	79.230363	-766.337170	-286.709902	-34.489899	-810.622564	-288.761027	-95.472481	-815.836452	
-77.901765	-144.729082	662.550623	-45.306669	-101.201217	416.399513	112.963561	-136.478035	433.623654	355.813440	-159.914753	279.745889	462.106649	-315.787781	152.031033	493.382889	-310.013177	47.716020	-198.705335	-136.118051	437.464671	-403.576042	-138.556469	242.996479	-499.662886	-263.364457	78.327459	-540.838864	-257.626549	-22.756850	-36.684003	4.704614	195.896431	0.000000	0.000000	0.000000	66.082464	-239.070849	35.623826	213.029296	-277.862099	-406.082290	283.985751	-119.043429	-764.926636	264.065700	-229.154257	-815.818715	258.511785	-289.981165	-813.852410	-147.182296	-208.478485	-3.417360	-255.354981	-191.265873	-460.564757	-274.254641	72.493750	-761.249615	-281.908712	-41.911977	-803.785328	-284.086704	-102.918732	-808.653505	
-77.446165	-148.022129	662.757274	-47.787023	-104.896804	416.164439	112.027412	-135.015826	428.113555	345.599504	-149.454016	259.473920	473.203069	-317.482175	173.511141	499.475300	-343.599282	70.940006	-201.105914	-137.651241	440.954386	-403.494386	-122.721665	244.455419	-511.738092	-261.998087	100.195306	-548.277570	-275.899250	-1.873527	-41.455404	-0.217178	194.999137	0.000000	0.000000	0.000000	66.668842	-238.746170	36.692666	226.976765	-294.831748	-398.460414	289.977825	-128.601404	-755.427909	269.490373	-238.634270	-806.263323	263.803066	-299.452222	-804.404195	-145.595460	-209.523554	-6.279131	-258.122347	-205.660167	-462.682594	-269.064582	65.892041	-756.752968	-275.921318	-49.268858	-797.342305	-278.129650	-110.301183	-801.863985	
-75.680491	-150.692446	663.862616	-49.174586	-108.618026	416.729728	111.862081	-133.206694	424.022186	329.740472	-138.959419	235.078749	474.243243	-310.024877	193.111025	495.657125	-371.169558	105.384490	-203.231941	-137.638530	441.593731	-396.781055	-105.335398	238.391669	-520.298988	-259.705976	125.083916	-554.055436	-300.425816	29.434456	-43.650169	-6.353338	194.415943	0.000000	0.000000	0.000000	69.356644	-238.422581	33.691968	245.159442	-311.162246	-392.928171	298.407164	-137.567353	-747.973164	277.776268	-247.707060	-798.518368	272.083073	-308.526788	-796.737001	-142.526463	-211.453228	-10.551062	-260.038339	-220.454072	-465.623903	-263.609778	58.723649	-752.651366	-268.884095	-57.232887	-791.158576	-270.888857	-118.296207	-795.344135	
-72.749392	-152.851169	665.786306	-49.355210	-112.736362	418.014235	112.446462	-132.620190	421.943961	308.802452	-130.205158	210.656946	465.532081	-295.554965	209.658955	484.885281	-386.500964	152.672552	-204.797989	-137.201819	438.824351	-383.395389	-91.262924	224.842070	-523.928419	-256.895679	155.980908	-557.629644	-329.136971	81.202265	-42.759710	-13.801686	194.227654	0.000000	0.000000	0.000000	74.554552	-237.744042	26.649751	267.513206	-325.591388	-389.586032	309.658908	-145.177327	-742.717679	289.507405	-255.600333	-792.836372	284.058820	-316.444210	-791.115735	-137.748011	-214.290415	-15.578484	-260.274772	-236.074797	-468.892923	-258.379289	50.349901	-748.705395	-261.199975	-66.330686	-785.232458	-262.653580	-127.429700	-789.113763	
-69.170231	-154.496166	668.096891	-48.071817	-117.328462	419.659971	114.089340	-134.306928	422.126052	285.363281	-123.521815	190.279922	449.487300	-278.098280	223.069467	469.265090	-384.219811	207.570090	-204.990666	-137.232072	432.865956	-364.561711	-83.930567	205.947774	-519.901707	-250.224515	194.056167	-554.585604	-348.287473	160.483769	-38.553958	-22.212703	194.328199	0.000000	0.000000	0.000000	81.950242	-236.247541	16.188797	292.663561	-336.454012	-388.485129	323.521296	-150.730396	-740.027433	304.473209	-261.568911	-789.658074	299.547300	-322.459091	-788.000851	-131.438853	-217.809730	-20.502072	-258.457341	-251.939691	-471.814376	-253.737015	40.836977	-744.939367	-253.482755	-76.371374	-779.848961	-254.025141	-137.500159	-783.488261	
-65.717849	-155.357169	670.134304	-44.930772	-122.024138	421.127696	117.293746	-138.251147	424.365062	263.962883	-118.371282	176.783429	430.428241	-263.271446	233.342764	450.275646	-368.133536	255.774745	-202.808148	-137.981495	424.892484	-342.764647	-83.582977	185.625249	-505.869244	-235.436867	233.195077	-539.231843	-338.068865	250.516519	-31.275708	-30.552631	194.503542	0.000000	0.000000	0.000000	90.383585	-233.684582	3.625415	317.883610	-342.470107	-389.581750	338.853522	-153.969596	-740.374101	321.334019	-265.279643	-789.510105	317.113615	-326.224789	-787.928192	-124.276012	-221.582114	-24.380826	-254.822395	-266.182827	-473.769038	-249.770131	31.293148	-741.762020	-246.316382	-86.203351	-775.513853	-245.714253	-147.341078	-778.989879	
-63.036660	-154.933658	671.336713	-39.518614	-126.151885	422.005617	122.520124	-143.350039	428.191222	249.962278	-114.241003	171.063100	414.070409	-256.348755	240.198036	431.911238	-353.762862	285.863863	-197.635438	-138.978455	416.655303	-321.407518	-86.980901	168.114448	-484.875807	-214.921924	262.108145	-515.056238	-304.818726	316.460044	-21.761614	-37.305285	194.622735	0.000000	0.000000	0.000000	98.468310	-230.246879	-9.010353	339.839893	-343.243353	-392.642966	353.860861	-155.167521	-744.009366	337.974901	-266.927979	-792.676018	334.471595	-327.920799	-791.183456	-117.067845	-225.235440	-26.489650	-249.894297	-276.469558	-474.500304	-246.187432	23.346637	-739.894780	-239.932682	-94.243607	-772.909238	-238.176624	-155.363594	-776.304900	
-61.346564	-152.774494	671.483751	-31.819714	-129.109966	422.253658	129.769016	-148.154016	433.070187	247.245769	-111.230957	172.226153	405.104897	-259.425323	243.110969	418.804609	-353.283817	296.926136	-189.701201	-139.482240	409.607362	-303.862423	-89.035773	156.194261	-465.141095	-196.605490	275.958812	-493.123592	-274.039011	347.843804	-11.241692	-41.288352	194.710445	0.000000	0.000000	0.000000	105.408249	-226.472420	-19.752573	355.719992	-339.314895	-397.658689	366.770396	-154.952164	-751.092877	352.331678	-267.082654	-799.357597	349.387503	-328.107389	-797.965243	-110.360841	-228.565007	-26.760191	-243.963061	-281.002928	-474.400737	-242.375989	18.344837	-740.344558	-234.116420	-99.241224	-772.930440	-231.425155	-160.326351	-776.340906	
-60.321680	-148.931262	670.606365	-22.423357	-130.692621	422.053446	138.443052	-151.813088	438.378732	256.396459	-110.298757	178.441693	405.185699	-270.733003	241.910947	412.759103	-367.026792	292.540198	-179.939198	-139.223274	404.444797	-292.325661	-85.807650	150.846919	-453.134603	-185.600730	277.761958	-480.895479	-259.529443	353.328495	-0.723402	-42.412947	194.791888	0.000000	0.000000	0.000000	111.158247	-222.868321	-27.647345	364.026850	-331.892382	-404.971674	376.342132	-154.036024	-761.682906	363.004254	-266.422872	-809.667322	360.359732	-327.463461	-808.371956	-104.344025	-231.482131	-25.805673	-236.979645	-279.114556	-474.270043	-237.855920	16.797507	-744.034760	-228.556641	-100.774267	-776.391263	-225.298697	-161.825365	-779.914931	
-59.310321	-144.135707	668.902596	-12.385784	-131.094878	421.565763	147.534681	-154.198854	443.525772	274.576831	-112.467035	187.943188	413.567132	-286.109519	237.296156	413.530024	-387.964463	276.267170	-169.657129	-138.517750	401.448561	-287.272686	-76.885484	152.121718	-450.380090	-182.826995	270.856604	-479.599126	-262.918893	339.252204	9.069936	-41.596575	194.758112	0.000000	0.000000	0.000000	116.077833	-219.651593	-32.709853	364.867443	-322.078602	-414.566977	382.047831	-152.656120	-775.161362	369.466122	-265.204424	-822.971263	366.881940	-326.249152	-821.751331	-98.909480	-233.992436	-24.536507	-228.715689	-271.484491	-474.787594	-232.778795	18.145449	-751.257679	-223.263586	-99.440253	-783.500590	-219.819137	-160.470321	-787.206466	
-58.044704	-139.386001	666.831006	-3.144161	-130.648562	420.950808	155.696099	-155.485891	448.217446	297.343001	-117.952090	199.760048	428.380438	-301.862324	229.958516	420.526670	-408.731875	250.216566	-160.423831	-137.820674	400.807748	-288.230484	-65.243981	159.573602	-454.959843	-186.944261	256.092848	-486.450547	-279.150406	305.618443	17.413959	-39.959148	194.533497	0.000000	0.000000	0.000000	120.274935	-216.950140	-35.459790	359.460396	-310.533390	-425.632721	383.949280	-150.535195	-790.088926	371.856012	-263.205485	-837.737277	369.196334	-324.247874	-836.563448	-94.127464	-236.034758	-23.773913	-219.305340	-259.688215	-476.269615	-228.002733	21.171061	-761.541664	-218.774687	-96.453559	-793.726038	-215.414448	-157.474893	-797.646819	
-56.943268	-135.398468	665.000501	3.896878	-129.630416	420.434169	161.601808	-156.002320	452.438365	320.839451	-126.430360	213.749064	446.803249	-316.180237	219.566032	432.734055	-424.218608	214.776535	-153.633458	-137.536398	402.664377	-294.743774	-55.358658	172.163774	-463.736023	-195.360414	233.537464	-497.035094	-297.886227	251.594371	23.518738	-38.139827	194.256232	0.000000	0.000000	0.000000	123.383945	-215.025084	-36.488841	349.462710	-297.640827	-436.820524	382.500726	-147.268181	-804.684643	370.743637	-260.078774	-852.084511	368.001452	-321.117969	-850.934685	-90.534580	-237.426075	-23.873292	-209.548215	-245.450219	-478.573979	-224.716951	24.601645	-773.835929	-215.919646	-93.069150	-805.972097	-212.739524	-154.085049	-810.121049	
-56.684413	-132.444222	663.821880	7.953167	-128.288218	420.198820	164.491910	-156.412372	456.188327	342.322063	-137.723912	229.845913	465.242451	-327.941272	205.073640	448.387354	-429.885512	170.196013	-149.905308	-138.175012	406.893556	-306.264601	-51.381403	188.228354	-473.666411	-205.169028	204.090324	-507.031308	-306.946186	182.304637	26.822008	-36.200136	194.199359	0.000000	0.000000	0.000000	124.944692	-214.163199	-36.245941	336.494760	-283.859401	-446.844813	378.401329	-142.716090	-817.452232	366.965222	-255.722408	-864.462806	364.250246	-316.763091	-863.327499	-88.798503	-238.011796	-24.551911	-200.620554	-230.071825	-481.075878	-223.844084	27.560600	-786.729147	-215.327310	-90.144988	-818.813426	-212.263793	-151.152059	-823.174523	
-57.725663	-130.484345	663.301058	8.993424	-126.891492	420.230823	164.286613	-157.695763	459.291201	359.436309	-151.988320	246.952483	479.951893	-335.395743	185.768801	465.207284	-420.383538	119.039180	-148.986489	-140.350811	412.796406	-321.265866	-56.033954	205.416769	-481.973369	-213.529151	169.445072	-513.568153	-298.937479	108.999977	27.220238	-33.858222	194.566031	0.000000	0.000000	0.000000	124.723609	-214.487497	-35.070717	321.730033	-269.954186	-454.968730	372.372738	-137.250081	-827.597755	361.333090	-250.502209	-874.108918	358.806169	-311.551144	-872.983202	-89.313873	-237.749578	-25.214195	-193.690887	-214.191817	-482.960651	-225.690446	29.770334	-798.866042	-217.194610	-87.951085	-830.897749	-214.102596	-148.945674	-835.410679	
-60.121175	-129.343267	663.126024	7.468838	-125.702553	420.297237	161.332176	-160.749843	461.386787	369.837368	-168.950701	262.233477	487.850099	-336.187733	162.180984	481.014198	-391.174278	68.250575	-150.132808	-144.529214	419.133278	-336.770575	-69.837791	220.680852	-486.182614	-217.294258	132.034166	-515.769225	-272.949115	42.739197	25.039172	-30.779091	195.368750	0.000000	0.000000	0.000000	122.689865	-215.944517	-33.256321	305.757777	-256.760382	-461.067764	364.949179	-131.574775	-835.036205	354.411506	-245.081192	-881.041176	352.196544	-306.142264	-879.916672	-92.137115	-236.648449	-25.413561	-189.676665	-197.893362	-483.633406	-230.032170	31.437944	-809.388382	-221.388339	-86.292888	-841.345811	-218.130094	-147.273704	-845.927387	
-63.606702	-128.764554	662.889005	3.953297	-124.926973	420.054897	156.117943	-165.871636	462.007795	371.919796	-186.856927	271.763511	487.468168	-328.908138	136.206295	493.192735	-344.567708	28.432558	-152.602070	-150.708008	424.508245	-349.193615	-90.412155	230.828086	-484.961055	-213.469385	95.366939	-513.780827	-232.321566	-8.365594	20.839837	-26.824735	196.441838	0.000000	0.000000	0.000000	118.864907	-218.393693	-31.082938	288.815404	-244.821579	-465.387924	356.462002	-126.339000	-840.105510	346.526982	-240.073516	-885.679207	344.652207	-301.145713	-884.540335	-97.129782	-234.682536	-25.049911	-188.979066	-180.992631	-482.939035	-236.338433	33.035523	-818.031200	-227.562007	-84.718489	-849.866855	-224.080203	-145.687678	-854.438728	
-67.811580	-128.392947	662.297582	-1.105398	-124.662208	419.225882	149.179792	-172.398264	460.773703	365.628152	-202.426278	272.486328	479.183818	-314.550128	109.885329	497.531424	-293.304040	4.504400	-156.019017	-158.158112	427.820756	-356.170541	-112.510345	233.780866	-478.960620	-201.201705	63.539741	-508.045061	-185.197705	-40.596658	15.245418	-22.219530	197.527544	0.000000	0.000000	0.000000	113.231624	-221.668171	-28.855522	271.165728	-234.311605	-468.286277	347.247701	-121.984995	-843.281903	337.872672	-235.902119	-888.516893	336.243104	-296.980677	-887.342461	-104.102726	-231.750787	-24.326538	-191.327965	-163.313605	-481.151950	-243.921693	35.151862	-824.929607	-235.233069	-82.656826	-856.586560	-231.593948	-143.621670	-861.093396	
-72.372106	-127.802695	661.338479	-7.379408	-124.772224	417.793308	141.222221	-178.722040	457.762842	352.587785	-211.832462	264.289308	464.346945	-295.631407	84.307758	490.518161	-249.131352	-10.802617	-160.440194	-165.364200	428.691208	-358.029220	-129.577467	230.011274	-470.634615	-183.138986	39.284268	-499.473218	-141.773418	-57.688135	8.899917	-17.494467	198.388498	0.000000	0.000000	0.000000	105.836564	-225.526806	-26.964822	253.535130	-225.162178	-470.121032	337.852910	-118.742209	-845.078037	328.700203	-232.796740	-890.011304	327.106891	-293.875528	-888.799674	-112.743999	-227.741380	-23.669385	-195.863287	-144.906725	-478.873680	-252.032842	38.283035	-830.476030	-243.828938	-79.621732	-861.903786	-240.210158	-140.594533	-866.318411	
-76.965611	-126.745170	660.318442	-14.469867	-124.848590	416.109168	133.159729	-182.944246	453.805160	335.541463	-212.400681	250.390161	444.477595	-274.460672	60.160804	472.371348	-213.914121	-26.148088	-166.032475	-170.516242	427.827461	-357.529813	-136.717150	222.931827	-463.038130	-164.381573	22.861148	-489.753584	-109.152598	-67.595842	2.380279	-13.276222	198.900320	0.000000	0.000000	0.000000	97.078705	-229.564037	-25.824366	237.284537	-217.169094	-471.235542	329.052460	-116.357078	-845.992849	319.554625	-230.518318	-890.582186	317.781534	-291.591930	-889.359440	-122.336819	-222.747628	-23.553819	-201.358549	-126.415029	-476.827405	-260.042756	42.398505	-835.151105	-252.688398	-75.636577	-866.298734	-249.252554	-136.626991	-870.615133	
-81.318927	-125.529555	659.727216	-21.798311	-124.387027	414.771148	125.795224	-183.992484	450.181999	317.409926	-204.082085	235.510334	421.384236	-252.297357	38.608425	446.157643	-184.836797	-43.419146	-172.540265	-172.602210	426.863969	-357.841352	-133.579910	217.253384	-458.940320	-151.089529	13.788365	-482.001021	-92.462174	-75.528260	-3.986043	-10.088280	199.061797	0.000000	0.000000	0.000000	88.043169	-233.195752	-25.670253	224.030928	-209.955062	-471.954496	321.699966	-113.786543	-846.440581	311.491931	-228.033866	-890.650894	309.506874	-289.101717	-889.466730	-131.551331	-217.346837	-24.334847	-206.512182	-109.405503	-475.678271	-267.659839	46.496695	-839.399576	-261.063793	-71.673701	-870.202037	-257.731528	-132.675950	-874.431524	
-85.328935	-124.962864	659.904900	-28.840087	-123.138563	414.236086	119.384687	-182.266924	447.759870	300.288149	-189.762922	223.212643	397.468239	-229.668049	21.050969	416.380535	-159.192301	-59.996332	-179.272276	-172.084879	427.216514	-360.994564	-124.540036	216.237065	-460.449894	-149.233392	12.707024	-479.828358	-97.165992	-81.419929	-10.200813	-8.220179	198.926200	0.000000	0.000000	0.000000	80.296326	-235.894857	-26.399556	214.857929	-203.184397	-472.522438	316.422708	-109.746832	-846.663415	305.805371	-224.049549	-890.633492	303.885741	-285.121015	-889.530744	-138.871946	-212.530348	-26.134633	-210.365975	-95.833926	-475.858877	-274.830793	48.930485	-843.588767	-268.219418	-69.345701	-873.979150	-264.567412	-130.333907	-878.146714	
-89.011910	-125.704835	660.739996	-35.382724	-121.321481	414.463361	113.752156	-178.950510	446.530063	285.094249	-173.217034	214.554366	375.082591	-206.490939	7.912944	387.593922	-134.609222	-73.140473	-185.724044	-170.111198	428.993598	-367.548387	-115.039517	219.941337	-467.743240	-162.870719	20.946942	-484.296775	-127.826092	-81.250303	-16.344846	-7.626914	198.539510	0.000000	0.000000	0.000000	75.303644	-237.414058	-27.472647	210.036401	-196.560085	-472.871865	313.467308	-103.499125	-846.595236	303.487598	-217.803264	-890.710718	302.188200	-278.892772	-889.706373	-143.230322	-209.281840	-28.701419	-212.412765	-87.011654	-477.304961	-281.403939	48.182055	-847.845915	-273.493126	-70.129110	-877.786343	-268.861647	-131.053288	-881.916829	
-92.229921	-127.790838	661.832169	-41.519800	-119.431002	415.040594	108.697913	-174.843480	445.938597	271.844907	-156.539472	208.764122	355.331860	-182.111945	-1.668073	362.641270	-108.549532	-81.844847	-192.021389	-167.254005	431.050246	-376.435190	-108.511115	225.291521	-477.905114	-193.008906	39.577818	-491.744052	-185.535841	-68.584372	-22.231035	-8.021071	197.951268	0.000000	0.000000	0.000000	73.993786	-237.747002	-28.144317	209.328860	-189.636383	-472.635275	312.719528	-94.906464	-845.950244	304.918215	-209.124360	-890.723210	304.963154	-270.229043	-889.806317	-144.176308	-208.224879	-31.514717	-212.470316	-83.203342	-479.495621	-287.048108	43.303107	-852.016749	-276.370602	-74.905481	-881.500006	-270.024152	-135.676025	-885.614672	
-94.719323	-130.887636	662.889344	-47.555542	-117.921221	415.594107	103.939626	-170.246751	445.624823	259.871341	-139.934713	204.854828	337.619654	-155.862813	-8.703658	341.503929	-79.222074	-86.190952	-198.729584	-163.454969	431.939252	-385.618867	-107.105992	227.750569	-485.752700	-237.323331	69.819376	-494.911439	-265.343946	-35.429781	-27.479922	-9.149305	197.241996	0.000000	0.000000	0.000000	76.509662	-236.953422	-28.109918	212.167275	-181.870504	-471.692278	313.810817	-84.005808	-844.678263	309.848733	-197.975656	-890.573601	312.021977	-259.042372	-889.702797	-141.785463	-209.432852	-34.239575	-210.623918	-83.733943	-481.947513	-291.412689	34.144463	-856.000418	-276.531950	-83.730689	-884.992731	-267.769421	-144.199948	-889.110219	
-96.458291	-134.607703	663.776977	-53.836954	-117.036926	415.942004	98.976623	-165.579539	445.644122	248.103843	-123.240160	202.390839	320.316629	-127.755955	-13.643076	322.076793	-46.668157	-86.546039	-206.293828	-158.721812	430.548473	-392.885003	-113.094696	223.430802	-485.923263	-289.155026	112.650641	-486.464820	-354.113089	24.749679	-31.742292	-10.851295	196.514471	0.000000	0.000000	0.000000	82.113723	-235.117691	-27.709709	217.530440	-172.827352	-470.411247	316.150305	-70.844015	-843.105457	317.400773	-184.311938	-890.377790	322.427299	-245.210108	-889.499189	-136.632348	-212.376478	-36.951567	-207.202961	-87.218631	-484.541389	-294.318129	21.504567	-859.945082	-273.970001	-95.696914	-888.340654	-262.211918	-155.654454	-892.476819	
-97.858729	-138.460497	664.327953	-60.482251	-116.751011	415.975015	93.360939	-161.609874	446.150265	235.772325	-107.190446	201.280436	301.911401	-99.047866	-16.584321	302.498642	-12.816837	-83.345357	-214.558976	-153.482265	426.234391	-395.612264	-128.491780	210.848661	-475.326980	-337.262771	166.285907	-463.468311	-431.360527	111.959057	-34.698252	-12.761837	195.899024	0.000000	0.000000	0.000000	89.385941	-232.479310	-27.465324	223.899193	-162.485817	-469.290540	318.922232	-55.844484	-841.615266	326.117741	-168.534761	-890.198521	334.476362	-229.064997	-889.277063	-129.776280	-216.134401	-39.769629	-202.748159	-91.928189	-487.239481	-295.883402	7.039395	-863.894447	-269.190782	-109.062653	-891.541516	-254.095256	-168.266147	-895.705444	
-99.671072	-141.779431	664.309960	-67.229605	-116.791884	415.571829	87.047811	-159.094099	447.188158	223.202402	-93.625483	201.465759	282.135377	-72.500202	-17.592129	283.136706	18.927912	-77.031748	-222.742998	-148.379836	419.016075	-390.924423	-152.873805	192.100579	-455.303924	-369.198891	223.474755	-431.084764	-475.344290	213.830649	-36.097812	-14.161178	195.549661	0.000000	0.000000	0.000000	96.572290	-229.561161	-27.681872	229.457307	-151.524472	-468.651568	321.166935	-40.358063	-840.483287	334.162673	-152.125289	-889.984848	345.882581	-212.094604	-889.010110	-122.706188	-219.716878	-42.488475	-198.108795	-96.308216	-489.775962	-296.533645	-7.066304	-867.514164	-263.372987	-121.690734	-894.312533	-244.989227	-179.955260	-898.501721	
-102.579613	-143.927524	663.638902	-73.393713	-116.703335	414.732271	80.534003	-158.310676	448.874300	212.201776	-84.592269	203.043252	262.839686	-51.809126	-16.653810	267.169671	44.258639	-68.087330	-229.688826	-143.987067	410.094130	-378.135418	-181.460722	172.701703	-431.677621	-379.123014	272.643950	-400.385388	-478.571544	305.464802	-35.906770	-14.356402	195.570597	0.000000	0.000000	0.000000	102.063792	-227.092754	-28.331665	232.572975	-141.452624	-468.599251	322.145423	-26.782390	-839.887504	339.909118	-137.751134	-889.703121	354.479358	-197.091308	-888.665373	-117.031623	-222.387797	-44.551682	-194.348091	-99.537819	-491.666201	-296.886130	-18.649845	-870.190713	-258.186376	-131.709721	-896.197160	-237.052754	-189.033249	-900.398364	
-106.604700	-144.703489	662.582355	-77.810102	-116.109438	413.783770	74.899508	-159.005073	451.603476	205.623109	-81.058453	206.574141	247.994394	-40.290978	-13.535874	259.261689	58.915467	-57.402723	-234.154105	-140.868214	402.052081	-361.594239	-206.643926	158.683229	-411.590325	-373.280852	305.850237	-379.325651	-457.498819	367.597683	-34.262146	-13.357507	195.936070	0.000000	0.000000	0.000000	105.084043	-225.614134	-29.093412	232.530986	-134.037003	-469.063106	321.710094	-17.644180	-839.909773	342.657215	-128.190426	-889.426964	359.164467	-187.019450	-888.294846	-113.769245	-223.920259	-45.319552	-192.333060	-101.798631	-492.416165	-297.552016	-26.324529	-871.322949	-255.141133	-138.176471	-896.759184	-232.183528	-194.794011	-900.962700	
-110.722104	-144.541439	661.684580	-78.959129	-115.159127	413.339503	71.746446	-160.727148	455.789187	206.209720	-82.348517	212.930941	242.101332	-39.710106	-7.975124	262.640563	60.152456	-46.689202	-235.016605	-139.664045	397.858864	-349.026578	-222.623574	153.082900	-399.544049	-363.966849	324.534542	-368.622174	-436.173247	400.537806	-31.288857	-12.071113	196.516047	0.000000	0.000000	0.000000	106.157053	-225.048714	-29.573240	229.989515	-130.082750	-469.856572	320.385329	-14.231454	-840.578203	342.808800	-124.808106	-889.375728	360.230043	-183.370011	-888.099535	-112.648734	-224.644080	-44.529601	-192.256497	-103.994862	-491.841256	-298.760128	-29.954128	-870.671912	-254.811562	-141.263045	-895.878864	-231.082287	-197.561205	-900.086678	
-113.071648	-144.172344	661.385999	-75.492094	-114.447149	413.895243	72.751254	-163.103455	461.298453	215.451755	-86.450088	222.626004	247.869062	-49.885100	0.099935	277.236400	48.009594	-37.944243	-231.336801	-140.725704	399.200291	-345.958149	-227.829707	156.155708	-395.862620	-360.391115	334.656740	-364.873293	-429.378659	413.566833	-27.041704	-11.495916	197.179743	0.000000	0.000000	0.000000	106.806078	-224.737467	-29.603252	226.607974	-128.911442	-470.814431	319.030048	-15.991858	-841.940799	341.418476	-126.966972	-889.841624	358.845024	-185.523155	-888.387674	-112.238589	-225.235224	-42.534438	-193.513751	-107.116645	-490.221490	-300.167320	-30.439426	-868.485075	-256.643196	-141.874511	-893.870393	-233.059014	-198.232716	-898.090114	
-112.013649	-143.935349	661.670749	-67.144655	-114.316072	415.384419	78.615367	-165.777210	467.310884	232.718084	-91.035218	235.212420	264.906965	-69.658488	10.684821	300.389032	24.059816	-32.339284	-222.823939	-143.734069	405.760543	-353.076559	-222.597038	167.830476	-398.361854	-365.251190	339.657822	-364.761541	-440.489077	411.468000	-21.644488	-11.794525	197.827365	0.000000	0.000000	0.000000	108.187470	-224.112225	-29.325786	223.822966	-129.466093	-471.901166	318.255497	-21.664134	-844.041849	339.290158	-133.307348	-890.994404	355.940116	-192.084362	-889.361444	-111.334098	-226.137994	-40.048866	-195.305817	-111.317191	-488.096051	-301.244936	-28.574457	-865.280705	-259.749600	-140.649143	-891.241131	-237.036063	-197.363032	-895.471623	
-107.388122	-143.627002	662.171596	-55.400197	-114.724780	417.203432	88.225008	-168.443415	472.671436	254.839712	-94.775299	249.028285	289.758480	-98.357117	23.920352	327.672318	-11.359714	-29.811984	-210.599855	-147.960772	415.618518	-367.279093	-207.243913	188.169721	-404.982452	-374.786439	337.948093	-367.891010	-462.690260	391.273186	-15.616367	-12.596331	198.344958	0.000000	0.000000	0.000000	109.823968	-223.348803	-29.065932	221.640628	-131.632884	-473.236676	317.950321	-30.805309	-846.848369	336.210493	-143.339821	-892.823973	351.284058	-202.536576	-891.047208	-110.273461	-227.054803	-37.728845	-197.461267	-115.370253	-485.954452	-301.790215	-23.964826	-861.584906	-263.870879	-137.089208	-888.446403	-242.730813	-194.408301	-892.675612	
-100.666088	-143.011099	662.591756	-42.980808	-115.701968	418.718624	99.207449	-170.969554	476.325777	276.998532	-97.775052	261.298788	316.743376	-135.971597	40.239740	352.952598	-59.897222	-29.004415	-197.120652	-152.793037	426.415244	-382.900311	-183.143971	215.795755	-414.833935	-380.288268	325.522560	-377.118162	-480.189089	348.841409	-10.053928	-13.785898	198.625599	0.000000	0.000000	0.000000	109.954145	-223.267761	-29.196108	218.721378	-136.031845	-475.023439	317.231956	-43.816604	-850.282641	331.026246	-157.376093	-895.284494	343.621109	-217.146751	-893.423612	-110.663080	-227.145713	-36.001295	-200.553448	-117.318936	-484.152105	-301.962923	-15.413202	-857.875343	-269.369060	-129.912787	-885.875826	-250.626857	-188.061332	-890.088128	
-93.888263	-142.118023	662.900731	-32.524210	-117.293116	419.660806	109.288472	-173.219930	477.556793	294.726234	-100.878394	268.790779	339.366085	-181.514312	60.438040	369.008872	-122.925756	-26.635822	-185.083609	-157.795799	436.371262	-394.042527	-153.725870	246.330645	-427.752057	-372.315789	301.173300	-395.037111	-475.854720	288.689536	-6.346400	-15.381155	198.661532	0.000000	0.000000	0.000000	106.880755	-224.646283	-30.022856	213.545111	-142.946437	-477.404434	314.890476	-60.845943	-854.254641	322.451782	-175.350236	-898.331847	331.662400	-235.734286	-896.446068	-114.056848	-225.607304	-35.070858	-205.229801	-115.512106	-482.896591	-301.863830	-2.157473	-854.582360	-276.425604	-118.140887	-883.861809	-260.968545	-177.249162	-888.052053	
-88.489701	-141.086998	663.163030	-25.422583	-119.219829	420.074877	117.361716	-174.740835	475.937678	305.417004	-104.695251	268.736002	352.229479	-230.846027	84.887408	369.732439	-197.682220	-17.518546	-176.180639	-162.439493	444.531901	-397.635387	-123.628950	273.513288	-442.600994	-346.960363	268.338735	-419.137710	-443.549728	222.881159	-5.539668	-17.023127	198.551722	0.000000	0.000000	0.000000	100.056669	-227.553704	-31.603717	205.569212	-151.700237	-480.285988	310.144560	-80.781514	-858.521344	310.079981	-195.854719	-901.757440	315.222743	-256.720856	-899.889193	-120.827509	-222.084791	-34.880425	-211.379226	-109.192765	-482.135525	-301.250550	15.240126	-851.969704	-284.385688	-101.972022	-882.521800	-272.931449	-161.984826	-886.708773	
-84.824744	-139.983757	663.312273	-21.548185	-120.885500	420.045304	123.530576	-174.846104	471.338548	308.339469	-109.347894	259.774450	353.146946	-277.027200	112.188300	353.274249	-275.332408	3.145727	-170.619738	-166.069501	450.543748	-394.206771	-96.911186	292.360956	-456.610386	-307.486923	231.621761	-443.140490	-389.583473	160.733534	-7.711812	-17.967416	198.395970	0.000000	0.000000	0.000000	90.341017	-231.311662	-33.529625	195.590216	-161.025182	-483.179314	303.187888	-101.432689	-862.519437	294.885432	-216.475167	-905.034188	295.693250	-277.553896	-903.200764	-129.953629	-216.828231	-35.144813	-217.900578	-98.726381	-481.573569	-299.711502	34.946028	-850.052034	-291.918753	-82.936071	-881.668893	-284.786337	-143.612026	-885.890751	
-82.448412	-138.879559	663.169271	-19.884967	-121.752790	419.571295	128.299694	-173.171809	464.158081	303.786145	-114.686396	242.826493	343.653679	-313.619016	139.182277	323.639452	-343.938290	36.355512	-167.612249	-168.234729	454.358599	-386.494656	-76.262972	301.298095	-466.974481	-260.703561	194.385660	-461.690069	-324.467221	105.770238	-11.931590	-17.573293	198.222293	0.000000	0.000000	0.000000	79.539051	-235.019160	-35.076398	185.258261	-169.841353	-485.384879	295.132157	-120.561138	-865.551475	278.895938	-234.958538	-907.513680	275.575652	-295.952976	-905.702820	-139.623633	-210.664740	-35.541436	-223.257691	-85.616603	-480.906067	-297.044766	54.513638	-848.678691	-297.765385	-63.439785	-880.974396	-294.776124	-124.455988	-885.258594	
-80.666869	-137.973161	662.669407	-19.402479	-121.617290	418.688579	131.887907	-170.050007	455.513596	292.756143	-120.307402	221.311132	327.625387	-337.640103	162.520278	288.904774	-394.313406	77.773467	-166.177012	-168.965091	456.231873	-378.114124	-63.352435	302.204417	-472.523983	-214.113003	159.783803	-472.598094	-258.177554	59.760145	-16.841048	-15.735527	198.020285	0.000000	0.000000	0.000000	69.613288	-238.069925	-35.602262	176.210345	-177.584462	-486.358296	287.451705	-136.514969	-867.102448	264.406328	-249.866574	-908.714116	257.589066	-310.569657	-906.901483	-148.081375	-204.758816	-35.823444	-226.327678	-72.213202	-479.997422	-293.571451	71.483806	-847.648295	-301.365177	-46.154592	-880.159940	-301.895408	-107.238594	-884.487815	
-79.048901	-137.477470	662.005976	-19.669688	-120.569632	417.597060	134.048076	-166.346854	447.022996	277.424569	-125.596555	200.068942	309.591645	-350.240683	179.918843	257.283773	-424.186079	119.180585	-165.772305	-168.686410	456.749042	-372.549975	-58.621850	298.873718	-474.610371	-174.853497	131.543261	-477.407200	-200.028869	25.219225	-21.386222	-12.902116	197.786314	0.000000	0.000000	0.000000	61.885681	-240.304996	-34.849551	169.441565	-184.158787	-485.939077	281.362752	-148.388828	-867.018611	253.243616	-260.641700	-908.489244	243.875326	-321.003071	-906.654803	-154.326525	-200.096171	-35.811053	-227.040220	-60.992695	-478.918589	-290.221657	83.895004	-846.822625	-303.062603	-33.358899	-879.120832	-306.172897	-94.366576	-883.440128	
-77.519624	-137.507752	661.528453	-20.823670	-118.902354	416.606236	134.380351	-162.988972	440.242496	261.285840	-129.712153	183.354660	293.756798	-355.102578	190.462717	234.020884	-437.777640	151.867044	-166.388933	-167.918555	456.634264	-371.786054	-60.837434	294.950974	-476.692126	-148.803402	112.790862	-480.910278	-158.855674	4.036178	-25.110811	-9.828944	197.524935	0.000000	0.000000	0.000000	56.827660	-241.816506	-32.957768	165.333466	-189.661778	-484.298881	277.598131	-155.797631	-865.451498	246.529865	-267.244722	-906.990821	235.754585	-327.369773	-905.120913	-158.194293	-197.128235	-35.392230	-226.298578	-53.811536	-477.889097	-288.209534	90.505734	-846.233064	-303.734288	-26.571081	-877.990637	-308.291003	-87.491394	-882.258981	
-76.013374	-138.177726	661.518283	-23.017421	-117.098298	415.968754	132.841724	-160.567215	436.191782	248.264512	-131.648920	173.427588	283.460621	-355.782908	194.186214	220.933335	-441.800627	170.010571	-168.157975	-167.011252	456.428530	-375.587632	-67.647453	292.429741	-482.354290	-139.742352	104.470149	-488.379321	-141.782696	-4.644279	-27.928791	-7.314876	197.255510	0.000000	0.000000	0.000000	54.541850	-242.682996	-30.347489	164.150664	-194.041839	-481.814400	276.608350	-158.421807	-862.750005	244.960870	-269.600724	-904.569762	234.055180	-329.700887	-902.656294	-159.810303	-195.965313	-34.581043	-225.233757	-51.673872	-477.165609	-288.462265	90.600766	-846.079966	-304.085564	-26.663609	-877.088364	-308.829332	-87.573975	-881.294431	
-74.270842	-139.645673	662.084165	-26.022023	-115.721831	415.817672	129.932403	-159.226426	435.212467	241.225247	-130.596475	170.641231	280.910812	-353.969645	191.503026	218.150587	-440.908187	171.602892	-171.028886	-166.034282	456.262002	-382.166770	-76.937166	291.100481	-492.781727	-149.166124	105.431662	-501.881829	-152.662336	-3.432414	-29.732124	-6.028999	197.035309	0.000000	0.000000	0.000000	55.135285	-242.877363	-27.595418	166.260497	-196.939255	-478.974752	278.625915	-155.819962	-859.383309	248.922105	-267.347773	-901.696872	239.244427	-327.656264	-899.733829	-159.179779	-196.656110	-33.552312	-224.491166	-54.835017	-476.951170	-291.171922	83.813325	-846.637568	-304.169394	-33.995571	-876.781745	-307.769803	-94.988412	-880.926315	
-72.042659	-141.949582	663.156970	-29.374203	-115.148494	416.157802	126.332227	-158.822164	437.103176	240.794739	-126.295136	174.340858	286.828149	-349.256807	182.986667	225.536626	-435.713569	157.262190	-174.827680	-164.829064	455.770978	-389.387781	-87.701688	289.004193	-505.536138	-176.386761	114.161066	-518.295669	-191.509602	6.667269	-30.225108	-6.241034	196.953683	0.000000	0.000000	0.000000	58.516414	-242.343569	-25.223877	171.743868	-197.825204	-476.222862	283.351851	-147.727806	-855.777024	258.085476	-260.079507	-898.787631	250.961522	-320.741053	-896.774875	-156.329498	-199.105609	-32.490453	-223.985818	-62.787179	-477.261466	-295.655899	70.381552	-848.027171	-303.371947	-48.124908	-877.237162	-304.555980	-109.219777	-881.272255	
-69.343527	-144.871689	664.478129	-32.669367	-115.393430	416.822071	122.494569	-159.176627	441.271518	245.386389	-119.200632	183.389316	300.128330	-339.916219	169.472382	242.282501	-423.429717	129.817282	-179.341185	-163.191082	454.196381	-395.429970	-100.056916	283.563605	-515.342914	-218.048343	129.860935	-530.286023	-253.505771	27.557971	-29.126003	-7.651817	197.069497	0.000000	0.000000	0.000000	64.136294	-241.089203	-23.523438	179.959895	-196.320757	-473.837890	289.779293	-134.476164	-852.179534	271.114431	-247.773269	-896.072535	267.664535	-308.752909	-894.021494	-151.594264	-202.899574	-31.440854	-223.198258	-74.291869	-477.887125	-300.670278	51.461770	-850.072331	-300.855330	-67.536111	-878.286015	-298.577900	-128.617034	-882.054457	
-66.474694	-148.038099	665.665285	-35.667681	-116.211577	417.501055	118.578027	-160.208816	446.879537	252.354173	-110.537900	196.199556	318.014696	-324.241817	152.324017	265.717344	-400.538083	94.556915	-184.252009	-161.062947	450.744534	-398.691322	-114.586927	272.835594	-516.694968	-267.293389	151.668446	-530.136870	-327.591840	61.502851	-26.440087	-9.600426	197.362647	0.000000	0.000000	0.000000	71.025340	-239.245291	-22.536897	189.598218	-192.483889	-471.932346	296.491623	-117.192643	-848.671621	285.925933	-231.131689	-893.587837	286.894597	-292.200793	-891.525977	-145.665140	-207.363371	-30.326305	-221.662266	-87.620070	-478.508551	-304.947935	29.069078	-852.386685	-296.125847	-89.846742	-879.548060	-289.698932	-150.663090	-882.762659	
-63.893993	-151.046536	666.392063	-38.306536	-117.213731	417.900397	114.567449	-161.783347	453.024245	259.375425	-101.943776	210.839222	336.791714	-301.814651	133.611747	291.370241	-365.854847	57.922155	-189.155677	-158.486072	445.015111	-397.661907	-131.428083	256.365046	-507.092642	-314.973877	177.235675	-514.752482	-398.588333	107.261595	-22.517430	-11.392990	197.753448	0.000000	0.000000	0.000000	78.036431	-237.087160	-22.154320	199.133207	-186.793911	-470.494130	302.227828	-97.638379	-845.261049	300.372794	-211.621844	-891.255996	306.034764	-272.436329	-889.215019	-139.448133	-211.770851	-29.067336	-219.289141	-100.992192	-478.883798	-307.677423	5.630113	-854.592348	-289.371614	-112.443277	-880.671339	-278.515267	-172.668422	-882.981896	
-62.018918	-153.515241	666.523193	-40.604043	-117.946952	417.879302	110.471746	-163.564188	458.937363	265.243549	-94.718090	225.464423	353.333619	-273.985942	115.879260	314.983392	-321.350769	25.441411	-193.627481	-155.442943	437.165433	-391.110312	-149.890813	235.260664	-488.177683	-353.501982	202.918444	-487.404909	-453.715270	159.293658	-17.858365	-12.501157	198.161704	0.000000	0.000000	0.000000	84.219529	-234.952041	-22.258247	207.305961	-179.765986	-469.479284	306.333223	-77.621981	-842.021438	312.938841	-191.011067	-889.037262	323.138449	-251.232329	-887.039109	-133.800436	-215.564275	-27.696067	-216.392725	-113.018234	-478.965576	-308.731157	-16.669934	-856.494831	-281.371514	-133.214753	-881.500767	-266.195520	-192.533018	-882.640783	
-61.052788	-155.156792	666.087966	-42.501861	-118.078956	417.434428	106.508337	-165.141677	464.035412	269.827116	-89.276884	238.701838	366.227557	-243.436531	101.415679	334.314747	-271.162581	0.887026	-197.244324	-151.893295	427.702707	-378.485370	-168.708088	211.682393	-463.813736	-379.544768	225.559211	-454.703663	-487.442301	210.674609	-12.872910	-12.631272	198.539669	0.000000	0.000000	0.000000	89.106602	-233.092687	-22.773507	213.322538	-171.665224	-468.867100	308.769652	-58.420925	-839.127860	322.973658	-170.752282	-886.993494	337.260621	-230.139173	-885.068672	-129.221328	-218.512587	-26.299869	-213.427521	-122.909732	-478.793800	-308.473642	-36.385667	-858.026632	-273.073123	-150.962936	-882.014016	-254.000235	-209.156424	-881.914486	
-61.003521	-155.815242	665.195595	-43.864032	-117.490239	416.629877	103.038129	-166.176187	468.011044	273.642431	-85.315291	249.929872	375.724908	-213.425669	91.586478	349.723102	-220.219875	-14.106077	-199.660029	-147.841520	417.325446	-360.414432	-186.406453	188.269563	-437.881830	-393.440134	243.600013	-422.795556	-500.982368	255.989304	-7.813018	-11.715781	198.859142	0.000000	0.000000	0.000000	92.644481	-231.625057	-23.614683	216.792315	-162.701604	-468.630749	309.809820	-40.815419	-836.759741	330.429992	-151.893056	-885.213571	348.188249	-210.339796	-883.411360	-125.847372	-220.631411	-24.936015	-210.840841	-130.382896	-478.381340	-307.467213	-52.790674	-859.144404	-265.320281	-165.256092	-882.203196	-242.973374	-222.259405	-880.976402	
-61.870991	-155.428946	663.995948	-44.628465	-116.159616	415.584798	100.285443	-166.416514	470.945380	277.337570	-82.275102	259.340851	382.949103	-187.074652	86.803927	362.803016	-173.567585	-19.520414	-200.767562	-143.375440	406.984909	-339.123628	-201.484455	167.659250	-413.746185	-397.448783	256.850383	-395.979784	-499.310901	292.274754	-2.842308	-9.872821	199.092214	0.000000	0.000000	0.000000	94.873607	-230.608505	-24.688789	217.628650	-153.421032	-468.733516	309.793756	-25.520458	-835.031877	335.484617	-135.404463	-883.783203	355.991836	-192.949042	-882.139884	-123.718722	-221.978454	-23.597227	-209.120502	-135.426765	-477.686082	-306.314091	-65.478351	-859.783380	-258.866947	-175.977670	-882.036715	-233.981638	-231.891520	-879.885033	
-63.739846	-154.013988	662.673101	-44.858679	-114.098944	414.484110	98.231127	-165.724548	473.226727	281.290988	-79.657646	267.592864	389.333439	-167.030342	87.042117	375.237205	-136.430294	-16.679165	-200.780537	-138.779846	397.952199	-318.607347	-212.551950	152.045002	-394.473592	-394.843222	265.798273	-376.746934	-489.064830	318.281381	1.854200	-7.385927	199.211624	0.000000	0.000000	0.000000	95.749973	-230.117328	-25.860741	216.059878	-144.854347	-469.096769	309.110626	-13.457922	-833.930966	338.364307	-122.413694	-882.757889	360.805406	-179.236319	-881.270806	-122.921641	-222.559610	-22.250293	-208.683641	-138.156947	-476.675662	-305.579394	-74.059296	-859.873292	-254.409899	-183.015929	-881.475996	-227.796931	-238.096013	-878.612216	
-66.688290	-151.702678	661.470527	-44.602846	-111.403309	413.608310	96.844677	-164.060528	475.336796	285.668135	-77.137124	275.352464	396.379365	-155.114324	92.135894	388.309459	-113.154964	-8.200839	-200.100632	-134.541352	391.718892	-303.971934	-218.691548	142.870893	-382.632160	-389.738807	271.249264	-366.008808	-477.801226	333.819999	5.983045	-4.691895	199.212074	0.000000	0.000000	0.000000	95.314067	-230.175805	-26.928566	212.743975	-138.219560	-469.598524	308.187420	-5.565393	-833.357886	339.368580	-114.005163	-882.140650	362.868048	-170.401279	-880.770218	-123.436333	-222.406782	-20.887329	-209.647406	-138.834196	-475.381135	-305.680254	-78.236652	-859.364662	-252.457164	-186.299989	-880.487153	-224.963708	-240.916433	-877.107652	
-70.583959	-148.769977	660.671637	-43.684524	-108.349588	413.305316	96.443113	-161.515498	477.556558	290.656742	-74.457072	282.862935	405.264110	-152.048282	101.891979	402.653705	-105.965094	3.085620	-198.959413	-131.198660	389.604988	-299.649875	-219.632634	140.935141	-379.518362	-386.274291	274.266251	-363.146196	-472.317985	339.648642	9.121063	-2.260593	199.135524	0.000000	0.000000	0.000000	94.004797	-230.626802	-27.662186	208.782941	-134.407958	-470.121605	307.407119	-2.366791	-833.254989	338.892308	-110.761127	-881.943358	362.582817	-167.078856	-880.640176	-124.855135	-221.733770	-19.568228	-211.695608	-137.973435	-473.907623	-306.701892	-78.072125	-858.255588	-253.070164	-185.991117	-879.080349	-225.503575	-240.550765	-875.393207	
-74.915395	-145.522849	660.471204	-41.729785	-105.378933	413.824359	97.697855	-158.347388	479.739961	296.511151	-71.522768	289.638755	416.329136	-157.686044	116.072422	418.271113	-115.326456	15.598221	-197.180555	-129.107527	392.235269	-307.418224	-215.305862	146.851217	-384.602602	-386.620773	275.767371	-366.562247	-475.737814	336.423129	10.878196	-0.400137	199.059704	0.000000	0.000000	0.000000	92.614297	-231.166744	-27.845085	205.462345	-133.806816	-470.551295	307.035735	-3.857488	-833.626317	337.318989	-112.649402	-882.190198	360.381415	-169.227632	-880.904334	-126.425124	-220.941722	-18.412732	-214.196621	-136.314990	-472.412542	-308.330940	-73.956763	-856.584250	-255.825934	-182.442820	-877.333746	-228.908839	-237.322957	-873.604459	
-78.959862	-142.055080	660.835418	-38.552101	-102.882016	415.111654	101.097365	-154.924975	481.294339	303.320632	-69.041500	294.389314	428.720326	-171.568967	134.174562	434.178456	-141.059386	29.615749	-194.414508	-128.284071	399.120325	-325.626917	-205.072582	161.039124	-396.020864	-389.029124	275.626578	-374.835324	-485.034918	323.380978	11.103067	0.857725	199.045842	0.000000	0.000000	0.000000	91.671331	-231.607516	-27.297357	203.668336	-136.565638	-470.722817	307.160929	-9.916135	-834.421373	334.774457	-119.494464	-882.808245	356.384968	-176.642255	-881.488818	-127.643099	-220.314285	-17.505444	-216.637526	-134.404402	-471.025929	-310.055517	-66.102724	-854.360873	-260.189441	-175.786428	-875.322775	-234.616109	-231.325405	-871.903169	
-82.191298	-138.211801	661.530551	-34.608884	-101.102690	416.772891	106.335179	-151.639743	481.359019	310.574667	-68.767347	295.288851	440.233484	-193.119870	155.178991	447.734372	-182.464229	46.904501	-190.738737	-128.515343	408.643167	-349.807469	-187.851296	182.872901	-411.765994	-387.960223	272.556569	-387.848069	-491.203987	299.297554	9.811735	1.664302	199.108566	0.000000	0.000000	0.000000	90.918391	-232.067649	-25.870298	203.313474	-142.817396	-470.397197	307.531533	-20.613010	-835.406974	330.885594	-131.293272	-883.528426	350.139291	-189.275621	-882.125791	-128.718580	-219.743167	-16.794432	-218.968809	-132.240445	-469.761888	-311.391447	-54.253395	-851.486652	-265.831841	-165.688536	-873.005797	-242.363493	-222.189874	-870.340764	
-84.516449	-133.779826	662.316043	-30.986051	-100.104483	418.291552	112.332843	-148.641428	479.073542	317.057016	-72.814651	290.547622	447.801745	-221.249361	177.504781	454.896132	-236.798477	69.796536	-186.973858	-129.458903	418.737617	-374.094843	-163.211324	209.830124	-430.430412	-376.959189	265.181328	-406.641079	-483.638557	265.131607	6.971057	2.267030	199.222303	0.000000	0.000000	0.000000	89.502488	-232.875039	-23.438024	203.330704	-152.543479	-469.299442	307.425741	-35.963292	-836.179172	324.812260	-147.897507	-883.924822	340.739003	-206.877333	-882.393800	-130.379474	-218.814754	-16.089803	-221.513376	-129.475776	-468.521573	-311.893899	-38.064468	-847.748488	-272.507655	-151.644652	-870.216411	-252.001384	-209.330610	-868.770693	
-86.187691	-128.672421	663.041533	-28.811620	-99.608467	419.298313	117.844380	-145.550740	473.813592	321.118837	-82.698460	279.050156	448.568745	-253.839724	199.219583	451.959657	-297.824916	99.485056	-184.254787	-130.577733	427.807319	-393.197035	-132.310483	237.712699	-451.008565	-352.207878	252.831052	-431.448871	-456.019834	224.778986	2.506924	3.055019	199.317945	0.000000	0.000000	0.000000	86.584709	-234.296598	-19.975293	202.262639	-165.296307	-467.255968	305.842419	-55.458292	-836.355268	315.645561	-168.509376	-883.626371	327.338192	-228.468524	-881.950639	-133.338288	-217.087838	-15.210417	-224.633454	-125.741409	-467.208613	-311.057134	-17.647146	-842.953603	-279.736624	-133.439937	-866.777900	-263.069297	-192.367492	-866.880175	
-87.553388	-123.027413	663.578573	-28.597864	-98.901579	419.673520	122.024549	-141.563219	465.318496	320.929905	-98.657814	260.869247	440.817020	-287.634291	218.199559	437.394757	-357.185842	134.270774	-183.244509	-131.157082	435.103181	-403.870447	-97.787288	261.879388	-472.084174	-313.604944	235.512198	-460.010146	-408.630101	182.873242	-3.500802	4.569165	199.274003	0.000000	0.000000	0.000000	81.842095	-236.320678	-15.659778	199.005414	-180.070667	-464.336854	302.004479	-77.831750	-835.774399	302.971362	-191.526389	-882.505552	309.751881	-252.234458	-880.722297	-137.823939	-214.339229	-14.171875	-228.385988	-120.789763	-465.866860	-308.305197	6.150528	-837.130650	-286.646790	-111.474992	-862.658916	-274.551892	-171.484764	-864.334518	
-88.722052	-117.232253	663.744069	-29.834244	-97.127021	419.458396	124.755089	-136.000259	453.832810	314.826990	-119.206687	237.512774	424.763722	-318.693384	232.542454	412.813604	-407.237521	170.010049	-183.583214	-130.526968	440.429201	-405.123611	-63.138521	278.643913	-491.262441	-263.951049	213.990741	-488.283377	-346.878769	142.853264	-10.663297	7.345138	198.936181	0.000000	0.000000	0.000000	75.834585	-238.585234	-10.817674	193.457739	-195.346129	-460.815006	295.913486	-101.036896	-834.494069	287.444654	-214.643941	-880.677668	289.021708	-275.707525	-878.840115	-143.240976	-210.820217	-13.207739	-232.242744	-114.765332	-464.686964	-303.170685	31.591401	-830.592216	-292.058951	-87.068541	-858.031049	-284.937184	-147.822657	-860.943903	
-89.356190	-111.871026	663.334871	-31.208868	-93.844512	418.709815	126.599819	-128.826228	440.233949	302.379030	-141.081880	211.858867	403.064876	-343.314119	241.358243	383.043351	-443.172118	202.362220	-184.115072	-128.345691	443.678564	-398.018702	-32.293925	286.150391	-505.775990	-208.711688	190.282036	-512.704255	-279.537812	107.323723	-18.240565	11.568853	198.183512	0.000000	0.000000	0.000000	70.063323	-240.518573	-5.724224	186.834683	-209.416791	-456.944297	288.625345	-122.559327	-832.606240	271.051313	-235.322853	-878.287168	267.649888	-296.311612	-876.436043	-148.194413	-207.407478	-12.575340	-235.090170	-108.588029	-463.868139	-295.685708	56.125608	-823.778291	-294.900445	-62.587774	-853.156140	-292.666935	-123.676942	-856.815655	
-88.802115	-107.597143	662.280588	-31.400977	-89.380163	417.493465	128.389048	-120.776974	425.977495	285.725398	-160.279757	187.464365	380.591308	-359.221451	245.156593	354.983742	-463.993889	229.027115	-183.704583	-124.812679	444.737275	-385.667377	-8.798679	284.901073	-514.314673	-156.035107	167.867276	-532.310712	-217.431762	79.250034	-25.283581	16.789069	197.033319	0.000000	0.000000	0.000000	66.449284	-241.609349	-0.485106	181.308387	-220.950328	-452.793648	281.987595	-140.088018	-830.089868	256.635365	-251.540470	-875.331686	249.011583	-312.146747	-873.492619	-151.029083	-205.364739	-12.374393	-235.669212	-103.994116	-463.530012	-286.679791	77.004035	-817.048483	-294.754989	-40.975202	-848.229127	-296.791428	-102.050634	-852.218051	
-86.564104	-104.904994	660.840702	-29.973597	-84.557130	416.032689	130.561621	-113.000841	412.872015	269.186812	-174.091415	167.403671	362.819098	-366.563392	245.463036	335.423318	-472.020227	250.099664	-182.006998	-120.618375	443.952367	-372.254558	5.571434	277.585820	-518.743997	-114.848549	151.231265	-549.880899	-171.113932	62.850711	-30.919789	22.059089	195.705453	0.000000	0.000000	0.000000	66.347878	-241.587425	4.929040	178.981610	-229.331522	-448.244063	277.778261	-152.233396	-826.823717	246.702778	-262.387718	-871.673983	235.988151	-322.525530	-869.866950	-150.643929	-205.639490	-12.505682	-233.306491	-102.889715	-463.715978	-277.603118	92.237881	-810.559962	-292.147766	-24.696144	-843.292650	-297.416701	-85.572428	-847.364909	
-82.610351	-104.066633	659.606941	-27.469315	-80.272981	414.778812	133.004134	-106.577061	402.656175	257.218606	-182.211110	153.549842	353.769256	-367.561288	244.263760	329.399544	-471.431708	266.851900	-179.477519	-116.653066	442.420670	-361.181150	11.300139	268.042926	-523.064615	-91.718419	145.134334	-569.544648	-148.182239	63.907085	-34.684780	26.300338	194.546959	0.000000	0.000000	0.000000	69.979529	-240.381922	10.498444	181.036819	-234.469226	-443.190595	276.905996	-158.659553	-822.781753	242.510874	-267.974819	-867.260454	229.990847	-327.764470	-865.507849	-146.841909	-208.357527	-12.734989	-228.165440	-106.529637	-464.397375	-269.911153	100.988696	-804.296119	-288.171574	-15.060848	-838.290267	-295.441954	-75.730258	-842.368417	
-77.336629	-105.172224	659.139338	-24.777732	-77.300182	414.173634	135.391626	-102.161925	396.333764	252.530344	-186.127922	146.469917	354.958847	-364.922783	243.663183	339.126311	-466.245666	280.760023	-176.839107	-113.684154	441.516305	-354.383053	10.175221	260.042251	-530.084851	-89.031132	154.152783	-591.596435	-150.968302	88.376387	-36.752635	28.627190	193.837532	0.000000	0.000000	0.000000	76.599491	-238.048776	16.003703	187.528123	-236.630589	-437.753119	279.275765	-159.861565	-818.169129	244.005067	-269.031062	-862.318935	230.941645	-328.706519	-860.642070	-140.171631	-212.896042	-12.836442	-220.868830	-115.100919	-465.501244	-264.427390	103.377948	-798.228393	-283.777222	-12.197520	-833.220348	-291.838670	-72.764085	-837.339973	
-71.361806	-108.088571	659.640422	-22.463792	-76.198859	414.406830	137.551106	-99.917990	393.834380	255.557545	-187.910737	145.770947	365.524905	-360.487063	245.922447	363.447718	-458.541557	293.610734	-174.526812	-112.226657	442.208136	-352.900369	4.079615	256.596835	-538.564822	-104.618970	181.504021	-609.411839	-175.458686	137.813552	-37.735097	28.467400	193.672225	0.000000	0.000000	0.000000	85.045505	-234.769556	21.008044	197.716385	-236.592169	-432.317862	284.214778	-157.051861	-813.393735	250.234821	-266.718964	-857.322035	237.716466	-326.513837	-855.744372	-131.538827	-218.335381	-12.836816	-212.077970	-127.677186	-467.012867	-261.034373	100.238367	-792.582354	-279.311090	-15.273190	-828.353625	-287.137700	-75.862433	-832.590929	
-65.158829	-112.410527	660.966843	-20.319731	-77.210601	415.410525	139.813410	-99.620239	394.297119	265.366930	-189.214087	150.549369	383.359309	-354.776956	253.371868	397.765963	-448.156398	307.831938	-172.255557	-112.484412	444.827185	-356.690719	-5.117082	259.754882	-543.147353	-131.970830	227.079934	-613.807006	-212.669192	206.070172	-38.063626	25.630336	194.003885	0.000000	0.000000	0.000000	94.298609	-230.807549	25.029338	210.708716	-235.587884	-427.329216	291.049716	-151.928276	-808.870625	259.924710	-262.457962	-852.752616	248.731680	-322.518334	-851.305955	-121.794282	-223.908365	-12.991621	-202.335552	-142.430168	-468.903623	-258.759577	93.023599	-787.832412	-274.449232	-22.698719	-824.146618	-281.296501	-83.393921	-828.559599	
-58.868389	-117.528119	662.768334	-17.376424	-80.165326	416.943349	143.099228	-100.756890	396.592842	280.853170	-190.672418	159.648209	406.228757	-347.277764	267.636445	435.045350	-434.466648	326.465635	-169.009165	-114.249927	449.189725	-364.100250	-15.378367	270.416927	-537.902648	-161.911027	286.117501	-600.458274	-251.464597	282.460460	-37.653326	20.386974	194.704544	0.000000	0.000000	0.000000	103.805113	-226.380334	27.699512	225.827158	-234.741850	-423.125433	299.369448	-146.126870	-804.919055	271.941208	-257.552504	-849.001095	262.497658	-317.916168	-847.707826	-111.475004	-229.191614	-13.494909	-192.166938	-157.322656	-470.993556	-256.336062	83.578963	-784.340732	-268.577642	-32.479609	-820.907022	-273.994783	-93.306231	-825.494357	
-52.511929	-122.748787	664.615529	-12.509629	-84.418663	418.692569	148.436109	-102.595448	399.807007	301.129128	-191.911180	171.966598	431.865119	-337.178909	289.061086	468.591440	-418.273168	352.053702	-163.621111	-116.873122	454.832644	-372.351917	-24.828950	288.233872	-520.561409	-186.253138	350.698102	-572.705475	-282.121244	356.758213	-36.091451	13.484417	195.598667	0.000000	0.000000	0.000000	113.390751	-221.595682	28.787347	242.408143	-234.534301	-419.977101	308.840256	-140.726733	-801.833577	285.350904	-252.857341	-846.400200	277.778151	-313.486740	-845.236401	-100.868840	-234.003194	-14.337632	-182.310046	-170.828987	-472.985314	-252.915759	73.697257	-782.112259	-261.391843	-42.706596	-818.647732	-265.159464	-103.649356	-823.343683	
-46.267908	-127.436179	666.129614	-5.135945	-89.008631	420.408289	156.327480	-104.361630	403.542984	325.376300	-192.173072	186.943452	457.703248	-324.543271	316.841260	494.268004	-401.726436	384.656811	-155.474630	-119.454046	461.218011	-378.731284	-32.038903	311.849712	-493.443467	-200.878877	413.140285	-539.293146	-299.654293	422.502250	-32.951024	5.937573	196.525409	0.000000	0.000000	0.000000	122.911247	-216.543399	28.153184	259.581484	-234.861561	-418.151776	318.966828	-136.221189	-799.951345	299.215024	-248.801772	-845.191648	293.413049	-309.627293	-844.087945	-90.287728	-238.223155	-15.344057	-173.728463	-182.205706	-474.561909	-248.313870	64.747777	-780.811340	-253.150776	-51.930509	-817.133837	-255.240120	-112.952269	-821.850455	
-40.472980	-131.129146	667.052192	4.544732	-93.018826	421.963446	166.517786	-105.564697	407.894991	352.502863	-191.147234	204.698311	481.223153	-310.941660	349.564160	510.784522	-387.611776	421.264856	-144.772278	-121.255716	467.802133	-381.477013	-36.054821	339.320593	-461.723472	-206.197329	467.919328	-509.642067	-303.955060	477.596963	-27.919731	-1.235602	197.388507	0.000000	0.000000	0.000000	131.936623	-211.468279	25.782056	276.262106	-235.517799	-417.832868	329.024035	-132.856937	-799.545299	312.443616	-245.691560	-845.421701	308.133930	-306.640545	-844.293498	-80.309698	-241.708913	-16.270802	-167.344276	-191.306662	-475.472220	-242.777060	57.619155	-779.911955	-244.498202	-59.234274	-815.951594	-245.080166	-120.292100	-820.628154	
-35.450200	-133.614391	667.251632	15.787465	-95.899591	423.325865	178.213514	-106.184256	413.196948	380.988844	-189.354768	225.664174	500.302102	-298.961211	385.840657	520.065132	-378.630136	457.642162	-132.334956	-122.012308	474.040273	-380.020083	-36.689070	368.362211	-431.291266	-205.749566	512.290722	-489.991536	-297.297138	523.233428	-20.848529	-7.259359	198.131021	0.000000	0.000000	0.000000	139.784718	-206.830254	21.732438	291.377550	-236.714293	-419.095173	338.266079	-130.932121	-800.722022	323.997211	-243.940351	-846.946971	320.747382	-304.953243	-845.726021	-71.763468	-244.338408	-16.921361	-163.808778	-198.158387	-475.589448	-236.743676	52.779502	-778.984233	-236.181551	-64.176466	-814.726748	-235.601256	-125.239110	-819.340183	
-31.375707	-134.966177	666.662691	27.703447	-97.612442	424.460634	190.453632	-106.560554	419.675339	409.198876	-187.762378	250.086153	513.327194	-291.152607	424.366058	526.304194	-376.308388	491.248505	-119.215922	-121.919279	479.396538	-374.845563	-34.954279	396.412167	-406.910250	-203.734190	546.114537	-481.597473	-281.953749	561.924079	-11.829172	-11.817006	198.654700	0.000000	0.000000	0.000000	145.809417	-203.152543	16.108326	304.070463	-239.172727	-421.908127	346.220137	-130.747033	-803.345838	333.225118	-243.917747	-849.548928	330.507339	-304.953993	-848.201556	-65.432960	-246.088574	-17.219953	-163.445758	-202.802728	-474.932935	-230.749532	50.222696	-777.895071	-228.860863	-66.815186	-813.322587	-227.545433	-127.871814	-817.864041	
-28.277584	-135.518492	665.209894	39.514164	-98.541631	425.242240	202.340584	-107.172479	427.154367	435.667202	-187.256260	277.658591	519.563255	-289.047313	463.415866	532.934689	-380.015240	522.060662	-106.379803	-121.468498	483.409120	-367.203165	-32.823611	420.886423	-391.499873	-202.863379	570.625360	-481.387004	-260.256665	594.557279	-1.207992	-15.051695	198.784426	0.000000	0.000000	0.000000	149.618253	-200.803156	9.126373	313.801486	-243.857061	-426.066289	352.741026	-132.445431	-806.984409	339.973130	-245.723588	-852.987089	337.276853	-306.757685	-851.505815	-61.765671	-247.039436	-17.149470	-166.212190	-205.424558	-473.592756	-225.399032	49.454448	-776.695592	-223.044643	-67.685410	-811.756286	-221.384639	-128.739069	-816.224185	
-26.137674	-135.745350	662.789285	50.599619	-99.268031	425.453494	213.124935	-108.444569	435.040124	459.193631	-188.329462	307.477156	519.730543	-292.722727	500.720682	541.303514	-387.128287	550.874128	-94.571388	-121.227764	485.762911	-358.721101	-32.337093	439.728062	-386.110486	-203.773797	587.325081	-485.404706	-236.136220	619.570294	10.424867	-17.342411	198.327567	0.000000	0.000000	0.000000	151.065376	-199.921610	1.192588	320.318599	-251.544179	-431.116193	357.815951	-135.928584	-810.924614	344.449221	-249.156364	-856.881188	341.396140	-310.170577	-855.278190	-60.825307	-247.309481	-16.609870	-171.726431	-206.402187	-471.592156	-221.309613	49.664327	-775.416394	-219.080985	-67.616741	-810.010121	-217.348986	-128.673213	-814.411757	
-24.999145	-136.065649	659.362413	60.435344	-100.285548	424.909396	222.206683	-110.603777	442.633925	478.830156	-190.895003	338.224050	515.892947	-300.984003	534.215104	550.953830	-394.413720	578.201393	-84.347081	-121.599945	486.373391	-350.932363	-34.752464	451.940377	-389.831659	-205.573413	597.654652	-492.038204	-213.971503	635.466246	22.237493	-19.051265	197.194838	0.000000	0.000000	0.000000	150.167674	-200.474463	-7.104865	323.494493	-262.353852	-436.442938	361.353513	-140.790531	-814.353651	346.970648	-253.758143	-860.642507	343.383189	-314.740547	-858.939100	-62.421544	-246.991772	-15.368817	-179.435328	-206.224582	-468.830124	-219.024675	50.006130	-773.979637	-217.170964	-67.460841	-807.959281	-215.489458	-128.522471	-812.308631	
-25.027118	-136.704887	655.090465	68.526057	-101.828373	423.619265	229.099127	-113.599678	449.471071	493.887390	-194.329292	368.393235	510.340652	-311.812006	562.899876	560.059839	-399.663678	604.170414	-76.169745	-122.672803	485.447346	-344.968224	-40.304514	457.903336	-400.193305	-207.128046	602.974703	-501.488867	-196.334706	642.587016	33.256869	-20.399301	195.502200	0.000000	0.000000	0.000000	147.067018	-202.324185	-15.067730	323.171084	-275.545629	-441.481149	363.133792	-146.302828	-816.616770	347.737020	-258.842993	-863.615252	343.643008	-319.790871	-861.820749	-66.216075	-246.129299	-13.167561	-188.810042	-205.364956	-465.152445	-218.953299	49.842670	-772.232517	-217.402392	-67.853793	-805.424070	-215.756732	-128.919023	-809.736429	
-26.442231	-137.724879	650.413481	74.394165	-103.897097	421.863297	233.419148	-117.148478	455.419911	504.083421	-197.612891	396.512868	504.580237	-322.864323	586.821993	566.792335	-402.117351	628.556675	-70.458669	-124.272696	483.479595	-341.472980	-48.406702	459.160380	-414.042426	-208.208858	604.496364	-513.427216	-184.002875	643.008130	42.562650	-21.572411	193.562168	0.000000	0.000000	0.000000	142.041557	-205.256655	-22.016393	319.111168	-289.882652	-445.911686	362.850683	-151.557748	-817.368990	346.724654	-263.588189	-865.330831	342.323117	-324.511428	-863.430712	-71.783365	-244.716288	-9.933379	-199.470252	-204.146277	-460.523525	-221.355639	48.858814	-770.115471	-219.808385	-69.104527	-802.345863	-218.090260	-130.169564	-806.632609	
-29.397870	-139.080205	646.015519	77.578831	-106.332698	420.114942	234.879784	-120.859117	460.562240	509.544790	-199.765442	421.362288	499.139001	-332.105925	606.520187	570.344696	-401.700201	651.012399	-67.609909	-126.122193	481.128731	-340.730436	-57.957432	457.579353	-428.488355	-209.421846	603.465202	-526.297705	-176.930642	639.853045	49.428237	-22.748382	191.787960	0.000000	0.000000	0.000000	135.440707	-209.035475	-27.400821	311.035946	-304.248323	-449.660517	360.087807	-155.787133	-816.512863	343.617742	-267.293759	-865.566056	339.213227	-328.212209	-863.524544	-78.722916	-242.703785	-5.929627	-211.227606	-202.718945	-455.179075	-226.302787	47.082478	-767.764595	-224.400946	-71.165770	-798.913861	-222.476508	-132.227202	-803.164156	
-33.868517	-140.647211	642.729839	77.647017	-108.811631	418.903419	233.270636	-124.291738	465.079668	510.618818	-200.143724	442.097666	493.953231	-338.174346	622.584610	570.874966	-398.051882	671.481425	-68.001062	-127.885023	479.044252	-342.921186	-67.806956	454.439755	-441.757256	-211.281430	601.314219	-538.325553	-174.300486	636.717554	53.322299	-24.003408	190.588116	0.000000	0.000000	0.000000	127.656975	-213.411527	-30.822671	298.935640	-317.780041	-452.691440	354.410781	-158.486534	-814.043818	337.944771	-269.503998	-864.195585	333.873892	-330.439467	-861.977105	-86.712232	-240.032836	-1.676881	-224.052735	-201.113798	-449.565530	-233.679422	44.780814	-765.446657	-231.154082	-73.737660	-795.505529	-228.921099	-134.793822	-799.679957	
-39.587511	-142.281968	641.400148	74.233030	-110.852984	418.679274	228.438595	-126.954260	469.196434	507.684322	-198.398655	458.185899	488.926245	-340.276841	635.455316	568.941027	-390.252622	690.165710	-71.959760	-129.139302	477.733110	-348.281511	-77.299812	450.259718	-453.273745	-213.789676	599.500293	-548.079456	-174.410309	637.017822	53.870042	-25.250547	190.272671	0.000000	0.000000	0.000000	119.108243	-218.117697	-32.073613	283.550072	-329.656804	-454.826896	345.678304	-159.285360	-809.990390	329.481598	-269.892219	-861.127423	326.049407	-330.860676	-858.741578	-95.464358	-236.683522	2.247661	-237.866493	-199.367501	-444.194377	-243.256083	42.252639	-763.456620	-239.959645	-76.483507	-792.566807	-237.370572	-137.535730	-796.590456	
-46.127542	-143.884047	642.670423	67.031085	-111.932482	419.686776	220.216913	-128.333522	473.125512	500.968833	-194.424566	469.378087	484.092071	-338.037754	645.435347	564.930061	-377.130067	707.323807	-79.749541	-129.414506	477.513271	-357.092362	-86.418885	445.448241	-463.190846	-216.782202	599.312204	-554.282483	-175.229205	643.153788	50.817047	-26.259262	190.974710	0.000000	0.000000	0.000000	110.113079	-222.921509	-31.175804	266.391645	-339.140197	-455.761075	334.222727	-157.954276	-804.470208	318.473472	-268.258035	-856.395619	315.903054	-329.265125	-853.915105	-104.748615	-232.671814	5.398124	-252.282860	-197.741175	-439.567991	-254.748860	39.688231	-761.994596	-250.630975	-79.179231	-790.457053	-247.669674	-140.230273	-794.234336	
-53.011822	-145.364205	646.704883	55.862232	-111.647306	421.855832	208.459713	-128.057108	476.949550	490.523459	-188.409653	475.799009	479.290921	-331.550721	652.689360	558.451328	-357.523508	723.061338	-91.482886	-128.361267	478.460925	-369.527178	-95.531662	440.918699	-471.837785	-220.183893	601.915478	-555.510176	-175.064236	655.855905	44.050405	-26.771045	192.577605	0.000000	0.000000	0.000000	100.853888	-227.632193	-28.335455	249.311384	-345.771901	-455.191177	320.737404	-154.516681	-797.750978	305.513518	-264.630434	-850.233368	303.904986	-325.670623	-847.756886	-114.355674	-228.044350	7.492636	-266.510502	-196.887924	-436.195917	-267.790401	37.172608	-761.083203	-262.894231	-81.714834	-789.338211	-259.556956	-142.765900	-792.787392	
-59.773695	-146.563263	652.919782	40.886107	-109.857197	424.736186	193.272348	-126.077765	480.466944	476.427669	-181.035869	477.940971	473.860548	-321.567165	657.245450	547.936104	-330.874756	736.739801	-106.911905	-125.936929	480.335346	-385.399142	-104.926345	437.917845	-479.090438	-223.608103	608.394187	-550.515508	-172.742037	673.643900	33.739876	-26.601890	194.672086	0.000000	0.000000	0.000000	91.458490	-232.069831	-23.869609	233.945262	-349.576130	-452.929297	306.086470	-149.436667	-790.223374	291.316344	-259.470640	-843.001917	290.607441	-320.531144	-840.606637	-124.010384	-222.911350	8.339072	-279.538061	-197.632235	-434.553077	-281.786558	34.848918	-760.567151	-276.300204	-83.934520	-789.149254	-272.627890	-144.984635	-792.258043	
-65.905319	-147.247012	660.024854	22.857620	-106.695430	427.593801	175.323469	-122.653678	483.182376	459.189316	-173.438797	476.491879	466.819203	-309.322029	659.202753	531.603988	-298.332199	746.239105	-125.195287	-122.390286	482.621841	-403.905235	-114.356248	437.322289	-484.113923	-226.028690	619.040295	-539.899461	-167.954817	692.944431	20.493326	-25.688026	196.630135	0.000000	0.000000	0.000000	82.136674	-236.037605	-18.183388	221.361343	-351.108551	-448.970568	291.191092	-143.603080	-782.276342	276.629888	-253.656271	-835.072868	276.606557	-314.725187	-832.789885	-133.311113	-217.496549	7.809196	-290.357143	-200.490071	-434.942056	-295.807332	33.065039	-760.149721	-290.090194	-85.494585	-789.602597	-286.211075	-146.542870	-792.488124	
-70.804070	-147.199311	666.482323	3.181459	-102.460365	429.686941	155.956910	-118.118249	484.505579	440.012156	-166.706376	472.034787	457.343971	-296.074776	658.767636	509.557669	-263.604615	748.837551	-144.868786	-118.045613	484.753282	-423.646817	-123.019194	439.433280	-486.047550	-226.426228	632.665616	-526.134263	-160.980426	710.488008	5.391196	-24.047789	197.827955	0.000000	0.000000	0.000000	73.297604	-239.331672	-11.774215	212.133780	-351.207500	-443.527317	277.018389	-137.998511	-774.222596	262.296787	-248.153226	-826.762292	262.648613	-309.224535	-824.572180	-141.703985	-212.188611	5.793031	-298.148927	-205.534857	-437.447371	-308.735885	32.184454	-759.495760	-303.276308	-86.051429	-790.269303	-299.421927	-147.100731	-793.166453	
-73.942852	-146.303286	671.096093	-16.400693	-97.490512	430.568138	136.891239	-112.735631	484.044868	420.574266	-161.359239	464.981955	445.290396	-282.874726	656.107125	484.523416	-231.699576	744.056231	-164.148460	-113.163735	486.416362	-442.951724	-130.002989	444.214358	-484.818831	-224.504583	647.296105	-511.411700	-152.395559	725.010519	-10.249204	-21.710678	197.906193	0.000000	0.000000	0.000000	65.521890	-241.808425	-5.136892	206.593806	-350.657616	-436.938923	264.561462	-133.387782	-766.273135	249.272400	-243.704825	-818.307748	249.656964	-304.777392	-816.158613	-148.593652	-207.490732	2.260103	-302.435021	-212.509415	-441.912153	-319.554833	32.343269	-758.285025	-314.873414	-85.503018	-790.640530	-311.355661	-146.559278	-793.806835	
-75.198582	-144.567055	673.346981	-34.309294	-92.144236	430.185720	119.680574	-106.783656	481.793843	402.463872	-157.441804	455.888857	431.384771	-270.765414	651.406305	460.035412	-205.924795	734.279740	-181.407996	-108.000713	487.671553	-460.298361	-134.405530	451.356543	-481.156849	-220.661272	661.238586	-497.080396	-143.197438	736.685371	-25.264038	-18.729788	196.860825	0.000000	0.000000	0.000000	59.308643	-243.457167	1.383008	204.808781	-350.024358	-429.517873	254.662674	-130.260433	-758.525259	238.408993	-240.765042	-809.864871	238.486762	-301.838244	-807.700842	-153.571635	-203.829653	-2.609742	-303.156024	-220.857964	-447.936469	-327.526249	33.461021	-756.263675	-324.083022	-83.974892	-790.226778	-321.239446	-145.040146	-793.862139	
-74.973385	-142.094941	673.393026	-49.427167	-86.819553	428.771876	105.377709	-100.643725	478.116920	386.828573	-154.808031	445.630788	417.135738	-260.711570	645.059090	438.605922	-186.972418	722.484795	-195.492805	-102.867330	488.783335	-474.643155	-135.484064	460.374519	-476.160104	-215.537064	673.716540	-483.871720	-134.327240	746.462108	-38.833562	-15.236007	194.943786	0.000000	0.000000	0.000000	54.887936	-244.376707	7.626227	206.481637	-349.605334	-421.499293	247.818000	-128.847523	-751.021291	230.245442	-239.534254	-801.527323	229.698827	-300.603083	-799.308227	-156.538752	-201.405535	-8.307540	-300.622727	-229.704806	-454.872548	-332.204157	35.362005	-753.335139	-330.350902	-81.686432	-788.729641	-328.489528	-142.750908	-792.964268	
-73.903204	-139.086631	671.914636	-61.040698	-81.960089	426.723693	94.596609	-94.819950	473.651759	374.477163	-153.136732	435.314593	404.536816	-253.264094	637.741518	421.700911	-174.278518	710.952472	-205.711159	-98.146287	489.989337	-485.369927	-133.018543	470.735023	-470.805507	-209.661254	684.836340	-472.182181	-126.383243	755.612749	-50.342467	-11.526561	192.551384	0.000000	0.000000	0.000000	52.339341	-244.681535	13.504060	211.063194	-349.418180	-413.156694	244.184861	-129.105270	-743.902262	225.029986	-239.944172	-793.490923	223.602092	-300.996492	-791.210500	-157.617677	-200.247783	-13.967053	-295.319408	-238.013657	-461.843508	-333.356714	37.815754	-749.609070	-333.310326	-78.894012	-786.151789	-332.669885	-139.934055	-791.047703	
-72.424274	-135.864011	669.935988	-68.672396	-78.052381	424.596991	87.703054	-89.886074	469.287851	366.116302	-151.873557	426.307332	395.542382	-248.551734	630.496380	410.453264	-167.207271	701.587273	-211.706342	-94.268958	491.472919	-492.067508	-127.525349	482.120964	-465.630533	-203.497346	695.322615	-462.586642	-119.868967	765.632296	-59.142993	-8.179398	190.206374	0.000000	0.000000	0.000000	51.853002	-244.437906	18.766893	217.992877	-349.208488	-405.052753	243.761066	-130.755323	-737.681177	222.923443	-241.701197	-786.343411	220.478607	-302.720276	-784.036948	-156.954082	-200.391361	-18.609243	-287.701374	-244.916558	-467.946532	-330.939163	40.505039	-745.440180	-332.724530	-75.920152	-782.837093	-333.417891	-136.904337	-788.379241	
-70.634070	-132.807805	668.554259	-72.085548	-75.506100	423.071281	84.839311	-86.312165	466.064400	362.330045	-150.363479	420.238298	391.503816	-246.410537	624.761121	405.991352	-165.422969	696.345312	-213.432801	-91.588890	493.472808	-494.476418	-120.033346	494.581102	-460.634077	-197.471425	706.202560	-456.023811	-115.356808	778.191153	-64.591910	-5.962390	188.508875	0.000000	0.000000	0.000000	53.764289	-243.670114	22.914996	226.757961	-348.481474	-398.143425	246.541527	-133.365723	-733.346763	224.152668	-244.373658	-781.171277	220.709875	-305.346230	-778.909068	-154.596682	-201.922882	-21.554605	-278.282661	-249.871897	-472.535777	-325.193805	43.063674	-741.470370	-328.568277	-73.138249	-779.447572	-330.520643	-134.043610	-785.529701	
-68.501937	-130.157615	668.583792	-71.354269	-74.422286	422.752708	85.870744	-84.217725	464.882690	363.319186	-148.185159	418.684865	392.771176	-246.538572	622.068536	409.417516	-168.887545	696.810683	-211.148842	-90.153133	496.265255	-492.571396	-111.420929	508.300906	-455.501356	-191.702268	718.315954	-453.707196	-113.288737	794.437709	-66.229340	-5.459748	187.955119	0.000000	0.000000	0.000000	58.235879	-242.390577	25.420675	236.702324	-346.627893	-393.490695	252.436498	-136.476588	-732.041013	228.847499	-247.514347	-779.214965	224.542052	-308.435980	-777.060242	-150.603135	-204.803551	-22.622701	-267.932890	-252.493860	-475.326478	-316.712826	45.281028	-738.553288	-321.201975	-70.784991	-776.829504	-324.140205	-131.613232	-783.276115	
-65.999778	-127.927215	670.274979	-66.772287	-74.514632	423.913489	90.475103	-83.338389	466.174469	368.819372	-145.286739	422.693675	398.714274	-248.528085	623.574860	421.621610	-177.624436	703.205870	-205.263773	-89.657818	499.971815	-486.503577	-102.152573	523.293132	-449.958394	-186.107552	731.959403	-457.028771	-114.166410	813.940524	-63.905418	-6.800886	188.714352	0.000000	0.000000	0.000000	65.033899	-240.599353	25.949249	247.085975	-343.143879	-391.835490	261.164017	-139.693794	-734.526786	236.857008	-250.753899	-781.281774	231.875022	-311.628406	-779.257095	-145.135443	-208.770634	-22.093229	-257.723252	-252.459637	-476.402159	-306.228939	47.167363	-737.569880	-311.265581	-68.877506	-775.842098	-314.779760	-129.656990	-782.458124	
-63.093339	-125.980263	673.254456	-58.730556	-75.281639	426.357513	98.250556	-83.227742	469.766964	378.230644	-141.768771	432.513666	408.215684	-251.824857	629.730011	442.794181	-191.381556	713.659184	-196.217368	-89.635807	504.366560	-476.514087	-92.703009	539.297514	-444.140547	-181.022982	746.847841	-467.070068	-118.918063	833.817021	-57.811531	-9.679727	190.544983	0.000000	0.000000	0.000000	73.556527	-238.294211	24.415698	257.366602	-337.703142	-393.357143	272.225164	-142.645520	-740.861388	247.753073	-253.753912	-787.415104	242.300270	-314.591870	-785.508566	-138.494329	-213.396139	-20.469344	-248.427269	-249.542773	-476.089269	-294.362394	48.866314	-739.109612	-299.404944	-67.279695	-777.073006	-303.034803	-128.052461	-783.688292	
-59.719955	-124.104908	676.742221	-47.677131	-76.152594	429.551949	108.734915	-83.409779	475.084309	390.710435	-137.672375	447.714863	420.400633	-255.943352	640.162777	471.603999	-209.234136	724.362751	-184.500389	-89.590621	508.879703	-463.007319	-83.944932	555.760895	-438.809634	-177.506351	762.125462	-483.288928	-128.191811	848.936123	-48.311437	-13.473139	192.944916	0.000000	0.000000	0.000000	83.001425	-235.505693	20.944020	267.359521	-330.109954	-397.702074	284.981957	-144.872791	-750.411723	260.955643	-256.095170	-796.925432	255.258895	-316.913367	-795.103618	-131.130097	-218.199032	-18.211687	-240.343401	-243.762866	-474.720495	-281.649365	50.439477	-743.191197	-286.229552	-65.910923	-780.583015	-289.532542	-126.717821	-787.054373	
-55.836793	-122.069692	679.846449	-34.168630	-76.534355	432.855542	121.346906	-83.397729	481.418930	405.147771	-133.015490	467.317265	434.988870	-260.677167	653.644226	504.428666	-229.040835	731.557180	-170.746144	-89.012876	512.761399	-446.743211	-76.942087	571.716849	-435.200571	-176.860605	776.188507	-502.847953	-141.357044	854.353404	-35.770160	-17.361542	195.351820	0.000000	0.000000	0.000000	92.543767	-232.331278	15.768588	277.124629	-320.394034	-404.204366	298.759316	-145.878448	-762.120144	275.830959	-257.323816	-808.654292	270.143586	-318.143908	-806.866765	-123.533579	-222.781470	-15.667070	-233.525004	-235.543476	-472.526309	-268.732220	51.693558	-749.280816	-272.453708	-64.927654	-785.916663	-275.057109	-125.798663	-792.098046	
-51.473847	-119.685187	681.735582	-18.840515	-75.930811	435.629700	135.438515	-82.721065	487.998242	420.326991	-127.879423	489.727044	451.804775	-265.796684	668.315144	536.792187	-248.308370	734.379278	-155.666923	-87.443805	515.254205	-428.834253	-72.407724	585.605866	-434.187784	-179.505775	786.670405	-521.658779	-156.756217	848.133443	-20.541378	-20.438160	197.239941	0.000000	0.000000	0.000000	101.469336	-228.933720	9.173102	286.648328	-308.993959	-412.136196	312.913715	-145.312130	-774.828685	291.700468	-257.107788	-821.336057	286.292473	-317.952633	-819.524023	-116.152796	-226.881967	-13.064687	-227.924466	-225.599222	-469.668229	-256.345495	52.348870	-756.504110	-258.864614	-64.577072	-792.260510	-260.484668	-125.523852	-798.016582	
-46.752244	-116.896865	681.680757	-2.314631	-74.131808	437.255036	150.388296	-81.071150	494.037535	435.216802	-122.528855	512.950240	469.802282	-270.646510	682.569627	565.588869	-265.500702	734.450468	-139.875174	-84.648473	515.744358	-410.509791	-70.509724	595.449001	-435.202881	-184.450881	791.237831	-536.038319	-172.182508	831.587847	-3.116961	-21.889702	198.127198	0.000000	0.000000	0.000000	109.235248	-225.513148	1.516761	295.612391	-296.858621	-420.828844	326.855796	-143.185385	-787.483776	307.817150	-255.415576	-833.885508	302.938020	-316.302752	-831.995805	-109.363007	-230.361344	-10.534197	-223.403907	-214.874517	-466.315041	-245.205956	52.199750	-763.861215	-246.225543	-65.051267	-798.613211	-246.668367	-126.062800	-803.872844	
-41.892057	-113.851818	679.115271	14.797515	-71.288287	437.201809	165.586075	-78.463357	498.861513	449.072890	-117.609820	535.006910	486.911627	-274.362887	695.949253	589.137193	-280.308732	733.469271	-123.813040	-80.774814	513.955942	-392.863673	-71.047060	599.471773	-436.451014	-189.951777	788.911509	-544.045671	-185.954921	807.722073	15.676047	-21.278506	197.597439	0.000000	0.000000	0.000000	115.453977	-222.298030	-6.692149	303.376437	-285.368125	-429.669380	340.031965	-139.946631	-799.177722	323.367077	-252.600278	-845.466424	319.186909	-313.535994	-843.468987	-103.480727	-233.159823	-8.113043	-219.693282	-204.560688	-462.709653	-235.898256	51.155305	-770.418037	-235.175837	-66.440775	-803.991567	-234.357931	-127.487254	-808.779625	
-37.292107	-110.935508	673.826997	31.710786	-67.901649	435.218170	180.270721	-75.309397	502.043774	461.298718	-114.091515	554.225402	500.954743	-276.569016	708.932198	606.047496	-293.594106	732.571799	-107.983977	-76.389845	510.100750	-376.838474	-73.547719	596.732219	-436.532654	-194.331308	780.507982	-545.770026	-197.942611	779.748105	34.531781	-18.795782	195.441898	0.000000	0.000000	0.000000	119.779164	-219.601882	-14.791394	309.027744	-276.157231	-438.098485	351.854542	-136.461655	-809.148973	337.433523	-249.404596	-855.486139	333.969939	-310.382071	-853.394213	-98.896089	-235.210401	-5.763350	-216.494130	-195.869883	-459.199533	-228.784789	49.340509	-775.519817	-226.172058	-68.608513	-807.733846	-224.159915	-129.654582	-812.160551	
-33.602272	-108.759408	666.314534	47.211862	-64.774720	431.619184	193.357774	-72.360303	503.552638	471.224895	-112.809666	569.563410	510.529324	-277.363221	722.151158	615.029865	-306.664749	732.838938	-93.334111	-72.381904	504.988368	-363.348619	-77.409154	587.829918	-435.446479	-196.741058	768.072524	-542.639481	-209.454127	750.912678	51.645977	-15.306447	191.941831	0.000000	0.000000	0.000000	121.891019	-217.824205	-22.045754	311.645121	-270.690601	-445.603248	361.549471	-133.710748	-816.781816	349.003397	-246.722610	-863.494999	346.141820	-307.729534	-861.352162	-96.133815	-236.397983	-3.445087	-213.838574	-189.723203	-456.157360	-224.077619	46.998264	-778.951146	-219.578172	-71.279593	-809.718748	-216.564651	-132.299328	-813.935106	
-31.507453	-107.968062	658.095253	59.708053	-62.765009	427.478905	203.548661	-70.425447	503.910493	478.133073	-113.898195	580.834031	515.545776	-276.667531	735.792620	615.452559	-320.380364	734.795555	-81.300623	-69.652521	500.026768	-353.247613	-82.183676	575.416652	-434.407370	-197.641675	754.324858	-536.467806	-223.069620	724.600970	64.999862	-12.066010	188.076289	0.000000	0.000000	0.000000	121.711990	-217.278500	-27.695941	310.768066	-269.500878	-451.645288	368.179121	-132.176749	-821.609486	357.117095	-245.031969	-869.070390	354.727062	-306.059136	-866.926181	-95.609529	-236.632802	-1.148976	-212.334161	-186.317991	-453.725077	-221.966133	44.316662	-780.914015	-215.711378	-74.226802	-810.322640	-211.910886	-135.208205	-814.456850	
-31.275087	-108.865741	651.478242	67.645582	-62.314199	424.332607	209.675380	-69.958055	504.080325	481.533255	-116.639315	588.447769	517.206420	-274.020397	749.271747	607.320890	-334.539714	738.785294	-73.391671	-68.706848	496.870213	-347.255944	-87.795120	563.427164	-435.220205	-198.326493	742.230704	-528.481975	-241.538834	705.064075	72.971623	-10.159917	185.243567	0.000000	0.000000	0.000000	119.571820	-218.008693	-31.074259	306.708066	-271.463726	-455.721183	371.017394	-131.398270	-823.516550	361.132131	-243.955458	-871.935221	359.159427	-304.998802	-869.827219	-97.323700	-235.933496	1.033618	-212.861865	-184.759705	-451.750572	-222.646976	41.455428	-782.006055	-214.798165	-77.264150	-810.300929	-210.339364	-138.200929	-814.435546	
-32.539529	-111.144070	648.599703	69.974435	-63.187583	423.347517	210.974863	-70.851105	504.899589	481.250151	-120.112808	592.810132	517.520056	-269.230539	761.196971	591.233944	-348.043843	745.452227	-70.725800	-69.442936	496.548550	-345.920322	-94.452260	555.185900	-439.669565	-199.900019	734.120110	-519.193863	-265.400132	697.622938	74.900957	-9.982225	184.481606	0.000000	0.000000	0.000000	115.962807	-219.830532	-31.905875	300.251156	-273.956057	-457.711767	369.798346	-130.221120	-823.130580	360.790464	-242.482341	-872.400074	359.246497	-303.539610	-870.338265	-100.972310	-234.380878	2.789648	-215.793505	-183.334642	-450.191281	-226.197288	38.741524	-783.225299	-216.934989	-80.060017	-810.737945	-211.850310	-140.944451	-814.921093	
-34.308947	-114.033277	650.392999	66.501357	-64.623822	424.686391	207.304010	-72.420555	506.566879	477.438883	-123.722655	593.738865	518.370296	-262.640276	769.614518	569.069629	-358.226282	755.973981	-73.656168	-71.123581	498.900259	-349.342635	-102.517800	551.883324	-448.503180	-203.033665	730.738990	-509.031080	-290.960729	707.252249	71.183666	-11.115346	185.883285	0.000000	0.000000	0.000000	111.343501	-222.408539	-30.461227	292.212418	-273.913992	-458.054549	364.771867	-127.369332	-821.767681	356.346922	-239.474111	-871.494388	355.279910	-300.542919	-869.472696	-106.059815	-232.111846	3.604417	-220.278447	-180.541728	-449.469499	-232.430272	36.498017	-785.748850	-221.961736	-82.293644	-812.868824	-216.240665	-143.116827	-817.120495	
-35.161231	-116.783892	656.357391	57.856511	-65.770620	427.681134	199.168111	-73.687766	508.668424	470.515246	-127.136626	590.629767	520.464192	-254.724879	772.651942	546.259888	-360.673371	771.017852	-81.709168	-72.694290	502.964339	-356.941021	-112.511533	552.540990	-460.724273	-208.310949	731.362437	-500.581723	-310.024890	734.838122	62.804882	-12.743213	188.776106	0.000000	0.000000	0.000000	106.213386	-225.302486	-27.355558	283.086203	-269.210414	-457.460808	356.614479	-122.058433	-820.733901	348.660005	-234.210303	-870.431898	348.162314	-295.288164	-868.464099	-111.843630	-229.389420	3.013566	-224.437517	-175.802002	-450.232892	-240.884593	34.698626	-790.463253	-229.389342	-83.990961	-817.614370	-223.006614	-144.743640	-821.931746	
-33.802012	-118.909620	664.974415	44.937987	-66.074286	431.402318	187.255713	-73.899664	510.617335	460.598839	-130.288858	583.469953	522.994643	-246.135444	769.459372	530.712091	-353.323172	788.017476	-94.091859	-73.320190	507.640601	-367.740299	-124.553014	555.469031	-474.578836	-215.802396	734.869921	-500.160034	-315.175745	772.512479	50.704147	-14.094750	192.285435	0.000000	0.000000	0.000000	100.955933	-228.154289	-23.331094	272.766031	-259.632521	-456.566407	346.126086	-114.541435	-820.701454	338.779154	-226.929961	-869.956387	338.963375	-288.012265	-868.074052	-117.684147	-226.466946	0.865540	-226.609548	-168.994676	-452.801234	-250.931836	33.265677	-797.528511	-238.575326	-85.243253	-825.087395	-231.523625	-145.918003	-829.459488	
-29.552119	-120.105850	674.070424	28.494247	-65.266246	434.966426	172.084847	-72.627703	511.895869	447.373008	-133.137393	573.204238	524.392256	-237.565605	760.470133	527.296389	-338.505561	801.650984	-110.046131	-72.505658	512.091205	-380.810536	-137.556728	559.534065	-489.000377	-224.486178	740.265443	-512.710359	-308.028567	806.635076	35.568877	-14.517201	195.620466	0.000000	0.000000	0.000000	95.730021	-230.776852	-19.199684	260.906800	-246.488467	-455.859966	334.181237	-105.907112	-821.776887	327.700920	-218.664533	-870.304982	328.631564	-279.743381	-868.534848	-123.299810	-223.444302	-2.717676	-226.385531	-159.873638	-456.935081	-261.939725	32.402228	-806.368351	-248.935318	-85.885195	-834.573190	-241.262429	-146.481471	-838.987387	
-22.670422	-120.152926	681.073785	9.237850	-63.185686	437.590562	154.166211	-69.629707	512.054213	430.662291	-135.490154	561.207335	523.342903	-229.797510	746.739430	535.232713	-320.141415	806.654223	-128.747288	-69.960054	515.746090	-395.567516	-149.033255	564.225204	-503.925365	-232.369710	746.541450	-536.381703	-296.683848	828.740600	18.056744	-13.509252	198.077548	0.000000	0.000000	0.000000	90.434144	-233.156307	-15.831045	247.451804	-231.612471	-455.769105	321.795745	-97.528924	-823.902279	316.286760	-210.717714	-871.537931	317.907362	-271.785438	-869.885097	-128.781163	-220.218340	-7.541892	-224.678157	-147.982031	-462.038349	-273.358774	32.660877	-816.066676	-260.062119	-85.431326	-844.945258	-251.904432	-145.962078	-849.389030	
-14.624670	-119.031700	683.633846	-11.772796	-59.612795	438.667021	134.396728	-64.711168	510.771580	411.042845	-137.052374	548.684456	518.979917	-223.724707	729.635352	548.883552	-301.724700	799.742019	-148.995668	-65.445194	518.227963	-411.691244	-156.056224	568.987250	-519.405307	-237.040210	752.739464	-564.797654	-286.296497	839.109456	-0.893499	-10.792154	199.062784	0.000000	0.000000	0.000000	84.764749	-235.399869	-13.880159	232.857394	-216.603785	-456.506075	310.017390	-90.610300	-826.910489	305.153119	-204.248600	-873.535400	307.236842	-265.304788	-871.978120	-134.419148	-216.544198	-13.329985	-222.889390	-132.911886	-467.378440	-284.652210	34.862234	-825.672897	-271.621451	-83.139468	-855.038513	-263.219056	-143.636408	-859.486782	
-7.817270	-117.203821	680.779208	-32.789067	-54.323191	437.941979	114.432052	-57.864890	507.970467	390.223004	-137.441925	536.440737	510.969985	-219.744187	711.232716	560.166079	-286.362197	782.190141	-168.962418	-58.917280	519.365498	-428.454560	-156.692254	573.214481	-534.605453	-236.368711	758.442049	-591.772145	-276.511607	842.507140	-19.827240	-6.368718	198.266439	0.000000	0.000000	0.000000	78.523838	-237.581160	-13.417135	218.124728	-202.391321	-457.799507	299.743983	-85.765208	-830.310044	294.718406	-199.849794	-875.814521	296.905316	-260.903638	-874.307684	-140.339628	-212.273049	-19.558294	-221.798469	-114.932357	-472.184623	-295.201370	39.600457	-834.219625	-283.112740	-78.453904	-863.775921	-274.774903	-138.964531	-868.159021	
-4.268259	-115.784896	673.812380	-51.380452	-47.632949	435.729961	96.689408	-49.662866	504.007240	371.046355	-136.133089	525.335067	500.314739	-216.949329	694.639975	563.986911	-275.408147	761.135029	-186.247264	-50.927566	519.361088	-444.005136	-151.163904	576.888348	-547.647095	-229.699060	764.014443	-612.667778	-265.101684	844.422075	-36.773318	-0.762229	195.934691	0.000000	0.000000	0.000000	72.137870	-239.561519	-14.043730	204.797111	-189.291749	-459.102043	291.676387	-82.778047	-833.447172	285.565963	-197.285633	-877.740311	287.535560	-258.346378	-876.213522	-146.097091	-207.711334	-25.479934	-221.042544	-95.698814	-475.832820	-304.305833	46.438222	-840.801321	-293.685469	-71.776102	-870.282222	-285.678271	-132.343017	-874.501285	
-4.495228	-116.399498	665.702625	-65.240477	-40.980931	432.959120	83.455555	-41.604643	499.889619	356.574684	-132.859865	516.686516	489.688682	-213.235917	683.198032	561.033040	-267.060344	745.696710	-198.685069	-42.961043	518.881742	-455.970638	-141.847710	580.699159	-556.205039	-218.602386	770.402575	-624.063220	-252.081846	849.274721	-49.827656	4.642789	192.973859	0.000000	0.000000	0.000000	66.833693	-241.015191	-15.354319	194.458562	-177.554365	-460.199283	286.303494	-80.873001	-836.024609	278.620074	-195.738849	-879.129232	280.275743	-256.806009	-877.490395	-150.685504	-203.724166	-30.461916	-219.812105	-78.208909	-478.176982	-311.391380	53.667326	-845.000665	-302.323027	-64.731042	-874.260422	-294.733601	-125.366015	-878.268878	
-7.681436	-120.804023	659.242139	-73.181550	-36.674235	430.814036	75.877478	-35.917348	496.930780	348.860185	-127.925438	511.718031	482.384642	-206.563903	678.729834	554.631579	-258.452510	741.825981	-205.307884	-37.270279	518.770579	-462.921407	-131.925632	585.639607	-558.826833	-206.098313	778.580438	-623.810562	-240.384783	859.499999	-57.909854	7.787860	190.601834	0.000000	0.000000	0.000000	64.196642	-241.607208	-17.192103	188.081514	-167.561062	-461.457938	283.642606	-79.288072	-838.423998	274.729688	-194.428587	-880.547960	276.244280	-255.494281	-878.728015	-152.973547	-201.392099	-34.320571	-217.930409	-65.653988	-479.671127	-316.283934	59.008007	-847.262872	-308.315417	-59.526914	-876.289017	-300.962171	-120.200628	-880.148712	
-12.501118	-130.222696	655.662231	-75.359905	-36.876944	430.090008	73.866127	-34.742458	495.798651	348.343026	-122.163548	510.755081	480.600786	-196.480806	680.727318	546.923509	-248.769088	749.722994	-206.491569	-36.091277	519.521245	-465.088632	-123.313002	592.430500	-555.944072	-194.480756	788.914702	-611.362504	-233.341816	874.734500	-60.923031	6.873336	189.695552	0.000000	0.000000	0.000000	65.151686	-241.173239	-19.533213	185.717360	-159.698848	-463.411876	283.088487	-77.919887	-841.378168	273.916276	-193.268629	-882.872080	275.596669	-254.324199	-880.867385	-152.393209	-201.315029	-37.231095	-216.075922	-59.656598	-480.918765	-319.207624	60.851402	-848.586268	-311.563892	-57.742362	-877.458996	-304.114997	-118.406477	-881.286014	
-17.685435	-144.666492	654.621737	-72.709430	-42.716804	430.733136	76.606134	-39.264074	496.181830	354.004816	-116.479608	513.253517	484.510465	-184.361741	687.224846	538.177261	-240.046646	764.115922	-203.260184	-40.704996	520.991267	-463.586611	-115.534962	601.156456	-549.211706	-183.863370	800.969302	-588.142126	-232.467134	890.794237	-59.335381	1.257795	190.318132	0.000000	0.000000	0.000000	69.169638	-239.810731	-22.297858	186.571891	-154.273538	-466.260159	283.830382	-77.455508	-845.294762	275.267315	-192.969226	-886.458599	277.343030	-254.007964	-884.316428	-149.412066	-203.124561	-39.421222	-214.905443	-59.338913	-482.160030	-320.488284	59.138026	-849.791908	-312.507850	-59.445935	-878.613752	-304.717135	-120.063066	-882.504148	
-22.250715	-162.767367	655.069496	-66.206262	-54.084470	431.902692	83.187677	-49.528796	497.104590	364.183078	-111.152667	518.265711	492.470102	-172.257668	696.350943	529.612537	-235.468357	777.085195	-196.512368	-51.226093	522.490910	-458.841630	-106.852437	611.287858	-539.602947	-173.300793	813.742365	-559.099273	-237.505233	900.021595	-53.945699	-8.479719	191.732149	0.000000	0.000000	0.000000	74.765982	-237.805614	-25.482502	189.510713	-150.976162	-469.888531	285.465139	-78.578124	-850.123624	277.796589	-194.239511	-891.048476	280.330996	-255.256804	-888.791969	-145.122732	-205.857307	-41.227992	-214.297546	-62.108539	-483.418544	-320.386369	55.029265	-851.333773	-311.719029	-63.518471	-880.106214	-303.524658	-124.075774	-884.097752	
-25.738407	-182.010457	656.082702	-56.671760	-69.823772	432.465261	92.789487	-64.691345	497.469758	376.962482	-105.851762	524.951365	501.700242	-162.162614	707.092274	525.501022	-237.284289	782.480788	-186.893402	-66.876345	523.172004	-449.907906	-96.195685	621.962576	-526.741517	-162.840325	825.876013	-534.240701	-246.229352	896.135922	-45.901767	-20.957112	192.865467	0.000000	0.000000	0.000000	80.490180	-235.466854	-29.453549	193.387037	-148.745375	-474.353662	288.053214	-81.287686	-855.818245	281.043670	-197.108623	-896.408682	283.976004	-258.101889	-893.990426	-140.580988	-208.570680	-43.276351	-213.772249	-65.089861	-484.907012	-319.210207	50.061598	-853.635500	-309.711812	-68.479838	-882.170569	-301.175603	-128.983016	-886.265148	
-28.288254	-199.346397	657.215478	-45.021144	-88.219155	431.564795	104.420017	-83.424643	496.641231	390.065479	-100.729370	532.847951	509.499640	-156.506810	718.670689	532.077335	-245.079056	778.154941	-175.106079	-86.401540	522.497093	-435.331789	-84.689322	632.385574	-511.003223	-154.660220	835.618222	-525.764737	-253.792429	879.222410	-36.570071	-34.480856	192.916981	0.000000	0.000000	0.000000	85.347099	-233.013579	-34.804667	197.073906	-146.501011	-480.040696	291.683457	-85.017986	-862.527721	284.836310	-201.024615	-902.612444	288.030018	-261.993462	-899.924501	-136.521383	-210.595763	-46.356462	-213.084828	-66.172025	-487.107151	-317.402320	45.588975	-857.195058	-307.043793	-73.013869	-885.170192	-298.276179	-133.476622	-889.371554	
-30.290635	-212.121947	658.335944	-32.346158	-107.748555	428.881255	116.904753	-104.465675	494.485971	401.402665	-97.511656	541.563454	515.457622	-158.477758	729.127664	554.681698	-253.870464	764.551872	-162.068837	-108.590328	520.343787	-415.021803	-76.199744	641.840606	-495.794451	-152.362386	840.839684	-541.618631	-250.726657	853.917802	-27.178133	-47.570049	191.681247	0.000000	0.000000	0.000000	88.852137	-230.534375	-41.833239	199.653598	-143.699531	-487.237743	296.134738	-89.067278	-870.296693	288.943192	-205.275034	-909.733298	292.228081	-266.221087	-906.665214	-133.267483	-211.626833	-50.906256	-212.273350	-64.630975	-490.373704	-315.407427	42.404067	-862.186266	-304.243745	-76.324415	-889.305662	-295.359163	-136.761155	-893.633664	
-32.171408	-218.733640	659.164047	-19.914252	-127.433500	424.512111	129.038489	-126.839916	490.869621	410.058608	-99.403679	549.849751	522.231687	-170.911398	734.808065	591.666051	-254.443370	744.526595	-149.153233	-132.422307	516.525558	-392.081579	-75.426079	648.938090	-486.892023	-158.014606	838.979446	-574.232086	-222.784547	827.889340	-18.640656	-59.217447	189.444137	0.000000	0.000000	0.000000	90.832780	-228.094700	-50.130169	200.639407	-140.543308	-495.640757	300.814763	-93.139896	-878.714207	292.915933	-209.529425	-917.473626	296.110705	-270.457650	-913.985084	-130.956749	-211.657438	-56.471623	-211.596632	-61.058906	-494.419837	-313.509277	40.684410	-868.050443	-301.682434	-78.198758	-894.193511	-292.796352	-138.623950	-898.676884	
-34.237112	-218.667340	659.052933	-8.969853	-146.623974	418.805554	139.844551	-149.623707	485.407846	416.770942	-109.074057	555.201901	533.574159	-194.055138	731.386337	630.535954	-243.468189	724.320092	-138.010643	-156.812123	510.668239	-372.237737	-84.885411	651.238671	-489.107615	-170.171529	827.287845	-596.839543	-175.873989	809.745439	-11.518890	-68.871663	186.727797	0.000000	0.000000	0.000000	91.422181	-225.809681	-58.675318	200.160355	-137.693581	-504.336611	305.038227	-97.390591	-886.964046	296.285426	-213.910434	-925.144164	299.231580	-274.830318	-921.308413	-129.609713	-210.949081	-61.962834	-211.449634	-56.810463	-498.454369	-311.881237	39.972711	-873.799850	-299.585095	-79.057160	-899.043396	-290.808650	-139.485806	-903.693108	
-36.294677	-212.416075	657.156372	-0.214901	-164.639902	412.282585	148.863252	-171.717695	477.980376	423.166617	-126.670482	555.000649	551.815712	-224.541300	715.551092	660.283913	-231.302848	706.490076	-129.721781	-180.439566	502.683998	-360.408375	-103.534151	646.437545	-503.211479	-185.056648	804.193552	-602.346153	-139.989931	794.827131	-5.876495	-76.422230	184.033613	0.000000	0.000000	0.000000	91.225624	-223.740916	-66.398105	198.954919	-135.660965	-512.311490	308.405569	-101.877127	-894.288794	298.899075	-218.466705	-932.073758	301.516643	-279.390464	-928.065140	-128.934058	-209.970875	-66.526878	-211.980181	-53.142156	-501.830727	-310.621553	39.476616	-878.698558	-297.996066	-79.669436	-903.221142	-289.380292	-140.109496	-908.020584	
-37.605786	-201.628428	652.895812	6.451970	-180.655615	405.577112	156.175729	-191.878803	469.196502	430.516460	-149.614980	547.648031	576.334823	-256.396162	686.358217	681.518271	-227.594608	686.068500	-124.232581	-201.826198	493.140982	-357.757245	-127.595173	633.682137	-525.596641	-199.181023	770.177576	-604.999600	-124.096103	772.139002	-1.335141	-82.130205	181.648308	0.000000	0.000000	0.000000	91.175819	-221.799677	-72.682139	198.030090	-134.394824	-518.938772	310.957768	-106.182007	-900.355643	300.962710	-222.795768	-937.939366	303.272225	-283.735546	-933.985303	-128.311144	-209.189352	-70.097438	-212.831800	-50.574565	-504.469346	-309.680020	38.742823	-882.597031	-296.772288	-80.481702	-906.585463	-288.280830	-140.929363	-911.509124	
-37.511462	-188.827395	646.651116	11.567508	-193.734349	399.437320	162.138846	-208.831747	460.190358	438.986648	-173.453001	533.041907	603.507004	-283.556077	645.807579	698.582943	-231.564801	658.081300	-120.784469	-219.538879	483.169973	-361.964476	-152.119883	613.870826	-550.721899	-210.506173	727.392976	-611.390217	-120.246914	738.303692	2.496801	-86.374862	179.656367	0.000000	0.000000	0.000000	92.024472	-219.835124	-77.426320	198.155838	-133.355589	-524.035600	312.994137	-109.554250	-905.182703	302.756937	-226.173657	-942.683640	304.822908	-287.138093	-938.983055	-127.141032	-208.861781	-73.140274	-213.377557	-48.882570	-506.673734	-308.842082	38.054997	-885.706850	-295.719928	-81.211898	-909.366073	-287.291328	-141.660570	-914.384409	
-36.095450	-176.297972	639.924685	15.485737	-203.102898	394.632285	166.974484	-221.522010	452.099549	447.644985	-193.726237	512.557588	628.761686	-302.245175	598.150300	713.285504	-237.750680	622.426945	-118.832082	-232.479425	473.940671	-369.679872	-172.238394	589.015578	-574.046734	-217.747587	678.952782	-620.806608	-120.409778	695.843234	5.695797	-89.381843	178.105881	0.000000	0.000000	0.000000	93.838687	-217.848218	-80.791551	199.434631	-131.993605	-527.648248	314.682082	-111.392767	-908.858274	304.258457	-228.016114	-946.295549	306.103844	-289.007944	-942.946470	-125.246104	-208.986113	-75.998705	-213.210042	-47.534841	-508.638485	-307.867687	38.237320	-888.139191	-294.761830	-81.048396	-911.712404	-286.396205	-141.500239	-916.797479	
-34.112180	-165.041177	634.456429	18.237543	-208.436320	391.714070	170.747150	-229.207651	445.565367	455.150055	-207.263507	488.427375	649.051080	-310.956810	548.058097	725.623245	-241.184821	582.142466	-118.431646	-239.911205	466.044019	-378.497639	-184.424680	561.347507	-593.528757	-219.705852	627.999281	-631.727315	-119.395407	648.617407	8.085830	-91.156941	177.110961	0.000000	0.000000	0.000000	96.088389	-216.066665	-82.903786	201.291224	-130.148991	-529.841078	315.892306	-111.469339	-911.344834	305.197545	-228.088443	-948.718799	306.793314	-289.105600	-945.721275	-122.879898	-209.458428	-78.519315	-212.364622	-46.265013	-510.192502	-306.693502	39.934617	-889.678214	-293.936577	-79.351988	-913.437602	-285.689713	-139.815906	-918.572855	
-32.512253	-154.785751	631.231790	19.801895	-209.868982	390.864255	173.523633	-231.594204	440.746442	460.473380	-212.517184	463.098624	663.495793	-309.480797	498.955130	735.383090	-238.513009	540.052098	-119.722067	-241.586266	459.574915	-387.123815	-187.143834	532.569138	-608.991477	-214.889463	576.506847	-643.159781	-113.612629	599.353121	9.491495	-91.604300	176.810137	0.000000	0.000000	0.000000	98.074807	-214.848898	-83.738302	202.838886	-128.209910	-530.639409	316.349544	-109.997114	-912.491576	305.283819	-226.578300	-949.875845	306.572389	-287.616924	-947.183070	-120.580537	-210.144956	-80.231022	-211.157492	-45.120944	-510.979485	-305.427249	43.316887	-889.964553	-293.347139	-75.941672	-914.213448	-285.292985	-136.427503	-919.396288	
-31.981136	-144.816385	630.297701	20.310173	-207.880450	391.894624	175.406110	-228.962470	437.626335	463.196037	-209.470490	438.481129	672.448342	-298.496087	452.396852	742.357799	-227.982927	497.493783	-122.373013	-237.918885	454.610472	-394.586704	-180.485536	503.569096	-620.442419	-201.784636	525.043412	-653.441450	-100.427737	549.214994	9.931207	-90.605668	177.299873	0.000000	0.000000	0.000000	99.286712	-214.478898	-83.257260	203.391884	-126.800068	-530.109542	315.904017	-107.504950	-912.203995	304.367123	-223.984178	-949.763229	305.250367	-285.040218	-947.312718	-118.922633	-210.878352	-80.779411	-209.914105	-44.134454	-510.777517	-304.132903	48.287271	-888.823496	-293.061480	-70.906182	-913.861194	-285.296020	-131.425652	-919.091715	
-32.648489	-134.616079	631.332407	20.132566	-202.921817	394.486527	176.645822	-221.947015	436.106633	463.434003	-198.938669	415.445931	676.637343	-278.947560	408.471346	746.157274	-208.773895	454.686139	-125.688916	-229.688700	451.176088	-399.851053	-165.825581	474.680444	-627.266629	-180.188012	473.464628	-660.261442	-78.897086	497.916886	9.626985	-88.116333	178.566778	0.000000	0.000000	0.000000	99.685349	-214.926360	-81.610728	202.831211	-126.118121	-528.462441	314.739240	-104.243875	-910.595355	302.695996	-220.541488	-948.556283	303.081776	-281.609349	-946.277544	-118.097070	-211.578305	-80.157894	-208.804490	-43.247747	-509.597453	-302.755010	54.454213	-886.380342	-292.964486	-64.632906	-912.436923	-285.566808	-125.194802	-917.709321	
-34.300457	-123.996864	633.967985	19.630364	-195.368816	398.288127	177.450567	-211.320330	436.089231	461.351453	-182.360299	394.073602	676.441821	-252.298518	366.678154	746.189362	-181.255219	411.189966	-129.058983	-217.742409	449.130799	-402.012849	-145.066774	445.926206	-628.484847	-151.468912	421.532588	-661.382518	-49.843185	444.692408	8.826372	-84.219220	180.478472	0.000000	0.000000	0.000000	99.424917	-215.971520	-79.131588	201.463273	-125.954339	-525.995669	313.175264	-100.270415	-907.948834	300.658795	-216.305852	-946.553521	300.503560	-277.378148	-944.368205	-118.047277	-212.183151	-78.617659	-207.885339	-42.220693	-507.596950	-301.178368	61.426638	-882.951930	-292.872782	-57.512341	-910.174683	-285.894700	-118.121280	-915.478446	
-36.692833	-112.942720	637.971011	18.826197	-185.449728	403.007492	177.740292	-197.879276	437.393642	456.775571	-161.547505	373.966320	671.575349	-220.661230	326.297100	741.522315	-147.251060	366.441092	-132.325516	-202.926459	448.193778	-400.650186	-120.214727	417.266911	-623.402286	-117.962294	369.287435	-655.313090	-15.354310	389.280547	7.721701	-79.085454	182.836340	0.000000	0.000000	0.000000	98.577629	-217.440915	-76.109918	199.716631	-126.078608	-522.905460	311.457317	-95.791018	-904.512764	298.493726	-211.502034	-943.935000	297.803844	-272.571001	-941.760060	-118.723890	-212.611322	-76.411054	-207.188357	-40.818367	-504.946427	-299.322439	68.951491	-878.844285	-292.674721	-49.804058	-907.295455	-286.164589	-110.463489	-912.616988	
-39.548478	-101.566258	643.097360	17.721075	-173.389220	408.343989	177.495254	-182.344949	439.690401	449.546752	-138.147699	354.612228	661.659238	-186.224834	286.769663	731.281501	-109.311963	320.389925	-135.457848	-186.017244	447.977655	-395.631702	-93.320012	388.710308	-611.709349	-82.538378	317.157470	-641.267126	21.660766	331.830524	6.537913	-72.884411	185.441040	0.000000	0.000000	0.000000	97.288595	-219.198085	-72.649495	198.000399	-126.328943	-519.230821	309.771880	-91.035997	-900.398759	296.387049	-206.402858	-940.679527	295.223668	-267.462849	-938.454864	-119.971573	-212.886634	-73.645692	-206.714839	-39.160429	-501.753340	-297.227883	76.629330	-874.228627	-292.318012	-41.913926	-903.892264	-286.293990	-102.622816	-909.222259	
-42.518270	-90.166186	648.953872	16.570359	-159.579023	413.926478	177.003987	-165.336189	442.535860	439.839589	-113.489746	335.610173	646.739835	-150.929901	247.881876	715.130398	-69.943409	273.515648	-138.230333	-167.708248	448.054743	-386.864332	-66.320779	360.319085	-593.442162	-48.282835	265.842452	-618.956633	57.771944	272.757493	5.576407	-65.795520	188.103998	0.000000	0.000000	0.000000	95.907483	-221.060558	-68.737213	196.619113	-126.571392	-514.978617	308.268198	-86.083115	-895.665673	294.574555	-201.132663	-936.742334	293.051279	-262.182050	-934.445165	-121.419195	-213.182905	-70.342116	-206.385126	-37.701812	-498.090317	-295.033562	83.845851	-869.177018	-291.763878	-34.460526	-899.990200	-286.181547	-95.211187	-905.325153	
-45.313336	-79.130389	655.166889	15.676088	-144.391780	419.436693	176.624494	-147.368571	445.462450	428.009271	-88.681892	316.756283	627.161707	-116.512157	209.660461	693.326392	-31.487190	226.576749	-140.390782	-148.595643	448.064237	-374.558664	-41.030568	332.344801	-569.268835	-18.183164	216.191681	-588.970708	89.285031	213.217526	5.086417	-57.996052	190.666849	0.000000	0.000000	0.000000	94.904251	-222.800952	-64.371881	195.722943	-126.693939	-510.243454	307.057293	-80.866249	-890.417017	293.309112	-195.658240	-932.190130	291.588728	-256.699938	-929.828681	-122.583912	-213.737177	-66.537127	-206.070043	-36.992478	-494.056395	-292.933629	89.992429	-863.741761	-291.000671	-28.061075	-895.619273	-285.749797	-88.841139	-900.955851	
-47.829958	-68.700920	661.418686	15.095601	-128.080652	424.644731	176.466257	-128.811256	448.087602	414.457137	-64.947862	298.135883	603.428920	-84.845468	172.439894	666.687082	3.612298	180.612998	-141.939998	-129.095776	447.728647	-359.592524	-18.907508	305.314626	-540.627328	5.576697	169.106971	-553.128230	113.260384	155.165191	5.077508	-49.517797	193.042657	0.000000	0.000000	0.000000	94.600184	-224.260554	-59.572051	195.304692	-126.699166	-505.153472	306.181807	-75.413171	-884.763095	292.699637	-190.014885	-927.140976	290.959557	-251.054312	-924.735652	-123.151764	-214.680986	-62.316149	-205.665982	-37.303912	-489.762197	-291.095135	94.826372	-857.975678	-290.091598	-22.971580	-890.826512	-285.020652	-83.766570	-896.167079	
-50.110704	-58.815400	667.439379	14.568289	-110.725521	429.385915	176.314127	-109.900972	450.078782	399.658865	-43.537374	280.029641	576.277878	-57.887666	136.832137	636.637777	32.941029	136.786488	-143.193331	-109.462166	446.814398	-343.447655	-0.861590	279.781615	-509.493591	21.880068	125.388721	-514.170196	128.203637	100.491926	5.311451	-40.097636	195.210730	0.000000	0.000000	0.000000	95.048289	-225.390849	-54.365503	195.309333	-126.684194	-499.794673	305.617601	-69.909177	-878.788257	292.663129	-184.376144	-921.691655	291.047008	-245.418021	-919.262160	-123.075095	-215.978802	-57.820960	-205.078476	-38.510345	-485.327381	-289.578926	98.493693	-851.970650	-289.129465	-19.059725	-885.697993	-284.081643	-79.854689	-891.060715	
-52.261566	-49.199257	672.955943	13.648003	-92.333645	433.492297	175.741798	-90.831056	451.210494	384.136386	-25.498102	262.777453	546.706098	-37.336402	103.602472	605.009396	54.525006	96.160816	-144.627497	-89.881333	445.193974	-327.778507	12.611222	256.125696	-477.934110	30.145073	85.622146	-475.279161	133.666067	50.653911	5.440751	-29.332426	197.112323	0.000000	0.000000	0.000000	96.107371	-226.218508	-48.778886	195.701629	-126.780485	-494.194971	305.273816	-64.594472	-872.552327	292.988454	-178.961950	-915.915404	291.585527	-240.008735	-913.476764	-122.495263	-217.493023	-53.190985	-204.301119	-40.414207	-480.896774	-288.382790	101.259423	-845.857833	-288.195956	-16.075308	-880.340699	-283.047356	-76.858964	-885.735698	
-54.489147	-39.591142	677.613044	11.837099	-73.119395	436.730978	174.246252	-71.994971	451.311563	368.308094	-11.804997	246.565676	515.736184	-24.611706	73.341319	573.631468	66.748065	59.387847	-146.755974	-70.718293	442.776532	-314.000570	21.139835	234.480686	-447.750871	29.930719	50.200521	-439.645320	129.847138	6.641003	5.150882	-17.077381	198.557529	0.000000	0.000000	0.000000	97.471213	-226.841866	-42.812970	196.387173	-127.222919	-488.339764	304.973153	-59.769689	-866.078562	293.362509	-174.049469	-909.856767	292.199458	-235.101299	-907.418232	-121.705114	-219.027854	-48.499995	-203.489852	-42.953887	-476.624464	-287.460018	103.361000	-839.775514	-287.367943	-13.796940	-874.854719	-282.061757	-74.565881	-880.262783	
-57.168697	-29.832710	681.013551	8.665871	-53.571741	438.836441	171.336889	-54.078975	450.171045	352.366260	-3.483176	231.374011	484.217893	-20.920668	46.396142	543.755815	68.265931	26.542739	-150.056383	-52.620900	439.483398	-303.091931	24.427596	214.896042	-420.264854	21.235025	19.483874	-409.751935	117.549648	-31.106582	4.174108	-3.514761	199.282423	0.000000	0.000000	0.000000	98.642801	-227.453141	-36.407229	197.141271	-128.466481	-482.167387	304.447569	-55.951326	-859.333616	293.347237	-170.137609	-903.486557	292.362972	-231.192764	-901.052567	-121.196891	-220.315379	-43.703921	-202.984638	-46.186198	-472.622490	-286.713748	105.067250	-833.800494	-286.740247	-11.978059	-869.253798	-281.323508	-72.740654	-874.623426	
-60.753647	-19.947320	682.841322	3.759070	-34.346379	439.575498	166.585497	-37.969314	447.638974	336.147306	-1.497519	217.156195	452.546746	-27.165620	22.996337	515.882257	57.901826	-2.406693	-154.897975	-36.426669	435.369390	-295.668121	22.228278	197.589675	-396.297899	4.710832	-6.107131	-387.106674	97.891604	-62.492301	2.179827	10.971001	199.043077	0.000000	0.000000	0.000000	98.990275	-228.307967	-29.448563	197.646931	-131.213536	-475.589753	303.403923	-53.907727	-852.241746	292.446184	-167.979890	-896.724059	291.473418	-229.035584	-894.298979	-121.582103	-221.044881	-38.659257	-203.258527	-50.375679	-468.987425	-286.028221	106.667740	-827.908394	-286.407884	-10.347425	-863.459048	-281.053143	-71.125272	-868.717093	
-65.555129	-10.238058	682.937137	-2.967245	-16.280934	438.818877	159.812249	-24.601931	443.736980	319.269479	-6.545737	204.047439	420.549429	-43.551518	3.351960	489.824909	34.926180	-27.231204	-161.341092	-23.030965	430.680156	-291.855623	14.342007	182.960460	-376.121351	-18.748821	-26.156460	-372.241559	71.574975	-87.581059	-1.140423	25.722474	197.687417	0.000000	0.000000	0.000000	97.989719	-229.594351	-21.800664	197.638674	-136.229198	-468.516972	301.660231	-54.322346	-844.679485	290.323857	-168.244171	-889.451249	289.118538	-229.296309	-887.041125	-123.323122	-220.972655	-33.167436	-204.709120	-56.057287	-465.788041	-285.303940	108.262567	-821.935734	-286.384824	-8.795088	-857.331764	-281.367790	-69.617291	-862.406803	
-71.449399	-1.339366	681.429937	-11.103830	-0.432476	436.674805	151.314769	-14.794289	438.802682	301.430048	-18.926961	192.526346	387.677409	-69.564059	-12.175898	464.605823	-0.749556	-47.386046	-168.943389	-13.244008	425.875967	-291.100008	0.775989	171.559176	-359.390315	-48.346520	-40.216684	-364.649281	38.570440	-106.278835	-5.754295	39.705875	195.278244	0.000000	0.000000	0.000000	95.422697	-231.315863	-13.352916	197.052029	-144.111398	-460.867481	299.246949	-57.536070	-836.484792	286.945339	-171.250403	-881.528407	285.237862	-232.291586	-879.144367	-126.507008	-219.999782	-27.086129	-207.406884	-63.885244	-463.050356	-284.376763	109.651995	-815.609832	-286.490638	-7.476458	-850.723919	-282.157780	-68.369493	-855.574853	
-77.743185	5.959781	678.796776	-19.666820	12.173103	433.570319	142.018167	-9.006020	433.553790	282.617568	-38.148325	183.381361	353.382615	-103.911780	-22.951398	438.535544	-48.180538	-62.145514	-176.709768	-7.554392	421.636537	-292.165391	-18.185559	164.046150	-345.048611	-83.394673	-47.795154	-362.781215	-1.651155	-118.151208	-11.173328	51.813523	192.181624	0.000000	0.000000	0.000000	91.573601	-233.213368	-4.076851	196.168166	-155.042734	-452.576299	296.493464	-63.442585	-827.505227	282.675461	-176.863339	-872.848385	280.234281	-237.881298	-870.508647	-130.694109	-218.261727	-20.456137	-210.944066	-74.474200	-460.758804	-282.939681	110.327293	-808.613313	-286.287763	-6.849531	-843.469076	-283.021481	-67.825242	-848.112464	
-83.326308	11.016558	675.752585	-27.346282	20.888619	430.158889	133.274109	-7.217680	428.848635	263.218196	-62.787801	177.392464	317.500240	-144.387411	-28.278862	409.938490	-105.029941	-70.697380	-183.359328	-5.995968	418.703527	-293.459393	-42.007544	161.066240	-331.370436	-123.153288	-48.465913	-364.304211	-49.726847	-122.427704	-16.597644	61.265678	188.982263	0.000000	0.000000	0.000000	87.287562	-234.812270	5.907555	195.560579	-168.656754	-443.650925	293.990452	-71.484787	-817.678494	278.297311	-184.513765	-863.388254	274.988523	-245.493033	-861.106636	-134.971304	-216.186660	-13.552132	-214.459507	-88.137733	-458.823336	-280.633375	109.611921	-800.662205	-285.206050	-7.569539	-835.362895	-283.341815	-68.610824	-839.918453	
-87.106317	13.422757	673.035147	-33.007877	25.504148	427.118731	126.336273	-9.090875	425.325151	243.987989	-91.023113	175.027544	280.407150	-188.152909	-27.815200	377.910656	-167.978942	-72.303946	-187.803649	-8.294886	417.633417	-293.520910	-70.134453	163.083699	-316.302727	-166.737571	-42.036822	-366.274215	-106.171036	-118.069495	-21.270571	67.699564	186.299739	0.000000	0.000000	0.000000	83.702097	-235.624766	16.301803	195.867975	-184.143876	-434.221182	292.422666	-80.819709	-807.086790	274.827190	-193.383781	-853.248848	270.657995	-254.312055	-851.015410	-138.238856	-214.432282	-6.811788	-216.841587	-104.585494	-457.074646	-277.206342	106.937891	-791.666446	-282.745567	-10.229283	-826.274424	-282.461484	-71.286137	-830.991079	
-88.535056	13.072613	671.078423	-36.168004	26.245886	424.843492	121.826221	-14.068620	423.067008	225.736402	-121.065713	176.170255	242.856205	-232.220346	-21.964273	342.282258	-233.225293	-66.759599	-189.592787	-13.947562	418.566581	-291.315356	-101.891032	170.142961	-297.994410	-212.874789	-28.763041	-364.837225	-170.736636	-104.280167	-24.939492	71.255020	184.510175	0.000000	0.000000	0.000000	81.861947	-235.329841	26.632829	197.713428	-200.379195	-424.542650	292.395729	-90.506436	-796.013634	273.277034	-202.592768	-842.729115	268.430706	-263.471351	-840.507333	-139.580661	-213.668874	-0.660849	-217.102805	-123.098817	-455.379145	-272.663393	102.022061	-781.831792	-278.641053	-15.159638	-816.317427	-279.888686	-76.166522	-821.501093	
-87.655552	10.158634	669.916271	-36.967192	23.656460	423.347856	119.729443	-21.441531	421.637205	209.189179	-151.430542	180.175982	205.833179	-274.183904	-11.725245	303.435589	-296.723769	-54.840152	-188.889347	-22.269744	421.221934	-286.383716	-136.137627	181.795989	-275.180917	-259.736351	-9.315116	-355.341622	-241.108904	-81.243566	-27.792775	72.396897	183.655961	0.000000	0.000000	0.000000	82.393569	-233.839279	36.349844	201.740615	-216.122646	-414.920396	294.381065	-99.725667	-784.916265	274.451569	-211.401566	-832.271470	269.279311	-272.251963	-830.012721	-138.518676	-214.309150	4.663697	-214.799214	-143.036244	-453.684205	-267.185427	94.854919	-771.491063	-272.897239	-22.385503	-805.821813	-275.370146	-83.292182	-811.697879	
-84.681152	5.094819	669.380196	-35.686368	18.390572	422.458714	119.880900	-30.450542	420.468436	195.141012	-181.024455	186.231116	170.289798	-312.641228	1.934687	262.529355	-354.574064	-38.397343	-186.003642	-32.516033	425.162682	-278.943707	-171.338291	197.376916	-247.358427	-305.026698	15.565526	-334.179958	-312.503984	-50.408214	-29.948264	71.628879	183.618262	0.000000	0.000000	0.000000	85.419525	-231.235100	44.996145	208.595040	-230.403530	-405.591834	298.707799	-107.995178	-774.269660	278.809366	-219.409664	-822.249566	273.741631	-280.265852	-819.911302	-135.014138	-216.389836	9.176427	-210.185871	-163.836514	-451.875311	-260.874785	85.658297	-760.939532	-265.619116	-31.657842	-795.158775	-268.804804	-92.456783	-801.762344	
-79.699725	-1.595447	669.324410	-32.413963	11.055221	422.036113	122.291111	-40.415137	419.255313	184.540571	-208.991227	193.621059	136.905056	-346.877494	18.624012	221.443423	-403.981499	-19.919059	-181.056888	-44.029966	430.097123	-269.951424	-205.955328	216.382901	-215.062953	-346.281420	45.440088	-300.806068	-379.234500	-13.793644	-31.221746	69.296624	184.299868	0.000000	0.000000	0.000000	90.698823	-227.668419	52.265041	218.757049	-242.755702	-396.706997	305.632709	-115.234612	-764.427603	286.462282	-226.558576	-812.911377	281.886734	-287.449954	-810.476326	-129.277769	-219.671573	13.009375	-203.917897	-184.748616	-449.797912	-253.547348	74.977419	-750.492148	-256.818138	-42.399696	-784.674841	-260.120404	-103.126122	-791.862561	
-72.820184	-9.385336	669.667284	-27.219553	2.204152	422.010766	126.936377	-50.810814	418.016616	178.247162	-234.514715	201.628562	106.211374	-376.309120	38.500013	181.882406	-443.708817	-1.803173	-174.110604	-56.315849	435.885410	-261.162694	-238.656786	238.478352	-180.191403	-381.303324	80.297389	-257.982222	-436.564120	26.993962	-31.397819	65.579645	185.625290	0.000000	0.000000	0.000000	97.727711	-223.344322	57.943321	232.274513	-253.176764	-388.385716	315.190129	-121.609279	-755.594717	297.166937	-232.974958	-804.421519	293.360067	-293.915535	-801.895878	-121.665718	-223.767988	16.214988	-196.724772	-204.885797	-447.456175	-244.865050	63.675889	-740.534414	-246.421699	-53.734491	-774.723904	-249.293242	-114.440915	-782.257251	
-64.424634	-17.748221	670.311559	-20.426621	-7.569369	422.303394	133.464348	-61.220192	416.849073	176.684560	-256.692305	209.180163	78.954081	-400.262484	61.728176	144.485149	-473.237174	14.046472	-165.456429	-68.897850	442.284615	-254.870358	-268.129258	263.098050	-145.968662	-408.482711	120.385294	-210.752607	-481.258069	70.855404	-30.434092	60.661222	187.449308	0.000000	0.000000	0.000000	105.777347	-218.580735	61.842020	248.649121	-262.171082	-380.752561	326.995181	-127.478623	-747.831966	310.279359	-238.967374	-796.842641	307.399597	-299.955138	-794.230244	-112.789150	-228.178917	18.723644	-189.419664	-223.426728	-445.050577	-234.721857	52.691215	-731.484361	-234.551727	-64.735036	-765.654357	-236.588821	-125.463175	-773.283925	
-55.212883	-26.216052	671.114769	-12.605309	-17.717370	422.800751	141.237550	-71.319548	415.745837	179.613651	-274.541839	214.669520	56.344317	-418.272720	87.973677	108.360326	-491.961778	26.675809	-155.746297	-81.224425	448.715772	-253.159046	-292.769557	288.855697	-116.229703	-427.105919	165.852858	-164.689355	-512.062725	117.063253	-28.406510	54.809560	189.558021	0.000000	0.000000	0.000000	114.231456	-213.741407	63.691485	267.131120	-270.705979	-374.006077	340.388233	-133.353171	-741.150538	324.965841	-245.002180	-790.220439	323.085323	-306.023457	-787.483205	-103.415765	-232.430389	20.466537	-182.933481	-239.770033	-442.787615	-223.465288	42.731691	-723.657101	-221.703293	-74.715127	-757.711209	-222.655063	-135.484932	-765.220663	
-45.995794	-34.492254	671.946029	-4.373839	-27.897998	423.407072	149.587979	-80.910925	414.690494	186.120427	-287.020265	216.226316	40.128738	-430.364106	116.003058	71.386028	-498.931130	37.169587	-145.899143	-92.786948	454.295409	-256.862041	-310.814467	313.061325	-94.293064	-437.550309	215.927624	-123.583399	-529.641244	164.861409	-25.325592	48.311183	191.749589	0.000000	0.000000	0.000000	122.792973	-209.122147	63.092260	287.110814	-279.683761	-368.443522	354.744090	-139.541452	-735.612865	340.588940	-251.360782	-784.676861	339.748645	-312.395032	-781.720641	-94.069324	-236.280702	21.447090	-178.100558	-253.675810	-440.740652	-211.833623	34.006499	-717.216127	-208.617793	-83.484692	-751.009917	-208.315979	-144.298418	-758.211764	
-37.472636	-42.393116	672.655317	3.902114	-37.953444	424.027274	158.134769	-89.876285	413.688166	194.921178	-293.083539	212.299780	32.252215	-436.991270	143.487681	32.426927	-493.653736	50.307718	-136.771180	-103.161006	457.984237	-264.871148	-320.855841	331.512159	-82.160942	-441.230295	267.852333	-88.344572	-535.483137	212.856089	-20.959206	41.516012	193.856631	0.000000	0.000000	0.000000	131.497697	-204.788707	59.672116	308.067576	-289.163128	-364.481701	369.582319	-145.684928	-731.438641	356.815377	-257.676657	-780.490291	357.058941	-318.698372	-777.186353	-84.815462	-239.731492	21.742461	-175.401323	-265.175748	-438.831245	-200.763235	26.271388	-712.241302	-196.071510	-91.288113	-745.622331	-194.351730	-152.132658	-752.349202	
-30.198793	-49.796712	673.008450	12.136179	-47.817917	424.510323	166.786803	-98.166818	412.730543	204.470353	-291.985479	202.449811	33.939165	-438.907064	167.251890	-4.469391	-478.940425	73.362146	-128.901158	-112.053475	458.808128	-274.431826	-322.546575	339.186602	-80.753979	-440.456937	316.567141	-58.486931	-531.141002	259.760440	-14.893802	34.862492	195.719295	0.000000	0.000000	0.000000	140.310973	-200.630780	53.394206	329.020779	-298.311177	-362.598071	384.387068	-150.846766	-728.953465	373.320127	-263.002251	-778.043958	374.677494	-323.981781	-774.265130	-75.598827	-242.813058	21.545806	-174.840554	-274.379117	-436.860139	-191.147938	19.151400	-708.727062	-184.750819	-98.487496	-741.540307	-181.443526	-159.327799	-747.687358	
-24.676687	-56.704104	672.665526	20.204452	-57.428782	424.607785	175.395084	-105.822889	411.783247	213.195321	-283.709980	187.883638	44.874624	-437.194349	183.831089	-29.304176	-462.390789	107.963994	-122.510959	-119.340736	456.124423	-282.074324	-316.653567	332.015563	-90.478806	-437.782423	355.351360	-36.028137	-518.307651	305.379021	-6.936799	28.800490	197.143789	0.000000	0.000000	0.000000	148.600392	-196.730903	44.784993	348.156921	-306.206974	-363.129958	398.278262	-154.075474	-728.330329	389.362945	-266.358236	-777.567562	391.842403	-327.266589	-773.249013	-66.878609	-245.390158	21.177988	-175.932869	-281.526324	-434.653881	-183.724717	12.348125	-706.526672	-175.271960	-105.366721	-738.593910	-170.244348	-166.143860	-744.173292	
-21.362698	-63.321484	671.255094	27.677175	-66.756575	424.008708	183.475474	-113.038488	410.762378	220.277280	-269.352208	171.147358	63.292855	-433.359173	190.208766	-33.933403	-451.842594	144.398406	-117.657040	-125.136590	449.773347	-284.573502	-304.186525	308.791627	-110.810283	-434.759528	377.221420	-28.381697	-500.454305	348.305217	2.470392	23.622156	197.937242	0.000000	0.000000	0.000000	155.167944	-193.643826	34.868288	363.136682	-312.528645	-366.152696	409.974508	-154.814359	-729.415515	403.732408	-267.142685	-778.959333	407.369783	-327.957027	-774.162417	-59.797277	-247.230118	20.955654	-177.913262	-287.319961	-432.280228	-179.114508	5.432992	-705.468781	-168.224645	-112.327797	-736.619213	-161.399412	-172.969086	-741.749240	
-20.470820	-69.979472	668.590149	33.909364	-75.821759	422.508561	190.293711	-120.200126	409.659940	226.328822	-251.041247	155.129427	87.040328	-428.897881	184.650005	-18.680312	-450.212729	168.463752	-114.293746	-129.832111	440.194625	-279.786000	-285.481892	272.321788	-139.431466	-431.253823	377.091777	-43.868298	-484.173995	380.773982	12.330910	19.346218	198.032658	0.000000	0.000000	0.000000	158.804321	-192.233502	24.865407	371.838036	-317.602100	-371.495258	418.157640	-152.913544	-731.716894	415.085992	-265.157006	-781.748652	419.920099	-325.862082	-776.634931	-55.757524	-248.162329	21.074681	-180.095302	-292.768465	-430.070258	-177.760434	-2.149470	-705.520558	-164.035241	-119.873868	-735.672295	-155.377807	-180.305847	-740.498439	
-21.769868	-76.911719	664.845288	38.396031	-84.584342	420.164517	195.250670	-127.645950	408.635830	233.167567	-231.094381	142.056684	114.944647	-424.301740	166.551355	10.471134	-455.378167	170.116739	-112.264142	-133.855792	428.405481	-267.530934	-260.196515	229.091470	-172.667894	-425.916456	353.443818	-82.250583	-475.408883	389.798075	21.616224	15.785641	197.552052	0.000000	0.000000	0.000000	158.906628	-193.111016	15.736554	373.022132	-321.904966	-378.939383	421.884593	-148.257837	-734.588912	422.316004	-260.258790	-785.252578	428.269419	-320.851473	-779.988679	-55.570485	-248.173449	21.434686	-182.112321	-298.619994	-428.480480	-179.839077	-10.836081	-706.891994	-162.824117	-128.372883	-736.083312	-152.287806	-188.521120	-740.713951	
-24.759540	-84.133264	660.503397	40.945334	-92.911003	417.288872	198.119924	-135.327162	407.928941	242.612011	-211.064955	133.178234	147.033246	-417.857926	135.842547	47.734117	-461.931565	145.348774	-111.420389	-137.367491	415.744892	-250.222015	-228.562264	187.242262	-206.756989	-416.860345	307.990869	-133.671349	-474.196996	365.587917	29.615697	12.642388	196.739273	0.000000	0.000000	0.000000	155.665689	-196.206819	7.867502	366.550025	-325.444594	-388.399858	420.722004	-140.380270	-737.461522	424.666628	-251.996884	-788.816931	431.458911	-312.499425	-783.531809	-58.994816	-247.361898	21.663063	-184.027986	-304.953429	-427.815823	-185.331882	-20.772024	-709.909687	-164.465573	-137.893499	-738.259276	-151.903560	-197.660481	-742.772665	
-29.090772	-91.516184	656.106625	41.553742	-100.703225	414.295882	198.931199	-142.887891	407.709475	255.007789	-191.450650	128.960870	183.533193	-404.863017	93.573366	90.322449	-461.464863	94.650059	-111.763275	-140.331931	403.454531	-232.759768	-192.904502	153.671018	-238.366049	-401.779110	244.586197	-185.477821	-474.793434	306.377508	35.946445	9.587971	195.855010	0.000000	0.000000	0.000000	149.802121	-200.869739	1.221583	353.278638	-327.724514	-399.661940	414.653380	-128.673510	-739.719717	421.707628	-239.806577	-791.785881	428.974291	-300.267664	-786.659716	-65.029007	-245.857112	21.519622	-186.338202	-311.306405	-427.904249	-194.211195	-31.940733	-714.662957	-168.794875	-148.334947	-742.284315	-153.930910	-207.577172	-746.721460	
-34.793663	-98.910588	652.041079	40.178208	-107.946876	411.531103	197.679719	-150.037670	408.033982	268.662898	-172.100440	129.325653	223.403626	-378.313022	43.688625	137.465657	-442.214850	23.087825	-113.476538	-142.824585	392.351910	-221.077774	-157.514674	131.579969	-265.670525	-377.854019	168.831297	-228.220811	-468.460258	217.147450	40.410102	6.400887	195.113591	0.000000	0.000000	0.000000	142.133395	-206.325102	-4.343992	334.812289	-328.230508	-412.040376	403.929578	-113.095572	-740.624023	413.413467	-223.659592	-793.509369	421.086914	-284.112467	-788.905758	-72.624316	-243.752450	21.166887	-189.897682	-317.152924	-428.099932	-206.535725	-44.420050	-720.807421	-175.788711	-159.680489	-747.755411	-158.281713	-218.205041	-752.073840	
-42.135986	-106.292736	648.457471	36.777810	-114.670272	409.187928	194.324828	-156.734748	408.859703	280.782260	-152.690935	133.700713	263.892882	-332.006226	-5.821710	188.312337	-391.431515	-57.293911	-116.754666	-145.162854	382.880928	-219.470480	-127.168895	120.351865	-289.376154	-341.675648	88.326070	-258.751117	-445.001433	106.555483	42.867368	3.045250	194.669916	0.000000	0.000000	0.000000	133.339800	-211.971912	-8.900932	313.335572	-326.544612	-424.445207	388.933113	-94.238367	-739.637645	400.453364	-204.087979	-793.596455	409.178706	-264.466156	-789.995176	-81.077292	-241.082144	21.058444	-195.534372	-322.353137	-427.579438	-222.314360	-58.560235	-727.635860	-185.479101	-172.182041	-753.899729	-165.000711	-229.754227	-757.942737	
-51.269637	-113.836516	645.300096	31.527226	-120.898149	407.303673	189.050150	-162.965357	410.036590	288.967732	-132.778531	141.133370	300.291904	-264.998562	-44.056689	239.665659	-302.182993	-126.730432	-121.635337	-147.675346	375.393049	-228.827365	-105.790636	117.417527	-311.829088	-291.337575	14.419230	-280.587541	-391.971674	-14.618093	43.239720	-0.329955	194.611096	0.000000	0.000000	0.000000	124.005120	-217.396628	-12.339220	291.467082	-322.172169	-435.636991	370.033249	-72.768560	-736.722777	384.221523	-181.655047	-791.982458	395.477930	-241.678360	-789.719657	-89.873430	-237.884290	21.712121	-203.466374	-327.238647	-425.606321	-241.147668	-74.928187	-734.244088	-197.590515	-186.319153	-759.766021	-173.872776	-242.671482	-763.251818	
-61.979263	-121.767786	642.452649	24.755601	-126.657395	405.808106	182.241102	-168.587922	411.352332	292.248108	-112.034009	150.768711	326.756942	-184.911297	-62.312899	285.932035	-181.030436	-163.364555	-128.103497	-150.571540	370.363971	-246.723210	-94.923552	120.107113	-335.474926	-232.271862	-38.588119	-306.280847	-291.193298	-125.894433	41.530344	-3.489417	194.952085	0.000000	0.000000	0.000000	114.551421	-222.401458	-14.366043	271.548247	-314.782321	-444.505786	347.588375	-49.564125	-732.437481	365.848516	-157.170655	-788.993724	381.294709	-216.290587	-788.058943	-98.697714	-234.208930	23.292135	-213.353878	-332.199060	-421.941787	-262.013885	-93.803077	-739.962664	-211.447271	-202.376933	-764.686684	-184.350786	-257.235488	-767.253089	
-73.725245	-130.083153	639.939323	16.746193	-132.079536	404.655626	174.239548	-173.570756	412.712446	291.376479	-91.013639	162.378725	340.210754	-105.646904	-59.672649	323.177485	-51.894274	-153.019816	-136.165690	-153.974234	368.150075	-268.759946	-91.872348	126.576176	-361.887824	-178.107214	-62.675900	-352.438434	-157.314775	-169.562784	37.701590	-6.415648	195.654518	0.000000	0.000000	0.000000	105.086163	-226.996549	-14.842011	254.755211	-304.811403	-450.440967	322.380191	-26.495159	-727.919585	345.708608	-132.550242	-785.533045	366.184822	-190.129255	-785.616588	-107.652569	-230.020406	25.280869	-224.862334	-336.908950	-417.232472	-283.470530	-114.250623	-744.839048	-226.316318	-219.682135	-768.800144	-195.977413	-272.860726	-770.162265	
-85.591981	-138.304583	638.023601	7.801028	-137.261771	403.878042	165.379810	-177.907867	414.242066	288.261356	-71.110985	176.128098	343.961822	-39.340323	-42.489866	349.981356	50.523082	-103.983807	-145.578002	-157.685792	368.497123	-290.674694	-90.601436	135.596996	-391.477548	-139.933087	-62.722884	-403.616619	-71.301138	-146.917426	31.858857	-9.365562	196.572024	0.000000	0.000000	0.000000	95.724121	-231.146484	-14.107293	241.376560	-293.200484	-453.580949	296.056647	-5.863722	-724.643906	324.422627	-110.308702	-782.934762	349.654475	-165.964690	-783.559223	-116.800601	-225.361019	26.601050	-237.481377	-340.268041	-412.959951	-304.019961	-134.104207	-749.719227	-241.572279	-236.615185	-773.135641	-208.516908	-288.166873	-773.316762	
-96.011067	-145.809325	637.036130	-1.184564	-141.986042	403.496409	156.568560	-181.275611	416.179951	285.324287	-53.390262	191.967976	345.881365	9.476142	-18.475335	367.826872	112.581564	-46.418811	-155.308493	-161.048190	370.685955	-310.611009	-88.053794	146.300624	-422.889195	-120.921427	-49.247144	-449.301142	-36.492484	-113.438926	24.701816	-12.456866	197.428234	0.000000	0.000000	0.000000	87.396175	-234.489266	-12.942670	232.057831	-280.282896	-454.732636	270.968346	11.234967	-724.047992	303.683944	-91.770256	-782.621195	332.742762	-145.526436	-783.316377	-125.209597	-220.855999	26.129864	-249.387864	-341.520628	-410.906922	-322.164559	-151.605130	-755.832096	-256.064687	-251.837351	-779.088288	-221.012507	-302.049577	-778.501774	
-103.436397	-152.066646	637.224267	-9.186106	-145.713186	403.506487	148.762842	-183.275888	418.730283	284.541266	-38.773373	209.238154	353.077291	41.312741	7.261028	383.539577	145.848208	1.132697	-164.144106	-163.372778	374.006761	-328.760816	-86.348401	157.755948	-453.634861	-119.496927	-29.949273	-491.705465	-31.647959	-82.671282	17.466084	-15.469374	197.987109	0.000000	0.000000	0.000000	81.288635	-236.721699	-12.075397	227.109027	-266.093879	-454.880223	249.247648	24.645160	-726.924605	285.381960	-77.256481	-785.418826	317.150550	-129.459967	-785.840482	-131.610546	-217.422541	23.317118	-258.282243	-340.506119	-412.327302	-336.787676	-165.939726	-764.039103	-268.360417	-264.538120	-787.546734	-231.909342	-313.742130	-786.804037	
-107.750109	-156.364394	638.634825	-16.205400	-147.944040	403.909138	141.820654	-183.923588	421.904387	286.813996	-29.072681	226.451484	368.892392	56.528794	31.923194	404.025174	159.665562	36.577862	-171.904454	-164.410825	377.818400	-345.557488	-87.067740	168.872233	-481.556737	-130.194601	-8.806917	-530.937136	-44.101985	-54.589662	11.038993	-18.077614	198.228660	0.000000	0.000000	0.000000	77.380160	-238.046723	-11.699938	224.919840	-251.601871	-454.701886	232.145850	33.868436	-733.057669	270.451222	-67.464200	-791.157601	303.735540	-118.716314	-791.155355	-135.913436	-215.237342	18.385040	-263.653443	-336.622588	-417.423931	-348.036728	-175.800815	-774.290206	-278.414910	-273.417085	-798.381865	-241.101542	-321.975020	-798.055443	
-109.933939	-158.180366	641.048606	-22.883489	-148.586688	404.664036	135.043654	-183.532756	425.361394	291.987729	-25.968364	241.661286	392.776646	54.894471	54.021931	431.412699	156.579892	61.800223	-179.131861	-164.352108	381.599466	-360.732579	-89.365450	178.636390	-505.593939	-146.233281	12.182679	-565.470746	-64.478028	-28.771793	5.324601	-20.058720	198.273945	0.000000	0.000000	0.000000	75.050525	-238.796156	-11.603225	223.137464	-238.326976	-454.629707	220.057828	38.515709	-741.642071	259.042144	-62.919887	-799.107274	292.697672	-113.927280	-798.687362	-138.685113	-213.916495	11.989905	-266.233536	-329.170461	-425.536402	-356.823684	-179.806141	-785.843832	-287.206423	-277.223806	-810.739160	-249.638713	-325.584305	-811.182229	
-110.669549	-157.713464	644.069872	-29.311163	-148.004405	405.670980	128.436139	-182.434506	428.495248	299.049033	-29.434893	253.320852	420.931770	37.562947	72.872468	462.689153	138.180207	77.937955	-185.932375	-163.639909	385.191629	-373.227883	-92.267640	186.138314	-525.022879	-163.338576	31.759550	-593.734017	-86.918502	-5.458378	-0.279118	-21.407976	198.204141	0.000000	0.000000	0.000000	74.420628	-238.998865	-11.486194	220.506917	-226.981970	-455.013889	212.794031	39.163155	-751.888841	251.106381	-62.964582	-808.574781	284.240983	-114.307654	-807.792371	-139.869758	-213.427241	4.780052	-266.366467	-318.415945	-435.625786	-363.621857	-178.073504	-797.817872	-295.063743	-276.003511	-823.625632	-257.797142	-324.581362	-824.913973	
-110.087393	-155.591028	647.293443	-35.069520	-146.734372	406.791129	122.559343	-180.923448	430.766932	306.457235	-38.221319	260.410313	448.033720	7.185150	87.783308	493.450130	106.311695	85.674059	-191.939204	-162.713664	388.607582	-381.875449	-95.486205	190.616367	-538.976650	-179.867279	48.754995	-614.598962	-108.792075	14.462088	-6.163523	-22.285148	198.011727	0.000000	0.000000	0.000000	75.925438	-238.541086	-11.148902	216.908222	-217.227874	-455.976990	209.939498	36.935523	-763.190038	246.536410	-66.278477	-819.035742	278.533444	-118.332551	-817.945626	-139.036385	-214.005795	-2.826407	-264.147647	-305.244782	-446.677695	-368.429010	-171.734296	-809.497302	-301.748085	-270.701935	-836.248052	-265.202343	-319.798559	-838.296760	
-108.300038	-152.312478	650.450955	-40.059353	-145.067676	407.885075	117.593400	-179.134758	431.877446	312.684976	-51.305390	262.164042	469.262508	-33.298519	97.649725	520.514946	62.309387	86.447626	-197.078311	-161.748320	391.733295	-386.243624	-98.902496	191.576566	-546.956183	-195.084296	61.783897	-627.790748	-128.926928	29.606296	-12.371949	-22.787852	197.663627	0.000000	0.000000	0.000000	79.203192	-237.500496	-10.544610	212.639538	-208.365333	-457.252914	210.955894	32.680012	-774.934768	244.988314	-71.864506	-829.920627	275.347341	-124.884737	-828.575382	-136.368918	-215.474836	-10.568759	-260.129065	-290.279570	-457.859519	-371.311252	-161.608939	-820.378635	-307.296297	-262.069332	-848.061426	-271.827089	-311.919624	-850.735505	
-105.677196	-148.131862	653.372491	-44.745922	-142.913578	408.816498	113.090263	-176.992367	431.553371	316.202198	-68.224352	258.005768	481.040915	-81.349754	101.284191	540.889834	7.745653	81.963567	-201.802015	-160.690161	394.275053	-386.769149	-102.616977	188.823125	-548.990367	-208.782246	69.078339	-633.735259	-147.045122	38.203543	-18.823189	-22.742019	197.159197	0.000000	0.000000	0.000000	83.000325	-236.236410	-9.701780	208.089686	-199.934733	-458.296548	215.073489	26.668209	-786.366337	245.759513	-79.365680	-840.462445	273.953093	-133.562706	-838.903800	-132.879719	-217.153942	-18.020302	-255.191143	-273.734970	-468.375551	-372.510192	-147.885562	-829.949729	-312.082698	-250.299832	-858.522042	-278.075322	-301.131061	-861.676654	
-102.629894	-143.325668	655.872739	-49.655330	-140.075637	409.436911	108.489437	-174.433273	429.446320	315.421840	-88.794172	247.653485	480.667166	-134.622934	97.655358	550.891555	-54.934454	72.927792	-206.601396	-159.538055	395.900911	-384.126461	-107.444464	182.436771	-544.889228	-222.159181	68.764134	-632.520587	-164.436737	38.181679	-25.398296	-21.779207	196.529524	0.000000	0.000000	0.000000	86.042117	-235.187568	-8.624502	203.837162	-191.888620	-458.571115	221.403812	18.825670	-796.681088	247.990552	-88.786678	-849.821792	273.445989	-144.316728	-848.072706	-129.752710	-218.408094	-24.489266	-250.023447	-256.085958	-477.365270	-372.245556	-130.876217	-837.534670	-316.349272	-235.604948	-866.929232	-284.242793	-287.636172	-870.421044	
-99.246814	-138.380973	657.746969	-54.756241	-136.545353	409.624613	103.710743	-171.620252	425.390306	309.124811	-113.127860	231.515577	466.302126	-190.725795	85.983507	547.108587	-122.755035	58.716995	-211.402466	-158.508031	396.445924	-378.535625	-115.164541	172.875624	-533.428572	-238.068457	59.613079	-622.939037	-184.248921	27.398851	-31.786542	-19.603602	195.827923	0.000000	0.000000	0.000000	87.844013	-234.566050	-7.281324	200.711859	-184.573376	-457.796593	229.197345	9.028991	-805.264799	251.043142	-100.160023	-857.339045	273.223641	-157.071636	-855.410636	-127.600171	-219.084815	-29.285241	-244.804469	-238.424964	-484.115383	-370.451316	-111.571540	-842.526876	-319.836857	-218.749363	-872.653817	-290.088477	-272.151213	-876.333945	
-95.137055	-134.008663	658.878939	-59.152732	-132.674789	409.377769	99.466445	-169.070499	419.668516	296.878044	-141.339435	211.189840	437.318265	-247.295121	66.429112	527.671544	-192.994391	38.484760	-215.260525	-158.131894	396.097346	-369.599584	-128.396004	161.382494	-512.144165	-260.082285	41.944779	-602.454984	-210.952512	4.841630	-37.331312	-16.301703	195.150938	0.000000	0.000000	0.000000	88.949748	-234.193051	-5.690108	199.633578	-178.573024	-456.087631	238.008614	-2.664488	-811.912021	254.740961	-113.307490	-862.797788	273.288805	-171.498878	-860.708555	-126.128443	-219.540664	-32.110715	-239.284230	-222.410737	-488.365991	-366.807402	-91.736298	-844.736236	-321.881415	-201.249083	-875.479489	-294.847316	-256.071229	-879.215356	
-89.653866	-131.011334	659.351380	-61.307570	-129.260000	408.870033	97.130790	-167.615041	412.964866	279.546535	-172.873733	189.580551	394.461368	-301.871575	41.054899	492.539485	-263.729374	12.436258	-216.593841	-159.268357	395.462972	-356.793961	-149.787643	150.412218	-478.045411	-290.628655	18.550559	-568.350337	-248.779676	-26.616969	-41.171660	-12.562940	194.654381	0.000000	0.000000	0.000000	90.612249	-233.590142	-3.985735	201.343496	-174.479118	-453.926735	247.699682	-15.884063	-816.867730	259.371449	-127.738608	-866.501763	274.257328	-186.968209	-864.290419	-124.327066	-220.409004	-33.169823	-233.106153	-209.776656	-490.373727	-360.984373	-73.502094	-844.512293	-321.708728	-185.028056	-875.752097	-297.512687	-241.162021	-879.466465	
-82.307895	-129.954070	659.465918	-59.617184	-127.366873	408.416277	98.247597	-168.162941	406.184109	259.874165	-206.367987	170.343195	339.928863	-351.544154	14.071454	442.858459	-333.862603	-17.329697	-213.779466	-162.859792	395.442444	-340.103329	-180.310086	143.383724	-429.363469	-328.956353	-4.476063	-519.820146	-299.629709	-58.364465	-42.518153	-9.577728	194.534662	0.000000	0.000000	0.000000	94.162968	-232.202530	-2.478030	206.197103	-172.577435	-452.028502	258.335273	-29.861533	-820.730598	265.473234	-142.618760	-869.166782	277.055481	-202.578896	-866.873593	-121.031946	-222.254898	-33.039575	-226.154124	-201.539294	-490.752955	-352.888847	-58.590126	-842.664257	-318.765374	-171.693499	-874.283201	-297.248410	-228.910300	-877.960820	
-72.967316	-130.819007	659.570589	-52.983025	-127.848600	408.295264	103.976079	-171.320727	400.257585	242.232952	-240.318824	156.684168	277.598478	-393.036634	-8.640609	379.644864	-401.985160	-46.052241	-205.749330	-169.395727	396.877324	-320.219762	-217.577189	143.163121	-368.016779	-370.930792	-18.465216	-459.144657	-362.513272	-78.225382	-40.815550	-8.485332	194.949611	0.000000	0.000000	0.000000	100.385521	-229.587783	-1.736986	214.061977	-172.568741	-451.213257	270.024075	-43.513433	-824.362589	273.500032	-156.878751	-871.769645	282.454094	-217.284325	-869.399742	-115.435865	-225.296054	-32.462815	-218.740000	-197.380412	-490.207635	-342.742582	-47.669462	-840.275785	-312.938157	-161.919812	-872.136352	-293.709385	-219.946093	-875.806765	
-61.747545	-132.926137	659.767853	-41.237045	-130.787749	408.526472	114.658612	-176.875142	395.755919	231.234135	-273.185418	150.117591	213.107485	-423.156316	-20.428255	303.736464	-462.215914	-66.838462	-192.451719	-178.257524	399.876629	-298.845463	-256.047491	150.026829	-300.055555	-411.691976	-16.403131	-388.386382	-433.609138	-76.931847	-35.816652	-9.704537	195.873046	0.000000	0.000000	0.000000	109.262360	-225.492589	-2.376738	224.207148	-173.394720	-452.127706	282.691709	-55.545394	-828.582944	283.513792	-169.292727	-875.188470	290.682836	-229.930285	-872.675224	-107.303433	-229.348203	-31.983749	-211.413670	-195.722013	-489.161707	-331.082634	-40.413275	-838.298147	-304.569058	-155.458848	-870.205639	-287.094926	-214.034459	-873.923116	
-49.103106	-135.261726	659.826991	-25.376511	-135.320696	408.859802	129.545112	-183.625797	392.844235	230.044293	-302.722213	150.110495	153.602585	-439.465474	-15.309205	221.323744	-502.573850	-72.966369	-175.147449	-187.620388	403.617162	-279.511676	-289.219865	161.581040	-232.330847	-446.884882	3.969766	-307.351747	-501.461945	-53.819775	-27.724360	-12.742515	197.008246	0.000000	0.000000	0.000000	119.839187	-220.017663	-4.649462	235.062503	-173.546950	-454.945461	295.795778	-64.768172	-833.767450	294.919384	-178.762336	-879.764940	301.135450	-239.491893	-876.953087	-97.222970	-233.831595	-31.750034	-204.686422	-194.579903	-487.702069	-318.835858	-35.963785	-837.199640	-294.497928	-151.548211	-868.892661	-278.185157	-210.450782	-872.719874	
-36.084824	-137.042968	659.502772	-7.487012	-140.052130	409.061972	146.788858	-189.945654	391.736191	239.559770	-325.897551	154.851515	107.395261	-441.731680	9.866245	146.316112	-515.643609	-60.243421	-156.258065	-195.347348	407.141120	-266.656832	-312.463750	174.995281	-171.543488	-471.494266	42.374210	-222.140602	-549.808919	-14.662354	-17.326763	-16.653662	197.903259	0.000000	0.000000	0.000000	130.248297	-213.907379	-8.356697	244.243038	-171.814782	-459.395318	308.212179	-70.572113	-839.770559	306.428058	-184.748648	-885.286956	312.327301	-245.482313	-881.933478	-86.793697	-237.911213	-31.665349	-198.939170	-192.637731	-485.928546	-307.272893	-33.366297	-836.975742	-284.066591	-149.312254	-868.193435	-268.355783	-208.367405	-872.184257	
-24.268845	-137.998071	658.857617	9.654943	-143.757007	409.130775	163.760240	-194.464583	392.672050	257.970234	-340.405236	162.390673	81.256208	-433.529483	52.819877	89.744308	-505.670554	-28.523771	-138.750932	-200.051166	409.991530	-262.621580	-324.163615	188.523716	-126.121295	-481.273508	95.734948	-145.520188	-570.282169	35.339886	-5.947549	-20.553433	198.205560	0.000000	0.000000	0.000000	138.140552	-208.652563	-13.119293	249.250539	-168.104276	-465.018433	318.529049	-73.332571	-846.130314	316.372092	-187.646878	-891.283312	322.202990	-248.337765	-887.130978	-78.451050	-240.797140	-31.618910	-194.716223	-189.476966	-484.200390	-297.782281	-31.715295	-837.508134	-274.983553	-147.908694	-868.099865	-259.489288	-207.008416	-872.273294	
-15.259248	-138.204812	658.255267	23.506723	-145.733931	409.281380	177.915600	-196.333958	395.565457	280.393080	-345.529085	170.970510	75.887244	-421.344763	105.129204	53.826032	-482.172678	17.342879	-125.132296	-201.338406	412.224368	-266.021375	-324.665423	200.714217	-102.755904	-477.022371	155.356218	-87.209042	-564.519529	91.724743	4.758648	-23.802017	197.873900	0.000000	0.000000	0.000000	141.557902	-205.922637	-18.656037	248.685310	-163.438108	-471.338275	325.686643	-74.201630	-852.304283	323.394152	-188.590961	-897.260172	329.065291	-249.224714	-892.160047	-74.665727	-242.014956	-31.486117	-192.863132	-185.024013	-482.886995	-291.505288	-30.242391	-838.766320	-268.823544	-146.624397	-868.721436	-253.409612	-205.733907	-873.050812	
-9.920946	-137.799093	658.116144	32.880299	-145.727855	409.816582	187.913860	-195.270358	399.780356	301.306074	-341.761458	178.677951	85.426251	-411.161957	156.650603	34.490401	-454.916740	70.719064	-116.442797	-199.386371	413.994340	-272.664181	-315.632440	209.354264	-100.455169	-464.860866	210.085548	-50.296721	-541.121195	149.961388	13.341266	-26.047989	197.197297	0.000000	0.000000	0.000000	139.838689	-206.467091	-24.643491	242.910172	-158.804082	-477.751571	329.419935	-74.022795	-857.693208	327.070430	-188.414151	-902.641001	332.436126	-248.993406	-896.641986	-76.553051	-241.477558	-31.077401	-193.969842	-179.289790	-481.995715	-288.905811	-28.562426	-840.612701	-266.251830	-145.102429	-869.968566	-250.913420	-204.223915	-874.401394	
-7.947681	-136.779385	658.666233	38.247511	-143.703224	410.945525	194.034971	-191.429947	404.386730	317.463147	-330.308492	183.746877	103.148258	-405.795694	200.376431	27.468474	-432.687845	126.602767	-112.053018	-194.542142	415.331012	-277.621219	-299.634157	212.011882	-112.753203	-451.690597	252.298086	-34.374894	-512.280123	206.122634	19.258912	-27.121399	196.562420	0.000000	0.000000	0.000000	133.892191	-209.609892	-30.453153	233.780026	-154.331406	-483.409150	330.243642	-72.685668	-861.636856	327.987841	-187.031934	-906.704022	333.087791	-247.559504	-899.993668	-83.087506	-239.411363	-30.269635	-197.875697	-172.570410	-481.199014	-289.574675	-26.859419	-842.719863	-266.752671	-143.517252	-871.471349	-251.441931	-202.642019	-875.955787	
-8.226690	-135.065305	659.776872	40.988579	-139.886038	412.588478	197.524175	-185.393096	408.550494	328.351526	-312.604854	185.156038	125.669431	-405.100998	232.802265	31.523849	-421.775523	180.345227	-110.422577	-187.391766	416.044556	-277.488581	-279.349062	207.649173	-134.453292	-441.710702	279.099896	-38.792723	-489.006684	255.465853	23.029493	-26.936138	196.181925	0.000000	0.000000	0.000000	125.663173	-213.903542	-35.282600	223.766807	-149.685841	-487.448709	329.086871	-69.725450	-863.668689	327.206027	-184.032501	-908.852392	332.291992	-244.504765	-901.650779	-91.895270	-236.322459	-29.060968	-203.773921	-165.498887	-480.113666	-292.468349	-25.632937	-844.679893	-269.101552	-142.341252	-872.781561	-253.665870	-201.432031	-877.285626	
-9.615105	-132.736288	661.039742	42.359340	-134.949311	414.379563	199.560529	-178.206054	411.690513	334.787274	-290.789711	183.124642	151.533411	-406.900018	252.710198	46.973203	-423.415827	226.488789	-110.121409	-179.012471	415.841041	-271.866172	-257.379521	197.911999	-163.649577	-435.313835	290.400650	-62.604247	-476.947647	292.100394	25.612360	-25.585413	196.042482	0.000000	0.000000	0.000000	117.184325	-218.098653	-38.621646	214.901028	-144.904124	-489.505702	326.833490	-65.301910	-863.887947	325.594075	-179.610372	-909.090225	330.975005	-240.024154	-901.617234	-100.695806	-232.894196	-27.536035	-210.544267	-158.920418	-478.582088	-296.390148	-25.187931	-846.119605	-272.090024	-141.865777	-873.548171	-256.343089	-200.873390	-878.065094	
-11.346122	-130.164407	662.045111	43.027085	-129.951505	415.892732	200.766387	-171.225002	413.568522	337.841702	-268.590094	179.188260	177.616801	-408.212053	261.282238	71.476540	-433.210351	259.700668	-110.310272	-170.945717	414.794418	-263.441740	-236.856194	186.754087	-197.194654	-429.762640	288.361314	-100.244023	-474.633396	311.461371	27.610582	-23.476237	196.035158	0.000000	0.000000	0.000000	109.976741	-221.485440	-40.498594	208.206572	-140.614819	-489.957456	324.174435	-60.407304	-862.979791	323.686687	-174.738228	-908.139603	329.552817	-235.100012	-900.611751	-107.956694	-229.805177	-25.932958	-216.929046	-153.744837	-476.844477	-300.328075	-25.453470	-846.876430	-274.920649	-142.037985	-873.691638	-258.750283	-200.929168	-878.231991	
-12.882916	-127.986903	662.610743	43.271235	-126.069584	416.865916	201.383481	-165.882141	414.402471	338.807444	-251.120494	175.545218	198.130806	-407.763469	262.601483	96.409859	-444.087054	277.655301	-110.604951	-164.870674	413.599175	-256.372907	-221.666352	178.393342	-226.015920	-423.675992	279.369382	-137.354751	-476.492115	315.370443	29.035387	-21.391077	196.067920	0.000000	0.000000	0.000000	105.043398	-223.719815	-41.305557	203.971017	-137.628925	-489.640377	321.836792	-56.427396	-861.851908	321.990990	-170.765856	-906.995005	328.321757	-231.092998	-899.566523	-112.797947	-227.614193	-24.616809	-221.644539	-150.607626	-475.398081	-303.425033	-26.061031	-847.067041	-277.082644	-142.538168	-873.443111	-260.520525	-201.317926	-878.015119	
-13.728778	-126.852323	662.808382	43.309080	-124.171343	417.274311	201.598345	-163.264535	414.662537	339.002885	-242.600354	173.769345	208.112193	-406.969454	261.838390	110.423663	-450.344791	283.487932	-110.791941	-161.970828	413.013904	-253.270380	-214.653478	174.853741	-240.645624	-419.994946	272.838939	-157.770756	-478.568677	313.425842	29.696884	-20.221805	196.092924	0.000000	0.000000	0.000000	102.847761	-224.699337	-41.513446	202.153850	-136.335299	-489.322024	320.583867	-54.453923	-861.205372	321.074480	-168.785076	-906.364571	327.657942	-229.098610	-899.046056	-114.915047	-226.625842	-23.934179	-223.843276	-149.455839	-474.667779	-304.986371	-26.517257	-847.011199	-278.167522	-142.929672	-873.192127	-261.393233	-201.647625	-877.784748	
